0
Node Left Objective IInf Best_Integer Best_Bound ItCnt Gap
0+ 0 nan nan 136.4723 0.0000 nan 100.00%
0+ 0 nan nan 106.7571 0.0000 nan 100.00%
0 0 41.7256 16 106.7571 41.7256 150 60.92%
0+ 0 nan nan 56.9575 41.7256 nan 26.74%
0 0 43.8208 20 56.9575 Cuts:15 174 23.06%
0 0 44.4790 27 56.9575 Cuts:27 206 21.91%
0 0 44.7051 32 56.9575 Cuts:24 238 21.51%
0 0 44.7703 32 56.9575 Cuts:22 256 21.40%
0 0 44.8878 32 56.9575 Cuts:14 274 21.19%
0 0 45.0903 32 56.9575 Cuts:16 288 20.84%
0 0 45.3845 29 56.9575 Cuts:18 312 20.32%
0 0 45.5051 34 56.9575 LiftProj:20 326 20.11%
0 0 45.7641 33 56.9575 LiftProj:13 345 19.65%
0 0 46.1088 34 56.9575 LiftProj:15 366 19.05%
0 0 46.2488 31 56.9575 LiftProj:17 389 18.80%
0 0 46.4195 33 56.9575 Cuts:16 413 18.50%
0 0 46.6806 34 56.9575 LiftProj:15 439 18.04%
0 0 46.7755 32 56.9575 LiftProj:18 457 17.88%
0 0 46.8831 36 56.9575 LiftProj:16 473 17.69%
0 0 47.0082 36 56.9575 LiftProj:14 497 17.47%
0 0 47.1627 35 56.9575 LiftProj:15 522 17.20%
0 0 47.3088 34 56.9575 LiftProj:11 549 16.94%
0 0 47.3965 36 56.9575 LiftProj:8 563 16.79%
0 0 47.5118 35 56.9575 LiftProj:19 582 16.58%
0 0 47.6174 36 56.9575 LiftProj:15 598 16.40%
0 0 47.8272 37 56.9575 LiftProj:10 622 16.03%
0 0 48.1206 34 56.9575 LiftProj:8 644 15.51%
0 0 48.1649 38 56.9575 LiftProj:14 664 15.44%
0 0 48.2487 38 56.9575 LiftProj:11 683 15.29%
0 0 48.3014 36 56.9575 LiftProj:7 698 15.20%
0 0 48.3677 37 56.9575 LiftProj:11 717 15.08%
0 0 48.4266 37 56.9575 LiftProj:11 728 14.98%
0 0 48.5955 37 56.9575 LiftProj:12 749 14.68%
0 0 48.6525 37 56.9575 LiftProj:9 763 14.58%
0 0 48.6957 37 56.9575 LiftProj:10 778 14.51%
0 0 48.7113 38 56.9575 LiftProj:12 785 14.48%
0 0 48.7729 38 56.9575 LiftProj:10 797 14.37%
0 0 48.8509 38 56.9575 LiftProj:14 811 14.23%
0 0 48.9505 37 56.9575 LiftProj:12 834 14.06%
0 0 49.0049 37 56.9575 LiftProj:11 853 13.96%
0 0 49.0314 38 56.9575 LiftProj:12 865 13.92%
0 0 49.1114 37 56.9575 LiftProj:9 889 13.78%
0 0 49.1437 37 56.9575 LiftProj:9 906 13.72%
0 0 49.1777 38 56.9575 LiftProj:10 918 13.66%
0 0 49.2695 38 56.9575 LiftProj:9 942 13.50%
0 0 49.3340 37 56.9575 LiftProj:11 961 13.38%
0 0 49.3737 38 56.9575 LiftProj:4 986 13.31%
0 0 49.3850 38 56.9575 LiftProj:6 994 13.30%
0+ 0 nan nan 54.5474 49.3850 nan 9.46%
0 2 49.6395 28 54.5474 49.6412 994 8.99%
CPXPARAM_MIP_Cuts_Gomory-LiftProj:Gomory 45
CPXPARAM_MIP_Cuts_Gomory-LiftProj:LiftProj 1
1
Node Left Objective IInf Best_Integer Best_Bound ItCnt Gap
0+ 0 nan nan 136.4723 0.0000 nan 100.00%
0+ 0 nan nan 109.7136 0.0000 nan 100.00%
0 0 0.0000 30 109.7136 0.0000 92 100.00%
0+ 0 nan nan 35.6502 0.0000 nan 100.00%
0+ 0 nan nan 27.8468 0.0000 nan 100.00%
0+ 0 nan nan 26.9487 0.0000 nan 100.00%
0+ 0 nan nan 21.1994 0.0000 nan 100.00%
0 2 0.0000 28 21.1994 0.0000 92 100.00%
CPXPARAM_MIP_Cuts_Gomory-LiftProj:Gomory 0
CPXPARAM_MIP_Cuts_Gomory-LiftProj:LiftProj 0
2
Node Left Objective IInf Best_Integer Best_Bound ItCnt Gap
0+ 0 nan nan 136.4723 0.0000 nan 100.00%
0+ 0 nan nan 74.9311 0.0000 nan 100.00%
0 0 29.9311 18 74.9311 29.9311 133 60.06%
0+ 0 nan nan 66.3953 29.9311 nan 54.92%
0 0 29.9311 14 66.3953 Cuts:10 149 54.92%
0+ 0 nan nan 56.1695 29.9311 nan 46.71%
0 0 31.1324 26 56.1695 Cuts:24 184 44.57%
0 0 31.9260 27 56.1695 Cuts:16 201 43.16%
0 0 32.7778 26 56.1695 Cuts:16 219 41.64%
0 0 33.0120 29 56.1695 Cuts:17 236 41.23%
0 0 33.2476 30 56.1695 Cuts:12 255 40.81%
0 0 33.4833 27 56.1695 Cuts:16 277 40.39%
0 0 33.6929 30 56.1695 Cuts:10 293 40.02%
0 0 33.8311 28 56.1695 LiftProj:17 308 39.77%
0 0 34.2460 28 56.1695 LiftProj:11 333 39.03%
0 0 34.5792 27 56.1695 LiftProj:15 355 38.44%
0 0 34.9300 35 56.1695 Cuts:17 372 37.81%
0+ 0 nan nan 56.1693 34.9300 nan 37.81%
0 0 35.5000 35 56.1693 LiftProj:11 399 36.80%
0 0 36.0812 31 56.1693 LiftProj:13 413 35.76%
0 0 36.2713 31 56.1693 LiftProj:13 431 35.43%
0 0 36.3971 34 56.1693 LiftProj:12 440 35.20%
0 0 36.6342 31 56.1693 LiftProj:13 455 34.78%
0 0 36.8670 33 56.1693 LiftProj:12 473 34.36%
0 0 36.9274 32 56.1693 LiftProj:10 489 34.26%
0+ 0 nan nan 49.9569 36.9274 nan 26.08%
0 0 36.9442 32 49.9569 LiftProj:5 497 26.05%
0 0 36.9872 37 49.9569 Cuts:7 509 25.96%
0 0 37.1998 34 49.9569 LiftProj:10 523 25.54%
0 0 37.4848 31 49.9569 LiftProj:8 551 24.97%
0 0 37.5261 32 49.9569 LiftProj:6 557 24.88%
0 0 37.7404 35 49.9569 LiftProj:8 571 24.45%
0 0 37.8666 34 49.9569 LiftProj:10 585 24.20%
0 0 37.8995 32 49.9569 LiftProj:5 593 24.14%
0 0 38.0268 30 49.9569 Cuts:7 607 23.88%
0 0 38.1741 34 49.9569 LiftProj:10 619 23.59%
0+ 0 nan nan 49.9569 38.1741 nan 23.59%
0 0 38.2282 31 49.9569 LiftProj:3 627 23.48%
0+ 0 nan nan 41.1691 38.2282 nan 7.14%
0 0 38.2958 32 41.1691 LiftProj:2 635 6.98%
0 0 38.3239 30 41.1691 LiftProj:7 645 6.91%
0 0 38.3459 31 41.1691 LiftProj:6 659 6.86%
0 0 38.3852 32 41.1691 Cuts:7 673 6.76%
0 0 38.4473 33 41.1691 LiftProj:6 687 6.61%
0 0 38.4774 32 41.1691 LiftProj:4 695 6.54%
0 0 38.4923 31 41.1691 LiftProj:4 706 6.50%
0 0 38.6073 31 41.1691 Cuts:9 729 6.22%
0 0 38.6371 32 41.1691 LiftProj:11 742 6.15%
0 0 38.6483 32 41.1691 LiftProj:4 748 6.12%
0 0 38.6763 33 41.1691 LiftProj:6 761 6.06%
0 0 38.8232 32 41.1691 LiftProj:7 785 5.70%
0 0 38.8840 31 41.1691 Cuts:12 803 5.55%
0 0 38.8986 34 41.1691 LiftProj:6 812 5.52%
0+ 0 nan nan 40.6803 38.8986 nan 4.38%
0+ 0 nan nan 40.6803 38.8986 nan 4.38%
0+ 0 nan nan 40.6803 38.8986 nan 4.38%
0 0 39.9599 9 40.6803 39.9599 901 1.77%
0 0 40.0606 3 40.6803 LiftProj:1 922 1.52%
0 0 40.5540 3 40.6803 Cuts:3 940 0.31%
0 0 40.6771 2 40.6803 Fract:1 946 0.01%
CPXPARAM_MIP_Cuts_Gomory-LiftProj:Gomory 6
CPXPARAM_MIP_Cuts_Gomory-LiftProj:LiftProj 1
3
Node Left Objective IInf Best_Integer Best_Bound ItCnt Gap
0+ 0 nan nan 136.4723 0.0000 nan 100.00%
0+ 0 nan nan 84.2825 0.0000 nan 100.00%
0 0 0.0000 24 84.2825 0.0000 88 100.00%
0+ 0 nan nan 19.0770 0.0000 nan 100.00%
0 0 0.0000 27 19.0770 Cuts:35 143 100.00%
0+ 0 nan nan 13.9901 0.0000 nan 100.00%
0 0 0.0000 26 13.9901 LiftProj:1 173 100.00%
0+ 0 nan nan 7.9597 0.0000 nan 100.00%
0+ 0 nan nan 7.5859 0.0000 nan 100.00%
0 2 0.0000 21 7.5859 0.0000 173 100.00%
CPXPARAM_MIP_Cuts_Gomory-LiftProj:Gomory 0
CPXPARAM_MIP_Cuts_Gomory-LiftProj:LiftProj 0
4
Node Left Objective IInf Best_Integer Best_Bound ItCnt Gap
0+ 0 nan nan 115.1924 0.0000 nan 100.00%
0+ 0 nan nan 108.1598 0.0000 nan 100.00%
0+ 0 nan nan 98.2525 0.0000 nan 100.00%
0 0 47.1290 16 98.2525 47.1290 129 52.03%
0+ 0 nan nan 56.1818 47.1290 nan 16.11%
0 0 47.7712 16 56.1818 Cuts:13 147 14.97%
0 0 47.9762 24 56.1818 Cuts:20 177 14.61%
0 0 48.3905 25 56.1818 Cuts:27 201 13.87%
0 0 48.5036 28 56.1818 Cuts:18 225 13.67%
0 0 48.5400 28 56.1818 Cuts:18 237 13.60%
0 0 48.7281 27 56.1818 LiftProj:14 272 13.27%
0 0 48.9328 30 56.1818 LiftProj:13 290 12.90%
0 0 49.1307 34 56.1818 LiftProj:15 311 12.55%
0 0 49.3045 34 56.1818 LiftProj:18 329 12.24%
0 0 49.5693 33 56.1818 Cuts:21 361 11.77%
0 0 49.7566 31 56.1818 LiftProj:12 376 11.44%
0 0 49.9066 33 56.1818 LiftProj:14 390 11.17%
0 0 50.1323 34 56.1818 LiftProj:12 428 10.77%
0 0 50.2811 34 56.1818 LiftProj:11 452 10.50%
0 0 50.3180 34 56.1818 LiftProj:14 467 10.44%
0 0 50.3893 34 56.1818 LiftProj:11 490 10.31%
0 0 50.4260 36 56.1818 LiftProj:9 507 10.24%
0 0 50.5274 34 56.1818 LiftProj:10 535 10.06%
0 0 50.6069 33 56.1818 LiftProj:12 551 9.92%
0 0 50.7649 33 56.1818 LiftProj:12 570 9.64%
0 0 50.8546 36 56.1818 LiftProj:11 592 9.48%
0 0 50.9252 38 56.1818 LiftProj:11 606 9.36%
0 0 51.0236 34 56.1818 LiftProj:11 634 9.18%
0 0 51.0798 33 56.1818 LiftProj:11 651 9.08%
0 0 51.1353 37 56.1818 LiftProj:13 674 8.98%
0 0 51.1946 32 56.1818 LiftProj:11 695 8.88%
0 0 51.2736 35 56.1818 LiftProj:9 719 8.74%
0 0 51.5031 35 56.1818 LiftProj:10 751 8.33%
0 0 51.5257 36 56.1818 LiftProj:5 760 8.29%
0 0 51.5643 35 56.1818 LiftProj:9 771 8.22%
0 0 51.6259 37 56.1818 LiftProj:8 792 8.11%
0 0 51.6783 35 56.1818 LiftProj:9 807 8.02%
0 0 51.8224 37 56.1818 LiftProj:8 833 7.76%
0 0 51.8814 38 56.1818 LiftProj:8 856 7.65%
0 0 51.8898 38 56.1818 LiftProj:3 865 7.64%
0 0 51.9243 37 56.1818 LiftProj:7 890 7.58%
0 0 51.9501 38 56.1818 LiftProj:9 914 7.53%
0 0 51.9740 38 56.1818 LiftProj:6 925 7.49%
0 0 52.0087 38 56.1818 LiftProj:5 940 7.43%
0 0 52.0283 38 56.1818 LiftProj:9 953 7.39%
0+ 0 nan nan 54.9278 52.0283 nan 5.28%
0 2 52.9169 16 54.9278 52.9396 953 3.62%
CPXPARAM_MIP_Cuts_Gomory-LiftProj:Gomory 49
CPXPARAM_MIP_Cuts_Gomory-LiftProj:LiftProj 1
5
Node Left Objective IInf Best_Integer Best_Bound ItCnt Gap
0+ 0 nan nan 115.1924 0.0000 nan 100.00%
0+ 0 nan nan 108.1598 0.0000 nan 100.00%
0 0 0.0000 29 108.1598 0.0000 91 100.00%
0+ 0 nan nan 50.1713 0.0000 nan 100.00%
0+ 0 nan nan 21.7861 0.0000 nan 100.00%
0+ 0 nan nan 17.6016 0.0000 nan 100.00%
0 2 0.0000 23 17.6016 0.0000 91 100.00%
CPXPARAM_MIP_Cuts_Gomory-LiftProj:Gomory 0
CPXPARAM_MIP_Cuts_Gomory-LiftProj:LiftProj 0
6
Node Left Objective IInf Best_Integer Best_Bound ItCnt Gap
0+ 0 nan nan 115.1924 0.0000 nan 100.00%
0+ 0 nan nan 83.4808 0.0000 nan 100.00%
0 0 43.9374 9 83.4808 43.9374 117 47.37%
0+ 0 nan nan 50.7613 43.9374 nan 13.44%
0 0 43.9374 13 50.7613 Cuts:12 135 13.44%
0 0 44.0821 27 50.7613 Cuts:13 165 13.16%
0 0 44.4030 25 50.7613 Cuts:5 178 12.53%
0 0 44.8070 24 50.7613 Cuts:7 188 11.73%
0 0 44.9975 23 50.7613 Cuts:14 214 11.35%
0 0 45.1443 22 50.7613 Cuts:10 237 11.07%
0 0 45.1857 25 50.7613 Cuts:8 255 10.98%
0 0 45.4805 27 50.7613 Cuts:14 290 10.40%
0 0 45.6162 25 50.7613 LiftProj:14 306 10.14%
0 0 45.6768 25 50.7613 Cuts:15 326 10.02%
0 0 45.6955 26 50.7613 LiftProj:10 332 9.98%
0 0 46.0904 25 50.7613 LiftProj:10 375 9.20%
0 0 46.1533 27 50.7613 LiftProj:11 384 9.08%
0 0 46.2937 21 50.7613 LiftProj:14 402 8.80%
0+ 0 nan nan 50.6639 46.2937 nan 8.63%
0 0 46.5542 20 50.6639 LiftProj:9 429 8.11%
0+ 0 nan nan 50.5600 46.5542 nan 7.92%
0 0 46.7774 26 50.5600 LiftProj:6 442 7.48%
0 0 46.8937 25 50.5600 LiftProj:13 457 7.25%
0 0 46.9614 27 50.5600 LiftProj:9 482 7.12%
0 0 47.1680 22 50.5600 LiftProj:11 502 6.71%
0 0 47.4164 21 50.5600 Cuts:11 523 6.22%
0 0 47.4570 22 50.5600 LiftProj:5 527 6.14%
0 0 47.5400 21 50.5600 LiftProj:4 536 5.97%
0 0 47.6001 23 50.5600 Cuts:6 547 5.85%
0 0 47.6518 20 50.5600 LiftProj:4 556 5.75%
0 0 47.7584 24 50.5600 LiftProj:4 575 5.54%
0 0 47.7850 26 50.5600 Cuts:6 586 5.49%
0 0 47.8208 27 50.5600 LiftProj:3 597 5.42%
0 0 47.8226 24 50.5600 LiftProj:4 602 5.41%
0 2 48.4966 12 50.5600 48.5079 602 4.06%
CPXPARAM_MIP_Cuts_Gomory-LiftProj:Gomory 29
CPXPARAM_MIP_Cuts_Gomory-LiftProj:LiftProj 2
7
Node Left Objective IInf Best_Integer Best_Bound ItCnt Gap
0+ 0 nan nan 115.1924 0.0000 nan 100.00%
0+ 0 nan nan 87.9605 0.0000 nan 100.00%
0 0 0.0000 25 87.9605 0.0000 90 100.00%
0+ 0 nan nan 28.3687 0.0000 nan 100.00%
0 0 0.0000 22 28.3687 Cuts:5 111 100.00%
0+ 0 nan nan 9.7366 0.0000 nan 100.00%
0 0 0.0000 26 9.7366 Cuts:25 158 100.00%
0 0 0.0000 18 9.7366 Cuts:11 189 100.00%
0 0 0.0000 20 9.7366 Cuts:11 234 100.00%
0 2 0.0000 18 9.7366 0.0000 234 100.00%
CPXPARAM_MIP_Cuts_Gomory-LiftProj:Gomory 1
CPXPARAM_MIP_Cuts_Gomory-LiftProj:LiftProj 0
8
Node Left Objective IInf Best_Integer Best_Bound ItCnt Gap
0+ 0 nan nan 131.6037 0.0000 nan 100.00%
0+ 0 nan nan 114.7061 0.0000 nan 100.00%
0+ 0 nan nan 109.8445 0.0000 nan 100.00%
0 0 58.1018 15 109.8445 58.1018 140 47.11%
0+ 0 nan nan 81.1413 58.1018 nan 28.39%
0 0 58.8417 22 81.1413 Cuts:22 166 27.48%
0 0 58.8765 25 81.1413 Cuts:25 190 27.44%
0 0 59.0667 30 81.1413 Cuts:26 221 27.21%
0 0 59.2153 28 81.1413 Cuts:18 238 27.02%
0 0 59.3081 30 81.1413 Cuts:15 258 26.91%
0 0 59.4184 29 81.1413 Cuts:15 274 26.77%
0 0 59.5789 29 81.1413 LiftProj:14 293 26.57%
0 0 59.7853 32 81.1413 LiftProj:17 310 26.32%
0 0 59.8256 35 81.1413 LiftProj:15 329 26.27%
0 0 59.9431 33 81.1413 LiftProj:11 340 26.13%
0 0 59.9860 29 81.1413 LiftProj:11 350 26.07%
0 0 60.0454 36 81.1413 LiftProj:13 362 26.00%
0 0 60.2851 34 81.1413 LiftProj:14 389 25.70%
0 0 60.4457 34 81.1413 LiftProj:13 408 25.51%
0 0 60.5914 35 81.1413 LiftProj:17 423 25.33%
0 0 60.7128 36 81.1413 LiftProj:10 436 25.18%
0 0 60.8828 32 81.1413 LiftProj:13 459 24.97%
0 0 61.0433 37 81.1413 LiftProj:12 474 24.77%
0 0 61.1243 36 81.1413 LiftProj:8 488 24.67%
0 0 61.3202 35 81.1413 LiftProj:18 504 24.43%
0 0 61.4648 35 81.1413 LiftProj:15 525 24.25%
0 0 61.6362 34 81.1413 LiftProj:8 536 24.04%
0 0 61.6973 36 81.1413 LiftProj:15 551 23.96%
0 0 61.7593 36 81.1413 LiftProj:14 563 23.89%
0 0 61.8526 36 81.1413 LiftProj:9 582 23.77%
0 0 62.0120 37 81.1413 LiftProj:14 595 23.58%
0 0 62.1012 37 81.1413 LiftProj:15 608 23.47%
0 0 62.1328 37 81.1413 LiftProj:10 615 23.43%
0 0 62.2179 36 81.1413 LiftProj:12 627 23.32%
0 0 62.2512 38 81.1413 LiftProj:8 638 23.28%
0 0 62.3379 37 81.1413 LiftProj:11 655 23.17%
0 0 62.4707 37 81.1413 LiftProj:9 675 23.01%
0 0 62.5659 36 81.1413 LiftProj:14 694 22.89%
0 0 62.6362 37 81.1413 LiftProj:10 712 22.81%
0+ 0 nan nan 76.7492 62.6362 nan 18.39%
0 0 62.6720 38 76.7492 LiftProj:8 722 18.34%
0 0 62.7867 36 76.7492 LiftProj:9 745 18.19%
0 0 62.8634 37 76.7492 LiftProj:12 758 18.09%
0 0 62.8962 37 76.7492 LiftProj:7 771 18.05%
0 0 62.9189 38 76.7492 LiftProj:10 779 18.02%
0 0 62.9587 37 76.7492 LiftProj:14 792 17.97%
0 0 63.0352 37 76.7492 LiftProj:8 820 17.87%
0 0 63.0877 37 76.7492 LiftProj:6 831 17.80%
0 0 63.1167 37 76.7492 LiftProj:8 842 17.76%
0 0 63.1779 38 76.7492 LiftProj:7 859 17.68%
0 0 63.1983 37 76.7492 LiftProj:5 868 17.66%
0+ 0 nan nan 68.2278 63.1983 nan 7.37%
0+ 0 nan nan 67.9166 63.1983 nan 6.95%
0 2 64.1017 23 67.9166 64.1350 868 5.57%
CPXPARAM_MIP_Cuts_Gomory-LiftProj:Gomory 39
CPXPARAM_MIP_Cuts_Gomory-LiftProj:LiftProj 0
9
Node Left Objective IInf Best_Integer Best_Bound ItCnt Gap
0+ 0 nan nan 131.6037 0.0000 nan 100.00%
0+ 0 nan nan 115.2596 0.0000 nan 100.00%
0 0 0.0000 30 115.2596 0.0000 90 100.00%
0+ 0 nan nan 32.4537 0.0000 nan 100.00%
0 0 0.0000 30 32.4537 Cuts:18 102 100.00%
0 0 0.0000 30 32.4537 Cuts:31 162 100.00%
0+ 0 nan nan 31.0354 0.0000 nan 100.00%
0+ 0 nan nan 24.8087 0.0000 nan 100.00%
0 2 0.0000 30 24.8087 0.0000 162 100.00%
CPXPARAM_MIP_Cuts_Gomory-LiftProj:Gomory 2
CPXPARAM_MIP_Cuts_Gomory-LiftProj:LiftProj 1
10
Node Left Objective IInf Best_Integer Best_Bound ItCnt Gap
0+ 0 nan nan 131.6037 0.0000 nan 100.00%
0+ 0 nan nan 101.5820 0.0000 nan 100.00%
0 0 41.3973 11 101.5820 41.3973 130 59.25%
0+ 0 nan nan 85.5775 41.3973 nan 51.63%
0 0 41.4138 19 85.5775 Cuts:17 152 51.61%
0 0 41.8672 22 85.5775 Cuts:19 176 51.08%
0 0 43.0745 23 85.5775 Cuts:15 196 49.67%
0 0 43.5185 26 85.5775 Cuts:17 215 49.15%
0 0 43.9516 26 85.5775 Cuts:17 243 48.64%
0 0 44.2363 28 85.5775 Cuts:13 265 48.31%
0 0 44.4121 28 85.5775 LiftProj:13 284 48.10%
0+ 0 nan nan 84.4954 44.4121 nan 47.44%
0 0 44.6765 30 84.4954 LiftProj:17 308 47.13%
0 0 45.0326 30 84.4954 LiftProj:15 331 46.70%
0 0 46.7302 31 84.4954 Cuts:17 359 44.69%
0 0 47.2671 29 84.4954 LiftProj:17 383 44.06%
0 0 47.5025 34 84.4954 LiftProj:15 398 43.78%
0 0 47.7501 35 84.4954 LiftProj:17 416 43.49%
0 0 48.7149 38 84.4954 LiftProj:18 442 42.35%
0 0 49.4041 35 84.4954 LiftProj:13 459 41.53%
0 0 49.9577 31 84.4954 LiftProj:13 491 40.88%
0 0 50.7211 31 84.4954 LiftProj:18 521 39.97%
0 0 50.7837 35 84.4954 LiftProj:14 532 39.90%
0 0 51.0311 29 84.4954 LiftProj:15 545 39.60%
0 0 51.7085 31 84.4954 LiftProj:21 571 38.80%
0 0 51.9331 32 84.4954 LiftProj:14 601 38.54%
0 0 52.5447 32 84.4954 LiftProj:21 640 37.81%
0+ 0 nan nan 84.0057 52.5447 nan 37.45%
0 0 52.6381 34 84.0057 LiftProj:12 657 37.34%
0 0 52.9949 36 84.0057 LiftProj:17 674 36.92%
0 0 53.2543 36 84.0057 Cuts:9 697 36.61%
0 0 53.3815 36 84.0057 LiftProj:16 714 36.45%
0 0 53.7181 34 84.0057 LiftProj:15 747 36.05%
0 0 53.8504 35 84.0057 LiftProj:12 771 35.90%
0 0 54.1955 35 84.0057 LiftProj:11 800 35.49%
0 0 54.4549 34 84.0057 LiftProj:15 813 35.18%
0 0 54.5780 34 84.0057 LiftProj:12 834 35.03%
0 0 54.6217 37 84.0057 LiftProj:14 844 34.98%
0 0 54.8776 32 84.0057 LiftProj:12 867 34.67%
0 0 54.8790 34 84.0057 LiftProj:6 874 34.67%
0 0 55.4321 29 84.0057 LiftProj:7 891 34.01%
0 0 55.6058 31 84.0057 LiftProj:16 915 33.81%
0 0 55.7113 30 84.0057 LiftProj:9 927 33.68%
0 0 55.7509 30 84.0057 LiftProj:13 938 33.63%
0 0 55.8797 31 84.0057 LiftProj:10 960 33.48%
0 0 55.9190 31 84.0057 LiftProj:9 971 33.43%
0 0 56.0149 34 84.0057 LiftProj:12 989 33.32%
0 0 56.0635 33 84.0057 LiftProj:12 1003 33.26%
0 0 56.0984 36 84.0057 LiftProj:8 1018 33.22%
0 0 56.1239 32 84.0057 LiftProj:12 1033 33.19%
0 0 56.1342 37 84.0057 LiftProj:13 1042 33.18%
0+ 0 nan nan 71.4447 56.1342 nan 21.43%
0+ 0 nan nan 69.1964 56.1342 nan 18.88%
0 2 56.1342 37 69.1964 56.1504 1042 18.85%
CPXPARAM_MIP_Cuts_Gomory-LiftProj:Gomory 46
CPXPARAM_MIP_Cuts_Gomory-LiftProj:LiftProj 0
11
Node Left Objective IInf Best_Integer Best_Bound ItCnt Gap
0+ 0 nan nan 131.6037 0.0000 nan 100.00%
0+ 0 nan nan 110.1690 0.0000 nan 100.00%
0 0 0.0000 26 110.1690 0.0000 82 100.00%
0+ 0 nan nan 60.2130 0.0000 nan 100.00%
0 0 0.0000 23 60.2130 Cuts:7 93 100.00%
0+ 0 nan nan 40.0412 0.0000 nan 100.00%
0 0 0.0000 25 40.0412 Cuts:27 123 100.00%
0+ 0 nan nan 29.0121 0.0000 nan 100.00%
0 0 0.0000 20 29.0121 Cuts:6 130 100.00%
0+ 0 nan nan 25.9303 0.0000 nan 100.00%
0 0 0.0000 25 25.9303 Cuts:26 182 100.00%
0+ 0 nan nan 21.2146 0.0000 nan 100.00%
0 2 0.0000 23 21.2146 0.0000 182 100.00%
CPXPARAM_MIP_Cuts_Gomory-LiftProj:Gomory 1
CPXPARAM_MIP_Cuts_Gomory-LiftProj:LiftProj 1
12
Node Left Objective IInf Best_Integer Best_Bound ItCnt Gap
0+ 0 nan nan 110.3567 0.0000 nan 100.00%
0+ 0 nan nan 99.5973 0.0000 nan 100.00%
0 0 42.3231 15 99.5973 42.3231 151 57.51%
0+ 0 nan nan 55.9495 42.3231 nan 24.35%
0 0 42.8356 20 55.9495 Cuts:22 177 23.44%
0 0 43.3912 28 55.9495 Cuts:21 219 22.45%
0 0 43.7350 29 55.9495 Cuts:37 257 21.83%
0 0 44.0987 29 55.9495 Cuts:15 274 21.18%
0 0 44.3840 30 55.9495 LiftProj:17 290 20.67%
0 0 44.6161 31 55.9495 LiftProj:12 305 20.26%
0 0 44.9252 29 55.9495 Cuts:17 325 19.70%
0 0 45.2752 32 55.9495 Cuts:15 347 19.08%
0 0 45.6761 31 55.9495 LiftProj:16 371 18.36%
0 0 46.0009 35 55.9495 LiftProj:20 397 17.78%
0 0 46.3111 34 55.9495 LiftProj:12 417 17.23%
0 0 46.7497 33 55.9495 LiftProj:14 443 16.44%
0 0 47.1379 34 55.9495 LiftProj:16 464 15.75%
0 0 47.2902 32 55.9495 LiftProj:14 481 15.48%
0 0 47.5911 35 55.9495 LiftProj:13 511 14.94%
0 0 47.6577 38 55.9495 LiftProj:12 520 14.82%
0 0 48.0520 38 55.9495 LiftProj:12 551 14.12%
0 0 48.4109 36 55.9495 LiftProj:11 570 13.47%
0 0 48.6438 36 55.9495 LiftProj:12 581 13.06%
0 0 49.1431 36 55.9495 LiftProj:14 603 12.17%
0 0 49.3911 38 55.9495 LiftProj:10 628 11.72%
0 0 49.6072 37 55.9495 LiftProj:15 660 11.34%
0 0 49.9793 38 55.9495 LiftProj:10 687 10.67%
0 0 50.2815 39 55.9495 LiftProj:9 701 10.13%
0 0 50.3480 38 55.9495 LiftProj:16 713 10.01%
0 0 50.6241 36 55.9495 LiftProj:7 732 9.52%
0 0 50.7356 34 55.9495 LiftProj:7 750 9.32%
0 0 50.7685 39 55.9495 LiftProj:15 759 9.26%
0 0 50.8306 39 55.9495 LiftProj:9 772 9.15%
0 0 50.9051 34 55.9495 LiftProj:5 789 9.02%
0 0 50.9242 37 55.9495 LiftProj:5 797 8.98%
0 0 50.9726 36 55.9495 LiftProj:8 810 8.90%
0 0 51.0058 37 55.9495 LiftProj:6 820 8.84%
0 0 51.0184 36 55.9495 LiftProj:5 833 8.81%
0 0 51.0503 37 55.9495 LiftProj:8 845 8.76%
0 0 51.0733 37 55.9495 LiftProj:5 853 8.72%
0 0 51.1420 35 55.9495 LiftProj:7 865 8.59%
0 0 51.2009 37 55.9495 LiftProj:6 875 8.49%
0 0 51.2422 36 55.9495 LiftProj:5 890 8.41%
0 0 51.2919 37 55.9495 LiftProj:8 908 8.32%
0 0 51.3003 37 55.9495 LiftProj:5 916 8.31%
0 2 52.5040 17 55.9495 52.5226 916 6.13%
CPXPARAM_MIP_Cuts_Gomory-LiftProj:Gomory 42
CPXPARAM_MIP_Cuts_Gomory-LiftProj:LiftProj 0
13
Node Left Objective IInf Best_Integer Best_Bound ItCnt Gap
0+ 0 nan nan 110.3567 0.0000 nan 100.00%
0+ 0 nan nan 99.8555 0.0000 nan 100.00%
0 0 0.0000 26 99.8555 0.0000 87 100.00%
0+ 0 nan nan 36.0783 0.0000 nan 100.00%
0 0 0.0000 27 36.0783 Cuts:35 124 100.00%
0 0 0.0000 29 36.0783 Cuts:42 171 100.00%
0+ 0 nan nan 33.3184 0.0000 nan 100.00%
0+ 0 nan nan 29.2599 0.0000 nan 100.00%
0+ 0 nan nan 24.8722 0.0000 nan 100.00%
0 2 0.0000 26 24.8722 0.0000 171 100.00%
CPXPARAM_MIP_Cuts_Gomory-LiftProj:Gomory 0
CPXPARAM_MIP_Cuts_Gomory-LiftProj:LiftProj 2
14
Node Left Objective IInf Best_Integer Best_Bound ItCnt Gap
0+ 0 nan nan 110.3567 0.0000 nan 100.00%
0+ 0 nan nan 83.1075 0.0000 nan 100.00%
0 0 32.4848 16 83.1075 32.4848 121 60.91%
0+ 0 nan nan 57.6461 32.4848 nan 43.65%
0 0 32.5726 23 57.6461 Cuts:9 144 43.50%
0 0 33.4079 25 57.6461 Cuts:32 179 42.05%
0 0 34.1459 27 57.6461 Cuts:31 212 40.77%
0 0 34.6760 26 57.6461 Cuts:14 244 39.85%
0 0 35.0947 28 57.6461 Cuts:16 276 39.12%
0 0 35.4724 29 57.6461 LiftProj:13 308 38.47%
0 0 35.5594 29 57.6461 Cuts:12 320 38.31%
0 0 35.9179 29 57.6461 LiftProj:17 340 37.69%
0 0 36.3307 33 57.6461 Cuts:14 362 36.98%
0 0 36.6428 29 57.6461 LiftProj:14 391 36.43%
0 0 36.9048 29 57.6461 LiftProj:13 411 35.98%
0 0 37.2165 30 57.6461 LiftProj:15 431 35.44%
0 0 37.7120 28 57.6461 LiftProj:14 448 34.58%
0 0 38.0948 32 57.6461 LiftProj:17 466 33.92%
0 0 38.1840 33 57.6461 LiftProj:12 480 33.76%
0 0 38.5621 28 57.6461 LiftProj:11 503 33.11%
0 0 38.9834 29 57.6461 LiftProj:12 531 32.37%
0 0 39.2345 34 57.6461 LiftProj:17 556 31.94%
0 0 39.3398 34 57.6461 LiftProj:12 570 31.76%
0 0 39.4747 35 57.6461 LiftProj:13 592 31.52%
0 0 39.6260 36 57.6461 LiftProj:14 614 31.26%
0 0 40.2473 35 57.6461 LiftProj:12 650 30.18%
0 0 40.5739 35 57.6461 LiftProj:14 672 29.62%
0 0 40.7984 32 57.6461 LiftProj:9 696 29.23%
0 0 41.1899 31 57.6461 LiftProj:11 721 28.55%
0 0 41.2825 33 57.6461 LiftProj:19 734 28.39%
0 0 41.3455 32 57.6461 LiftProj:9 749 28.28%
0 0 41.3922 33 57.6461 LiftProj:8 763 28.20%
0 0 41.5159 35 57.6461 LiftProj:14 782 27.98%
0 0 41.5906 37 57.6461 LiftProj:8 797 27.85%
0 0 41.7782 37 57.6461 LiftProj:8 818 27.53%
0 0 41.8289 32 57.6461 LiftProj:16 828 27.44%
0 0 41.9002 37 57.6461 LiftProj:9 848 27.31%
0 0 42.0236 34 57.6461 LiftProj:8 873 27.10%
0 0 42.1739 36 57.6461 LiftProj:10 897 26.84%
0 0 42.2965 33 57.6461 LiftProj:8 919 26.63%
0 0 42.3331 34 57.6461 LiftProj:7 931 26.56%
0 0 42.3698 36 57.6461 LiftProj:4 938 26.50%
0 0 42.4050 36 57.6461 LiftProj:3 947 26.44%
0 0 42.5427 37 57.6461 LiftProj:7 967 26.20%
0 0 42.5873 38 57.6461 LiftProj:6 982 26.12%
0 0 42.5988 38 57.6461 LiftProj:4 987 26.10%
0 0 42.6451 37 57.6461 LiftProj:5 999 26.02%
0 0 42.6460 36 57.6461 LiftProj:7 1002 26.02%
0+ 0 nan nan 56.0694 42.6460 nan 23.94%
0+ 0 nan nan 47.5373 42.6460 nan 10.29%
0+ 0 nan nan 47.5373 42.6460 nan 10.29%
0 2 44.3530 11 47.5373 44.3838 1002 6.63%
CPXPARAM_MIP_Cuts_Gomory-LiftProj:Gomory 41
CPXPARAM_MIP_Cuts_Gomory-LiftProj:LiftProj 0
15
Node Left Objective IInf Best_Integer Best_Bound ItCnt Gap
0+ 0 nan nan 110.3567 0.0000 nan 100.00%
0+ 0 nan nan 94.4733 0.0000 nan 100.00%
0 0 0.0000 24 94.4733 0.0000 83 100.00%
0+ 0 nan nan 35.3044 0.0000 nan 100.00%
0+ 0 nan nan 16.7215 0.0000 nan 100.00%
0+ 0 nan nan 13.6415 0.0000 nan 100.00%
0+ 0 nan nan 12.7027 0.0000 nan 100.00%
0 2 0.0000 15 12.7027 0.0000 83 100.00%
CPXPARAM_MIP_Cuts_Gomory-LiftProj:Gomory 0
CPXPARAM_MIP_Cuts_Gomory-LiftProj:LiftProj 0
16
Node Left Objective IInf Best_Integer Best_Bound ItCnt Gap
0+ 0 nan nan 109.2984 0.0000 nan 100.00%
0+ 0 nan nan 98.2414 0.0000 nan 100.00%
0 0 47.2432 17 98.2414 47.2432 152 51.91%
0+ 0 nan nan 88.2522 47.2432 nan 46.47%
0 0 47.4619 22 88.2522 Cuts:15 173 46.22%
0+ 0 nan nan 84.7984 47.4619 nan 44.03%
0 0 47.6667 28 84.7984 Cuts:27 198 43.79%
0+ 0 nan nan 80.5234 47.6667 nan 40.80%
0 0 47.9034 30 80.5234 Cuts:33 230 40.51%
0+ 0 nan nan 79.5308 47.9034 nan 39.77%
0 0 48.0013 32 79.5308 Cuts:18 245 39.64%
0 0 48.0651 29 79.5308 Cuts:14 260 39.56%
0 0 48.1581 32 79.5308 LiftProj:21 282 39.45%
0 0 48.3901 32 79.5308 Cuts:19 298 39.16%
0 0 48.6682 30 79.5308 LiftProj:15 315 38.81%
0 0 48.7865 32 79.5308 LiftProj:19 329 38.66%
0 0 48.8408 32 79.5308 Cuts:18 335 38.59%
0 0 49.0031 32 79.5308 LiftProj:20 345 38.38%
0 0 49.1824 35 79.5308 Cuts:15 362 38.16%
0 0 49.3210 34 79.5308 LiftProj:13 373 37.98%
0 0 50.0684 34 79.5308 Cuts:19 404 37.05%
0 0 50.5913 34 79.5308 LiftProj:16 422 36.39%
0 0 51.1216 35 79.5308 LiftProj:12 442 35.72%
0 0 51.3162 36 79.5308 LiftProj:17 461 35.48%
0 0 51.6707 36 79.5308 LiftProj:17 488 35.03%
0 0 52.1820 36 79.5308 LiftProj:13 505 34.39%
0 0 52.2551 35 79.5308 LiftProj:16 523 34.30%
0 0 52.3014 37 79.5308 LiftProj:14 531 34.24%
0 0 52.5262 38 79.5308 LiftProj:13 552 33.95%
0 0 52.9551 34 79.5308 LiftProj:11 570 33.42%
0 0 53.0568 35 79.5308 LiftProj:11 582 33.29%
0 0 53.2932 37 79.5308 LiftProj:14 606 32.99%
0 0 53.7938 37 79.5308 LiftProj:9 626 32.36%
0 0 53.9184 37 79.5308 LiftProj:15 640 32.20%
0 0 54.0609 35 79.5308 LiftProj:10 660 32.03%
0 0 54.1405 35 79.5308 LiftProj:12 674 31.93%
0 0 54.1733 38 79.5308 LiftProj:8 686 31.88%
0 0 54.5858 38 79.5308 LiftProj:7 711 31.37%
0 0 54.6234 39 79.5308 LiftProj:9 720 31.32%
0 0 54.9155 38 79.5308 LiftProj:7 745 30.95%
0 0 55.2766 37 79.5308 Cuts:17 765 30.50%
0 0 55.4677 37 79.5308 LiftProj:8 782 30.26%
0 0 55.4957 37 79.5308 LiftProj:12 792 30.22%
0 0 55.5368 39 79.5308 LiftProj:10 804 30.17%
0 0 55.5666 37 79.5308 LiftProj:8 818 30.13%
0 0 55.6064 38 79.5308 LiftProj:12 835 30.08%
0 0 55.6281 39 79.5308 LiftProj:9 847 30.05%
0 0 55.6454 38 79.5308 LiftProj:8 855 30.03%
0+ 0 nan nan 67.0456 55.6454 nan 17.00%
0 2 55.6454 38 67.0456 55.6617 855 16.98%
CPXPARAM_MIP_Cuts_Gomory-LiftProj:Gomory 43
CPXPARAM_MIP_Cuts_Gomory-LiftProj:LiftProj 0
17
Node Left Objective IInf Best_Integer Best_Bound ItCnt Gap
0+ 0 nan nan 109.2984 0.0000 nan 100.00%
0+ 0 nan nan 98.8898 0.0000 nan 100.00%
0 0 0.0000 28 98.8898 0.0000 89 100.00%
0+ 0 nan nan 29.7958 0.0000 nan 100.00%
0 0 0.0000 29 29.7958 Cuts:15 130 100.00%
0 0 0.0000 31 29.7958 Cuts:32 182 100.00%
0+ 0 nan nan 27.6885 0.0000 nan 100.00%
0+ 0 nan nan 22.8168 0.0000 nan 100.00%
0 2 0.0000 28 22.8168 0.0000 182 100.00%
CPXPARAM_MIP_Cuts_Gomory-LiftProj:Gomory 0
CPXPARAM_MIP_Cuts_Gomory-LiftProj:LiftProj 1
18
Node Left Objective IInf Best_Integer Best_Bound ItCnt Gap
0+ 0 nan nan 109.2984 0.0000 nan 100.00%
0+ 0 nan nan 89.2500 0.0000 nan 100.00%
0 0 50.2018 12 89.2500 50.2018 126 43.75%
0+ 0 nan nan 65.9464 50.2018 nan 23.87%
0 0 50.2018 9 65.9464 Cuts:6 135 23.87%
0 0 50.4155 25 65.9464 Cuts:14 166 23.55%
0 0 50.9995 25 65.9464 Cuts:16 189 22.67%
0 0 51.4128 25 65.9464 Cuts:10 204 22.04%
0 0 51.7244 27 65.9464 Cuts:15 233 21.57%
0 0 51.9392 25 65.9464 Cuts:12 251 21.24%
0 0 52.1410 25 65.9464 Cuts:12 270 20.93%
0 0 52.2766 27 65.9464 Cuts:15 290 20.73%
0 0 52.3864 27 65.9464 LiftProj:13 307 20.56%
0 0 52.5023 28 65.9464 Cuts:13 327 20.39%
0 0 52.7958 32 65.9464 LiftProj:11 350 19.94%
0 0 53.0657 33 65.9464 LiftProj:10 378 19.53%
0 0 53.2145 34 65.9464 LiftProj:11 394 19.31%
0 0 53.2934 32 65.9464 LiftProj:7 410 19.19%
0 0 53.5027 29 65.9464 LiftProj:13 434 18.87%
0 0 53.5394 32 65.9464 Cuts:12 452 18.81%
0 0 53.8432 29 65.9464 LiftProj:8 477 18.35%
0 0 54.0988 29 65.9464 Cuts:11 507 17.97%
0 0 54.1262 29 65.9464 LiftProj:12 522 17.92%
0 0 54.2434 28 65.9464 LiftProj:9 542 17.75%
0 0 54.2999 28 65.9464 LiftProj:8 561 17.66%
0 0 54.3171 31 65.9464 LiftProj:8 570 17.63%
0 0 54.4918 34 65.9464 LiftProj:8 587 17.37%
0 0 54.8350 33 65.9464 LiftProj:8 611 16.85%
0 0 54.9566 29 65.9464 LiftProj:9 629 16.66%
0 0 55.0856 30 65.9464 LiftProj:11 646 16.47%
0 0 55.1002 32 65.9464 LiftProj:10 655 16.45%
0 0 55.1680 30 65.9464 LiftProj:10 676 16.34%
0 0 55.2422 31 65.9464 LiftProj:14 686 16.23%
0 0 55.3376 36 65.9464 LiftProj:12 701 16.09%
0 0 55.4181 31 65.9464 LiftProj:8 724 15.96%
0 0 55.4356 32 65.9464 LiftProj:7 742 15.94%
0+ 0 nan nan 62.0179 55.4356 nan 10.61%
0+ 0 nan nan 58.9515 55.4356 nan 5.96%
0 2 57.2548 11 58.9515 57.2902 742 2.82%
CPXPARAM_MIP_Cuts_Gomory-LiftProj:Gomory 38
CPXPARAM_MIP_Cuts_Gomory-LiftProj:LiftProj 1
19
Node Left Objective IInf Best_Integer Best_Bound ItCnt Gap
0+ 0 nan nan 109.2984 0.0000 nan 100.00%
0+ 0 nan nan 95.6739 0.0000 nan 100.00%
0 0 0.0000 26 95.6739 0.0000 87 100.00%
0+ 0 nan nan 34.5842 0.0000 nan 100.00%
0 0 0.0000 27 34.5842 Cuts:41 101 100.00%
0 0 0.0000 29 34.5842 Cuts:21 141 100.00%
0+ 0 nan nan 25.9937 0.0000 nan 100.00%
0+ 0 nan nan 19.5627 0.0000 nan 100.00%
0 2 0.0000 23 19.5627 0.0000 141 100.00%
CPXPARAM_MIP_Cuts_Gomory-LiftProj:Gomory 1
CPXPARAM_MIP_Cuts_Gomory-LiftProj:LiftProj 2
20
Node Left Objective IInf Best_Integer Best_Bound ItCnt Gap
0+ 0 nan nan 93.3792 0.0000 nan 100.00%
0+ 0 nan nan 84.7371 0.0000 nan 100.00%
0 0 27.9048 17 84.7371 27.9048 138 67.07%
0+ 0 nan nan 34.8222 27.9048 nan 19.87%
0 0 28.5733 15 34.8222 Cuts:20 158 17.95%
0 0 28.6910 18 34.8222 Cuts:14 174 17.61%
0 0 28.8366 26 34.8222 Cuts:13 189 17.19%
0 0 29.0051 22 34.8222 Cuts:17 211 16.71%
0 0 29.0983 25 34.8222 Cuts:11 236 16.44%
0 0 29.2102 24 34.8222 LiftProj:9 250 16.12%
0 0 29.3749 27 34.8222 LiftProj:10 271 15.64%
0 0 29.5876 30 34.8222 Cuts:11 290 15.03%
0 0 29.8230 28 34.8222 LiftProj:9 313 14.36%
0 0 29.9286 31 34.8222 LiftProj:11 331 14.05%
0 0 30.1176 31 34.8222 LiftProj:9 356 13.51%
0 0 30.1772 31 34.8222 LiftProj:10 368 13.34%
0 0 30.2819 31 34.8222 LiftProj:9 388 13.04%
0 0 30.4716 31 34.8222 LiftProj:8 408 12.49%
0 0 30.4975 31 34.8222 LiftProj:9 422 12.42%
0 0 30.5321 31 34.8222 LiftProj:9 437 12.32%
0 0 30.5988 31 34.8222 LiftProj:9 453 12.13%
0 0 30.8849 32 34.8222 LiftProj:9 480 11.31%
0 0 31.0263 31 34.8222 LiftProj:12 505 10.90%
0 0 31.0541 31 34.8222 LiftProj:9 523 10.82%
0 0 31.1287 30 34.8222 Cuts:9 548 10.61%
0 0 31.2845 31 34.8222 LiftProj:9 576 10.16%
0 0 31.3420 32 34.8222 LiftProj:11 601 9.99%
0 0 31.4482 30 34.8222 LiftProj:9 620 9.69%
0 0 31.5583 30 34.8222 LiftProj:8 641 9.37%
0 0 31.6501 35 34.8222 LiftProj:10 672 9.11%
0 0 31.7456 33 34.8222 LiftProj:8 693 8.84%
0 0 31.8106 33 34.8222 LiftProj:7 712 8.65%
0 0 31.8678 34 34.8222 LiftProj:7 729 8.48%
0 0 31.9386 32 34.8222 LiftProj:6 753 8.28%
0 0 31.9753 32 34.8222 LiftProj:5 763 8.18%
0 0 32.0219 33 34.8222 LiftProj:9 785 8.04%
0 0 32.0697 33 34.8222 LiftProj:9 801 7.90%
0 0 32.0950 32 34.8222 LiftProj:6 809 7.83%
0 0 32.1340 31 34.8222 LiftProj:9 837 7.72%
0 0 32.1495 34 34.8222 LiftProj:7 850 7.68%
0 0 32.2044 32 34.8222 LiftProj:7 877 7.52%
0 0 32.2140 30 34.8222 LiftProj:7 886 7.49%
0 0 32.2351 32 34.8222 LiftProj:4 902 7.43%
0 0 32.2411 33 34.8222 LiftProj:4 909 7.41%
0+ 0 nan nan 34.4861 32.2411 nan 6.51%
0+ 0 nan nan 34.4861 32.2411 nan 6.51%
0 2 32.9351 13 34.4861 32.9593 909 4.43%
CPXPARAM_MIP_Cuts_Gomory-LiftProj:Gomory 39
CPXPARAM_MIP_Cuts_Gomory-LiftProj:LiftProj 0
21
Node Left Objective IInf Best_Integer Best_Bound ItCnt Gap
0+ 0 nan nan 93.3792 0.0000 nan 100.00%
0+ 0 nan nan 84.7371 0.0000 nan 100.00%
0 0 0.0000 29 84.7371 0.0000 97 100.00%
0+ 0 nan nan 39.5455 0.0000 nan 100.00%
0 0 0.0000 23 39.5455 Fract:6 99 100.00%
0+ 0 nan nan 32.6776 0.0000 nan 100.00%
0 0 0.0000 29 32.6776 Cuts:29 154 100.00%
0+ 0 nan nan 20.9391 0.0000 nan 100.00%
0+ 0 nan nan 17.6814 0.0000 nan 100.00%
0+ 0 nan nan 16.0929 0.0000 nan 100.00%
0+ 0 nan nan 13.7259 0.0000 nan 100.00%
0 2 0.0000 24 13.7259 0.0000 154 100.00%
CPXPARAM_MIP_Cuts_Gomory-LiftProj:Gomory 0
CPXPARAM_MIP_Cuts_Gomory-LiftProj:LiftProj 2
22
Node Left Objective IInf Best_Integer Best_Bound ItCnt Gap
0+ 0 nan nan 93.3792 0.0000 nan 100.00%
0+ 0 nan nan 79.8100 0.0000 nan 100.00%
0 0 25.8187 13 79.8100 25.8187 129 67.65%
0+ 0 nan nan 31.0782 25.8187 nan 16.92%
0 0 26.1751 18 31.0782 Cuts:9 162 15.78%
0 0 26.4286 26 31.0782 Cuts:8 186 14.96%
0 0 26.5481 21 31.0782 Cuts:7 202 14.58%
0 0 26.6840 19 31.0782 Cuts:6 218 14.14%
0 0 26.8618 21 31.0782 Cuts:8 240 13.57%
0 0 27.1205 21 31.0782 Cuts:11 265 12.73%
0+ 0 nan nan 28.5540 27.1205 nan 5.02%
0 0 27.3469 16 28.5540 LiftProj:6 291 4.23%
0 0 27.6232 18 28.5540 LiftProj:6 316 3.26%
0+ 0 nan nan 28.5540 27.6232 nan 3.26%
0 0 27.7057 19 28.5540 LiftProj:2 328 2.97%
0 0 27.7327 17 28.5540 LiftProj:5 338 2.88%
0 0 27.7997 16 28.5540 LiftProj:4 348 2.64%
0 0 27.9869 17 28.5540 LiftProj:7 375 1.99%
0 0 28.1684 12 28.5540 LiftProj:4 402 1.35%
0 0 28.2026 14 28.5540 LiftProj:4 416 1.23%
0 0 28.2156 15 28.5540 LiftProj:2 426 1.19%
0 0 28.2385 16 28.5540 LiftProj:3 436 1.11%
0 0 28.2717 16 28.5540 LiftProj:3 446 0.99%
0 0 28.3034 12 28.5540 LiftProj:1 454 0.88%
0 0 28.3436 11 28.5540 LiftProj:1 472 0.74%
0 0 28.4029 12 28.5540 LiftProj:1 492 0.53%
0 0 28.4061 11 28.5540 LiftProj:3 499 0.52%
0 0 cutoff 28.5540 28.4061 499 0.52% 0
CPXPARAM_MIP_Cuts_Gomory-LiftProj:Gomory 13
CPXPARAM_MIP_Cuts_Gomory-LiftProj:LiftProj 0
23
Node Left Objective IInf Best_Integer Best_Bound ItCnt Gap
0+ 0 nan nan 93.3792 0.0000 nan 100.00%
0+ 0 nan nan 79.4789 0.0000 nan 100.00%
0 0 0.0000 24 79.4789 0.0000 85 100.00%
0+ 0 nan nan 12.1073 0.0000 nan 100.00%
0+ 0 nan nan 11.8985 0.0000 nan 100.00%
0+ 0 nan nan 10.7158 0.0000 nan 100.00%
0+ 0 nan nan 7.3876 0.0000 nan 100.00%
0 2 0.0000 19 7.3876 0.0000 85 100.00%
CPXPARAM_MIP_Cuts_Gomory-LiftProj:Gomory 0
CPXPARAM_MIP_Cuts_Gomory-LiftProj:LiftProj 0
24
Node Left Objective IInf Best_Integer Best_Bound ItCnt Gap
0+ 0 nan nan 94.5045 0.0000 nan 100.00%
0+ 0 nan nan 83.7373 0.0000 nan 100.00%
0 0 30.0098 21 83.7373 30.0098 137 64.16%
0+ 0 nan nan 42.1069 30.0098 nan 28.73%
0 0 30.7884 18 42.1069 Cuts:17 156 26.88%
0 0 31.0768 29 42.1069 Cuts:27 184 26.20%
0 0 31.3257 31 42.1069 Cuts:15 196 25.60%
0 0 31.7158 30 42.1069 Cuts:14 217 24.68%
0 0 32.0402 27 42.1069 Cuts:17 242 23.91%
0 0 32.2284 25 42.1069 Cuts:15 264 23.46%
0 0 32.8534 32 42.1069 LiftProj:13 301 21.98%
0 0 33.2680 29 42.1069 LiftProj:11 325 20.99%
0 0 33.5270 29 42.1069 LiftProj:14 346 20.38%
0 0 33.7962 32 42.1069 LiftProj:12 361 19.74%
0 0 34.1093 32 42.1069 Cuts:14 396 18.99%
0 0 34.3053 34 42.1069 LiftProj:13 414 18.53%
0 0 34.4023 35 42.1069 LiftProj:11 427 18.30%
0 0 34.5456 33 42.1069 LiftProj:10 448 17.96%
0 0 34.8129 32 42.1069 LiftProj:12 464 17.32%
0 0 34.9522 35 42.1069 LiftProj:11 476 16.99%
0 0 35.0922 31 42.1069 LiftProj:13 497 16.66%
0 0 35.1153 32 42.1069 LiftProj:13 506 16.60%
0 0 35.2980 35 42.1069 LiftProj:11 530 16.17%
0 0 35.3696 34 42.1069 LiftProj:12 549 16.00%
0 0 35.4772 33 42.1069 LiftProj:13 573 15.74%
0 0 35.6051 33 42.1069 LiftProj:9 588 15.44%
0 0 35.6571 35 42.1069 LiftProj:8 605 15.32%
0 0 35.7731 36 42.1069 LiftProj:9 632 15.04%
0 0 35.9023 36 42.1069 LiftProj:10 655 14.74%
0+ 0 nan nan 41.5576 35.9023 nan 13.61%
0 0 35.9258 38 41.5576 LiftProj:10 669 13.55%
0 0 36.0455 35 41.5576 LiftProj:10 693 13.26%
0 0 36.1259 37 41.5576 LiftProj:12 716 13.07%
0 0 36.2003 36 41.5576 LiftProj:9 729 12.89%
0 0 36.2670 35 41.5576 LiftProj:12 741 12.73%
0 0 36.3771 38 41.5576 LiftProj:8 767 12.47%
0 0 36.4777 36 41.5576 LiftProj:8 783 12.22%
0 0 36.5106 36 41.5576 LiftProj:8 799 12.14%
0 0 36.5525 36 41.5576 LiftProj:6 813 12.04%
0 0 36.6084 36 41.5576 LiftProj:7 831 11.91%
0 0 36.6274 37 41.5576 LiftProj:7 844 11.86%
0 0 36.6436 37 41.5576 LiftProj:8 855 11.82%
0 0 36.6707 37 41.5576 LiftProj:8 868 11.76%
0 0 36.7139 39 41.5576 LiftProj:7 882 11.66%
0 0 36.7748 37 41.5576 LiftProj:7 901 11.51%
0 0 36.8465 37 41.5576 LiftProj:8 924 11.34%
0 0 36.8753 37 41.5576 LiftProj:3 942 11.27%
0 0 36.9072 37 41.5576 LiftProj:6 959 11.19%
0 0 36.9331 35 41.5576 LiftProj:5 977 11.13%
0 0 36.9456 37 41.5576 LiftProj:6 990 11.10%
0 0 36.9695 35 41.5576 LiftProj:7 1015 11.04%
0+ 0 nan nan 38.6714 36.9695 nan 4.40%
0 0 37.0276 33 38.6714 LiftProj:7 1037 4.25%
0 0 37.0397 33 38.6714 LiftProj:6 1046 4.22%
0 2 37.7187 15 38.6714 37.7214 1046 2.46%
CPXPARAM_MIP_Cuts_Gomory-LiftProj:Gomory 43
CPXPARAM_MIP_Cuts_Gomory-LiftProj:LiftProj 0
25
Node Left Objective IInf Best_Integer Best_Bound ItCnt Gap
0+ 0 nan nan 94.5045 0.0000 nan 100.00%
0+ 0 nan nan 83.7373 0.0000 nan 100.00%
0 0 0.0000 27 83.7373 0.0000 93 100.00%
0+ 0 nan nan 26.7172 0.0000 nan 100.00%
0 0 0.0000 21 26.7172 Cuts:5 98 100.00%
0+ 0 nan nan 17.3722 0.0000 nan 100.00%
0 0 0.0000 22 17.3722 Cuts:22 152 100.00%
0 0 0.0000 25 17.3722 Cuts:31 181 100.00%
0 2 0.0000 21 17.3722 0.0000 181 100.00%
CPXPARAM_MIP_Cuts_Gomory-LiftProj:Gomory 0
CPXPARAM_MIP_Cuts_Gomory-LiftProj:LiftProj 0
26
Node Left Objective IInf Best_Integer Best_Bound ItCnt Gap
0+ 0 nan nan 94.5045 0.0000 nan 100.00%
0+ 0 nan nan 81.5690 0.0000 nan 100.00%
0 0 30.5909 7 81.5690 30.5909 124 62.50%
0+ 0 nan nan 37.1692 30.5909 nan 17.70%
0 0 30.5909 17 37.1692 Cuts:8 142 17.70%
0 0 31.4570 21 37.1692 Cuts:19 171 15.37%
0 0 31.8659 21 37.1692 Cuts:8 191 14.27%
0 0 32.8600 20 37.1692 Cuts:8 211 11.59%
0+ 0 nan nan 36.9443 32.8600 nan 11.06%
0 0 33.1121 22 36.9443 Cuts:8 222 10.37%
0 0 33.2186 22 36.9443 LiftProj:6 228 10.08%
0 0 33.5341 17 36.9443 Cuts:10 245 9.23%
0 0 33.9867 22 36.9443 Cuts:8 270 8.01%
0 0 34.1861 26 36.9443 Cuts:12 311 7.47%
0 0 34.3627 23 36.9443 Cuts:11 327 6.99%
0 0 34.6653 22 36.9443 LiftProj:9 342 6.17%
0 0 34.8599 21 36.9443 LiftProj:5 353 5.64%
0 0 35.0457 21 36.9443 LiftProj:4 371 5.14%
0 0 35.3304 23 36.9443 LiftProj:7 403 4.37%
0 0 35.4852 22 36.9443 Cuts:2 422 3.95%
0 0 35.6256 19 36.9443 LiftProj:9 438 3.57%
0 0 35.6290 20 36.9443 LiftProj:4 443 3.56%
0+ 0 nan nan 36.9351 35.6290 nan 3.54%
0 2 36.5609 8 36.9351 36.5691 443 0.99%
CPXPARAM_MIP_Cuts_Gomory-LiftProj:Gomory 16
CPXPARAM_MIP_Cuts_Gomory-LiftProj:LiftProj 4
27
Node Left Objective IInf Best_Integer Best_Bound ItCnt Gap
0+ 0 nan nan 94.5045 0.0000 nan 100.00%
0+ 0 nan nan 84.3474 0.0000 nan 100.00%
0 0 0.0000 24 84.3474 0.0000 84 100.00%
0+ 0 nan nan 19.2212 0.0000 nan 100.00%
0 0 0.0000 19 19.2212 Cuts:7 90 100.00%
0+ 0 nan nan 10.1332 0.0000 nan 100.00%
0 0 0.0000 21 10.1332 Cuts:11 145 100.00%
0 0 0.0000 18 10.1332 Cuts:7 156 100.00%
0 0 0.0000 20 10.1332 Cuts:21 189 100.00%
0+ 0 nan nan 9.7275 0.0000 nan 100.00%
0+ 0 nan nan 6.8075 0.0000 nan 100.00%
0 2 0.0000 18 6.8075 0.0000 189 100.00%
CPXPARAM_MIP_Cuts_Gomory-LiftProj:Gomory 1
CPXPARAM_MIP_Cuts_Gomory-LiftProj:LiftProj 1
28
Node Left Objective IInf Best_Integer Best_Bound ItCnt Gap
0+ 0 nan nan 133.7092 0.0000 nan 100.00%
0+ 0 nan nan 130.0630 0.0000 nan 100.00%
0+ 0 nan nan 108.6480 0.0000 nan 100.00%
0 0 63.9057 16 108.6480 63.9057 141 41.18%
0+ 0 nan nan 82.7575 63.9057 nan 22.78%
0 0 64.6838 28 82.7575 Cuts:19 176 21.84%
0 0 64.9837 28 82.7575 Cuts:21 209 21.48%
0 0 65.8310 29 82.7575 Cuts:13 238 20.45%
0 0 66.2668 29 82.7575 Cuts:17 256 19.93%
0 0 66.5428 29 82.7575 Cuts:10 275 19.59%
0 0 66.8080 27 82.7575 LiftProj:14 295 19.27%
0 0 67.3455 32 82.7575 LiftProj:10 329 18.62%
0 0 68.0621 32 82.7575 Cuts:14 356 17.76%
0 0 68.4374 30 82.7575 Cuts:17 380 17.30%
0 0 68.9067 29 82.7575 Cuts:12 416 16.74%
0 0 68.9979 30 82.7575 LiftProj:13 431 16.63%
0 0 69.1726 29 82.7575 LiftProj:8 451 16.42%
0 0 69.2208 32 82.7575 LiftProj:13 464 16.36%
0 0 69.4017 32 82.7575 LiftProj:9 482 16.14%
0 0 69.5775 34 82.7575 LiftProj:13 500 15.93%
0 0 69.7487 31 82.7575 LiftProj:15 526 15.72%
0 0 69.7876 34 82.7575 LiftProj:10 539 15.67%
0 0 70.0069 33 82.7575 LiftProj:11 555 15.41%
0 0 70.1409 34 82.7575 LiftProj:13 566 15.25%
0 0 70.2703 37 82.7575 LiftProj:9 579 15.09%
0 0 70.5888 35 82.7575 LiftProj:9 597 14.70%
0 0 70.8377 36 82.7575 LiftProj:13 626 14.40%
0 0 70.9351 35 82.7575 LiftProj:11 645 14.29%
0 0 71.3446 35 82.7575 LiftProj:13 673 13.79%
0 0 71.4454 35 82.7575 LiftProj:9 689 13.67%
0 0 71.5267 34 82.7575 LiftProj:6 699 13.57%
0 0 71.5624 38 82.7575 LiftProj:7 712 13.53%
0 0 71.6248 36 82.7575 LiftProj:6 729 13.45%
0 0 71.6828 38 82.7575 LiftProj:5 743 13.38%
0 0 71.7381 37 82.7575 LiftProj:6 756 13.32%
0 0 71.8788 38 82.7575 LiftProj:4 787 13.15%
0+ 0 nan nan 79.1916 71.8788 nan 9.23%
0 0 71.9197 39 79.1916 LiftProj:7 799 9.18%
0 0 72.0133 35 79.1916 LiftProj:3 816 9.06%
0 0 72.0222 36 79.1916 LiftProj:6 823 9.05%
0 0 72.0542 35 79.1916 LiftProj:5 839 9.01%
0 0 72.0583 36 79.1916 LiftProj:5 846 9.01%
0+ 0 nan nan 76.6554 72.0583 nan 6.00%
0+ 0 nan nan 74.1734 72.0583 nan 2.85%
0 2 72.9305 16 74.1734 72.9432 846 1.66%
CPXPARAM_MIP_Cuts_Gomory-LiftProj:Gomory 36
CPXPARAM_MIP_Cuts_Gomory-LiftProj:LiftProj 1
29
Node Left Objective IInf Best_Integer Best_Bound ItCnt Gap
0+ 0 nan nan 133.7092 0.0000 nan 100.00%
0+ 0 nan nan 129.6212 0.0000 nan 100.00%
0+ 0 nan nan 74.5282 0.0000 nan 100.00%
0 0 0.0000 27 74.5282 0.0000 117 100.00%
0+ 0 nan nan 18.1579 0.0000 nan 100.00%
0 0 0.0000 31 18.1579 Cuts:9 176 100.00%
0+ 0 nan nan 17.6277 0.0000 nan 100.00%
0 0 0.0000 32 17.6277 Cuts:27 246 100.00%
0 2 0.0000 32 17.6277 0.0000 246 100.00%
CPXPARAM_MIP_Cuts_Gomory-LiftProj:Gomory 1
CPXPARAM_MIP_Cuts_Gomory-LiftProj:LiftProj 3
30
Node Left Objective IInf Best_Integer Best_Bound ItCnt Gap
0+ 0 nan nan 133.7092 0.0000 nan 100.00%
0+ 0 nan nan 117.3461 0.0000 nan 100.00%
0 0 64.7235 6 117.3461 64.7235 116 44.84%
0+ 0 nan nan 74.6673 64.7235 nan 13.32%
0 0 64.7235 12 74.6673 Cuts:10 137 13.32%
0+ 0 nan nan 73.3941 64.7235 nan 11.81%
0 0 64.9380 17 73.3941 Cuts:6 175 11.52%
0+ 0 nan nan 70.9804 64.9380 nan 8.51%
0 0 65.4813 24 70.9804 Cuts:16 197 7.75%
0 0 66.0159 22 70.9804 Cuts:17 215 6.99%
0 0 66.3879 21 70.9804 Cuts:12 238 6.47%
0 0 66.7419 23 70.9804 Cuts:15 252 5.97%
0 0 66.8375 24 70.9804 Cuts:11 273 5.84%
0 0 66.9426 24 70.9804 LiftProj:10 289 5.69%
0 0 67.1228 23 70.9804 LiftProj:8 305 5.43%
0 0 67.1442 23 70.9804 LiftProj:8 310 5.40%
0 0 67.6650 22 70.9804 LiftProj:6 336 4.67%
0 0 67.7042 23 70.9804 Cuts:10 345 4.62%
0 0 67.9230 25 70.9804 LiftProj:10 371 4.31%
0 0 68.0716 23 70.9804 Cuts:8 392 4.10%
0 0 68.2227 24 70.9804 LiftProj:8 418 3.89%
0+ 0 nan nan 69.6844 68.2227 nan 2.10%
0 0 68.3044 24 69.6844 LiftProj:5 429 1.98%
0 0 68.3830 24 69.6844 LiftProj:4 440 1.87%
0+ 0 nan nan 69.6844 68.3830 nan 1.87%
0 0 68.6624 25 69.6844 Cuts:4 464 1.47%
0 0 68.9934 24 69.6844 LiftProj:1 493 0.99%
0 0 69.2103 21 69.6844 LiftProj:2 519 0.68%
0+ 0 nan nan 69.6844 69.6223 nan 0.09%
0 0 cutoff 69.6844 558 0.00% 0 0
CPXPARAM_MIP_Cuts_Gomory-LiftProj:Gomory 10
CPXPARAM_MIP_Cuts_Gomory-LiftProj:LiftProj 2
31
Node Left Objective IInf Best_Integer Best_Bound ItCnt Gap
0+ 0 nan nan 133.7092 0.0000 nan 100.00%
0+ 0 nan nan 116.1408 0.0000 nan 100.00%
0 0 0.0000 26 116.1408 0.0000 89 100.00%
0+ 0 nan nan 18.5661 0.0000 nan 100.00%
0 0 0.0000 27 18.5661 Cuts:8 107 100.00%
0 0 0.0000 23 18.5661 Cuts:3 109 100.00%
0+ 0 nan nan 8.0784 0.0000 nan 100.00%
0 0 0.0000 27 8.0784 Cuts:26 167 100.00%
0 2 0.0000 22 8.0784 0.0000 167 100.00%
CPXPARAM_MIP_Cuts_Gomory-LiftProj:Gomory 0
CPXPARAM_MIP_Cuts_Gomory-LiftProj:LiftProj 0
32
Node Left Objective IInf Best_Integer Best_Bound ItCnt Gap
0+ 0 nan nan 110.7059 0.0000 nan 100.00%
0+ 0 nan nan 95.8126 0.0000 nan 100.00%
0+ 0 nan nan 89.9070 0.0000 nan 100.00%
0 0 40.8280 15 89.9070 40.8280 140 54.59%
0+ 0 nan nan 52.9281 40.8280 nan 22.86%
0 0 41.7477 21 52.9281 Cuts:18 168 21.12%
0 0 41.9032 24 52.9281 Cuts:19 200 20.83%
0 0 42.2305 25 52.9281 Cuts:26 232 20.21%
0 0 42.4066 28 52.9281 Cuts:24 260 19.88%
0 0 42.5029 31 52.9281 Cuts:18 279 19.70%
0 0 42.5839 31 52.9281 Cuts:14 301 19.54%
0 0 42.6764 28 52.9281 LiftProj:13 319 19.37%
0 0 42.6842 30 52.9281 LiftProj:9 325 19.35%
0 0 42.7203 30 52.9281 LiftProj:12 337 19.29%
0 0 42.8749 33 52.9281 LiftProj:12 353 18.99%
0 0 42.9408 31 52.9281 LiftProj:14 365 18.87%
0 0 42.9692 32 52.9281 LiftProj:13 373 18.82%
0 0 43.0405 33 52.9281 LiftProj:14 393 18.68%
0 0 43.2489 33 52.9281 LiftProj:12 421 18.29%
0 0 43.2885 33 52.9281 LiftProj:10 428 18.21%
0 0 43.3696 34 52.9281 LiftProj:9 435 18.06%
0 0 43.5669 32 52.9281 LiftProj:11 453 17.69%
0 0 43.6026 33 52.9281 LiftProj:10 460 17.62%
0 0 43.6692 33 52.9281 LiftProj:12 469 17.49%
0 0 43.7161 34 52.9281 LiftProj:12 480 17.40%
0 0 43.7731 35 52.9281 LiftProj:7 493 17.30%
0 0 43.8040 33 52.9281 LiftProj:5 502 17.24%
0 0 43.8226 35 52.9281 LiftProj:8 510 17.20%
0 0 43.8367 37 52.9281 LiftProj:7 519 17.18%
0 0 43.8544 35 52.9281 LiftProj:9 532 17.14%
0 0 43.8831 35 52.9281 LiftProj:8 542 17.09%
0 0 43.9152 35 52.9281 LiftProj:9 558 17.03%
0 0 43.9550 34 52.9281 LiftProj:7 572 16.95%
0 0 43.9853 32 52.9281 LiftProj:7 584 16.90%
0 0 44.0029 37 52.9281 LiftProj:5 602 16.86%
0 0 44.0093 36 52.9281 LiftProj:6 610 16.85%
0 0 44.0473 36 52.9281 LiftProj:3 627 16.78%
0 0 44.0895 34 52.9281 LiftProj:9 641 16.70%
0 0 44.1545 35 52.9281 LiftProj:8 657 16.58%
0 0 44.1974 34 52.9281 LiftProj:8 677 16.50%
0 0 44.2303 35 52.9281 LiftProj:5 691 16.43%
0 0 44.2548 34 52.9281 LiftProj:9 703 16.39%
0 0 44.2744 34 52.9281 LiftProj:3 714 16.35%
0 0 44.2889 34 52.9281 LiftProj:6 721 16.32%
0+ 0 nan nan 49.9118 44.2889 nan 11.27%
0 2 44.8134 19 49.9118 44.8253 721 10.19%
CPXPARAM_MIP_Cuts_Gomory-LiftProj:Gomory 30
CPXPARAM_MIP_Cuts_Gomory-LiftProj:LiftProj 3
33
Node Left Objective IInf Best_Integer Best_Bound ItCnt Gap
0+ 0 nan nan 110.7059 0.0000 nan 100.00%
0+ 0 nan nan 95.5094 0.0000 nan 100.00%
0 0 0.0000 26 95.5094 0.0000 93 100.00%
0+ 0 nan nan 34.1998 0.0000 nan 100.00%
0 0 0.0000 27 34.1998 Cuts:11 135 100.00%
0 0 0.0000 27 34.1998 Cuts:18 147 100.00%
0+ 0 nan nan 28.6794 0.0000 nan 100.00%
0+ 0 nan nan 21.0605 0.0000 nan 100.00%
0+ 0 nan nan 13.6740 0.0000 nan 100.00%
0 2 0.0000 24 13.6740 0.0000 147 100.00%
CPXPARAM_MIP_Cuts_Gomory-LiftProj:Gomory 1
CPXPARAM_MIP_Cuts_Gomory-LiftProj:LiftProj 2
34
Node Left Objective IInf Best_Integer Best_Bound ItCnt Gap
0+ 0 nan nan 110.7059 0.0000 nan 100.00%
0+ 0 nan nan 77.5207 0.0000 nan 100.00%
0 0 30.3783 14 77.5207 30.3783 127 60.81%
0+ 0 nan nan 55.3937 30.3783 nan 45.16%
0 0 30.6241 26 55.3937 Cuts:15 156 44.72%
0+ 0 nan nan 49.9970 30.6241 nan 38.75%
0 0 31.9114 21 49.9970 Cuts:12 177 36.17%
0 0 32.8235 23 49.9970 Cuts:16 217 34.35%
0+ 0 nan nan 48.3296 32.8235 nan 32.08%
0 0 33.0918 26 48.3296 LiftProj:11 239 31.53%
0 0 34.1161 22 48.3296 Cuts:14 277 29.41%
0 0 34.6115 29 48.3296 Cuts:16 306 28.38%
0 0 35.1108 30 48.3296 Cuts:20 336 27.35%
0 0 36.0415 35 48.3296 Cuts:24 381 25.43%
0 0 36.1443 35 48.3296 LiftProj:8 408 25.21%
0 0 36.6854 32 48.3296 LiftProj:10 449 24.09%
0 0 37.0504 33 48.3296 LiftProj:13 471 23.34%
0 0 37.5326 31 48.3296 LiftProj:10 490 22.34%
0 0 37.6019 32 48.3296 LiftProj:8 501 22.20%
0 0 37.6501 35 48.3296 LiftProj:9 513 22.10%
0 0 37.6915 37 48.3296 LiftProj:9 528 22.01%
0 0 37.7314 38 48.3296 LiftProj:10 544 21.93%
0 0 37.8113 35 48.3296 LiftProj:6 562 21.76%
0+ 0 nan nan 48.3296 37.8113 nan 21.76%
0 0 37.9196 33 48.3296 LiftProj:7 576 21.54%
0 0 37.9993 37 48.3296 LiftProj:8 588 21.37%
0 0 38.1301 31 48.3296 LiftProj:4 610 21.10%
0 0 38.1714 32 48.3296 LiftProj:4 621 21.02%
0 0 38.1922 36 48.3296 LiftProj:5 627 20.98%
0 0 38.2089 34 48.3296 LiftProj:1 635 20.94%
0 0 38.2845 34 48.3296 LiftProj:5 651 20.78%
0 0 38.2981 34 48.3296 LiftProj:2 657 20.76%
0 0 38.3214 37 48.3296 LiftProj:8 672 20.71%
0 0 38.3441 31 48.3296 LiftProj:8 687 20.66%
0 0 38.4396 36 48.3296 LiftProj:6 708 20.46%
0 0 38.6169 33 48.3296 LiftProj:10 742 20.10%
0 0 38.6656 33 48.3296 LiftProj:4 756 20.00%
0 0 38.6816 33 48.3296 LiftProj:6 769 19.96%
0 0 38.6935 36 48.3296 LiftProj:3 780 19.94%
0 0 38.7814 34 48.3296 LiftProj:3 793 19.76%
0 0 38.8661 33 48.3296 LiftProj:5 819 19.58%
0 0 38.9313 33 48.3296 LiftProj:4 829 19.45%
0 0 38.9469 34 48.3296 LiftProj:5 836 19.41%
0 0 38.9756 35 48.3296 LiftProj:5 853 19.35%
0 0 38.9845 36 48.3296 LiftProj:4 862 19.34%
0+ 0 nan nan 41.9256 38.9845 nan 7.02%
0 2 40.1865 16 41.9256 40.3752 862 3.70%
CPXPARAM_MIP_Cuts_Gomory-LiftProj:Gomory 37
CPXPARAM_MIP_Cuts_Gomory-LiftProj:LiftProj 0
35
Node Left Objective IInf Best_Integer Best_Bound ItCnt Gap
0+ 0 nan nan 110.7059 0.0000 nan 100.00%
0+ 0 nan nan 92.0846 0.0000 nan 100.00%
0 0 0.0000 24 92.0846 0.0000 86 100.00%
0+ 0 nan nan 14.7394 0.0000 nan 100.00%
0 0 0.0000 25 14.7394 Cuts:17 127 100.00%
0+ 0 nan nan 11.8459 0.0000 nan 100.00%
0 0 0.0000 25 11.8459 Cuts:8 145 100.00%
0+ 0 nan nan 11.0957 0.0000 nan 100.00%
0 2 0.0000 25 11.0957 0.0000 145 100.00%
CPXPARAM_MIP_Cuts_Gomory-LiftProj:Gomory 3
CPXPARAM_MIP_Cuts_Gomory-LiftProj:LiftProj 1
36
Node Left Objective IInf Best_Integer Best_Bound ItCnt Gap
0+ 0 nan nan 123.7135 0.0000 nan 100.00%
0+ 0 nan nan 109.1977 0.0000 nan 100.00%
0+ 0 nan nan 99.0366 0.0000 nan 100.00%
0 0 34.8231 16 99.0366 34.8231 140 64.84%
0+ 0 nan nan 61.2031 34.8231 nan 43.10%
0 0 36.0704 27 61.2031 Cuts:21 176 41.06%
0 0 37.3881 29 61.2031 Cuts:22 208 38.91%
0 0 38.7343 28 61.2031 Cuts:15 243 36.71%
0 0 39.3442 30 61.2031 Cuts:18 272 35.72%
0 0 39.9961 30 61.2031 Cuts:18 300 34.65%
0 0 40.8111 31 61.2031 LiftProj:15 339 33.32%
0 0 41.4816 34 61.2031 Cuts:15 368 32.22%
0 0 41.8356 36 61.2031 LiftProj:13 392 31.64%
0 0 42.1044 35 61.2031 Cuts:15 409 31.21%
0 0 42.6687 35 61.2031 Cuts:17 447 30.28%
0 0 43.1386 34 61.2031 LiftProj:16 482 29.52%
0 0 43.1990 35 61.2031 LiftProj:10 495 29.42%
0 0 43.3414 34 61.2031 LiftProj:11 530 29.18%
0 0 43.4759 36 61.2031 LiftProj:9 554 28.96%
0 0 43.6336 36 61.2031 LiftProj:12 578 28.71%
0 0 43.8344 35 61.2031 LiftProj:10 607 28.38%
0 0 44.0715 35 61.2031 LiftProj:12 627 27.99%
0 0 44.3281 36 61.2031 LiftProj:12 647 27.57%
0 0 44.5038 34 61.2031 LiftProj:7 670 27.29%
0 0 44.7240 38 61.2031 LiftProj:11 694 26.93%
0 0 45.1105 36 61.2031 LiftProj:10 721 26.29%
0 0 45.3937 36 61.2031 LiftProj:10 750 25.83%
0 0 45.5946 39 61.2031 LiftProj:7 776 25.50%
0 0 45.8688 37 61.2031 LiftProj:10 791 25.05%
0 0 46.2355 35 61.2031 LiftProj:9 812 24.46%
0 0 46.2777 37 61.2031 LiftProj:7 822 24.39%
0 0 46.3794 37 61.2031 LiftProj:7 840 24.22%
0 0 46.4923 38 61.2031 LiftProj:8 854 24.04%
0 0 46.6675 38 61.2031 LiftProj:8 881 23.75%
0 0 46.7100 36 61.2031 LiftProj:8 899 23.68%
0 0 46.7625 37 61.2031 LiftProj:9 913 23.59%
0 0 46.7832 36 61.2031 LiftProj:7 924 23.56%
0 0 46.9521 36 61.2031 LiftProj:7 956 23.28%
0 0 47.0081 39 61.2031 LiftProj:8 971 23.19%
0 0 47.1220 38 61.2031 LiftProj:5 986 23.01%
0 0 47.1615 39 61.2031 LiftProj:7 998 22.94%
0 0 47.1789 38 61.2031 LiftProj:8 1010 22.91%
0 0 47.2018 38 61.2031 LiftProj:5 1026 22.88%
0+ 0 nan nan 54.4273 47.2018 nan 13.28%
0 0 47.2155 38 54.4273 LiftProj:9 1039 13.25%
0+ 0 nan nan 52.9256 47.2155 nan 10.79%
0 2 48.5931 16 52.9256 48.5936 1039 8.19%
CPXPARAM_MIP_Cuts_Gomory-LiftProj:Gomory 47
CPXPARAM_MIP_Cuts_Gomory-LiftProj:LiftProj 0
37
Node Left Objective IInf Best_Integer Best_Bound ItCnt Gap
0+ 0 nan nan 123.7135 0.0000 nan 100.00%
0+ 0 nan nan 109.7704 0.0000 nan 100.00%
0 0 0.0000 29 109.7704 0.0000 88 100.00%
0+ 0 nan nan 44.1875 0.0000 nan 100.00%
0 0 0.0000 24 44.1875 Cuts:5 95 100.00%
0+ 0 nan nan 20.0257 0.0000 nan 100.00%
0 0 0.0000 26 20.0257 Cuts:27 150 100.00%
0+ 0 nan nan 16.8246 0.0000 nan 100.00%
0 0 0.0000 23 16.8246 Cuts:4 164 100.00%
0 0 0.0000 22 16.8246 Cuts:18 220 100.00%
0 2 0.0000 22 16.8246 0.0000 220 100.00%
CPXPARAM_MIP_Cuts_Gomory-LiftProj:Gomory 0
CPXPARAM_MIP_Cuts_Gomory-LiftProj:LiftProj 2
38
Node Left Objective IInf Best_Integer Best_Bound ItCnt Gap
0+ 0 nan nan 123.7135 0.0000 nan 100.00%
0+ 0 nan nan 95.3556 0.0000 nan 100.00%
0 0 42.9033 7 95.3556 42.9033 120 55.01%
0+ 0 nan nan 51.1711 42.9033 nan 16.16%
0 0 42.9033 11 51.1711 Cuts:12 136 16.16%
0+ 0 nan nan 50.3068 42.9033 nan 14.72%
0 0 43.7273 23 50.3068 Cuts:13 165 13.08%
0 0 44.0170 23 50.3068 Cuts:11 188 12.50%
0 0 44.1022 26 50.3068 Cuts:10 201 12.33%
0 0 44.1572 25 50.3068 Cuts:9 221 12.22%
0 0 44.2495 26 50.3068 Cuts:12 241 12.04%
0 0 44.3914 28 50.3068 LiftProj:9 261 11.76%
0 0 44.8080 26 50.3068 LiftProj:14 292 10.93%
0 0 44.9431 26 50.3068 Cuts:9 305 10.66%
0 0 45.3156 25 50.3068 Cuts:13 330 9.92%
0 0 45.6422 28 50.3068 Cuts:12 356 9.27%
0 0 45.7357 28 50.3068 LiftProj:9 371 9.09%
0 0 46.0557 27 50.3068 Cuts:10 390 8.45%
0 0 46.0825 27 50.3068 LiftProj:7 397 8.40%
0 0 46.3357 29 50.3068 LiftProj:7 413 7.89%
0 0 46.4681 29 50.3068 LiftProj:9 428 7.63%
0 0 46.4887 28 50.3068 LiftProj:7 442 7.59%
0 0 46.5469 30 50.3068 Cuts:7 453 7.47%
0 0 46.6050 31 50.3068 LiftProj:3 459 7.36%
0 0 46.7248 28 50.3068 LiftProj:3 469 7.12%
0 0 46.7393 29 50.3068 LiftProj:6 476 7.09%
0 0 46.7625 28 50.3068 LiftProj:4 482 7.05%
0 0 46.7724 29 50.3068 LiftProj:5 489 7.03%
0+ 0 nan nan 47.5785 46.7724 nan 1.69%
0+ 0 nan nan 123.7135 0.0000 nan 100.00%
0+ 0 nan nan 90.9010 0.0000 nan 100.00%
0 0 0.0000 25 90.9010 0.0000 82 100.00%
0+ 0 nan nan 44.8044 0.0000 nan 100.00%
0 0 0.0000 21 44.8044 Cuts:21 108 100.00%
0+ 0 nan nan 17.9388 0.0000 nan 100.00%
0 0 0.0000 24 17.9388 Cuts:15 139 100.00%
0 0 0.0000 22 17.9388 Cuts:4 147 100.00%
0+ 0 nan nan 15.6775 0.0000 nan 100.00%
0+ 0 nan nan 10.5122 0.0000 nan 100.00%
0 2 0.0000 22 10.5122 0.0000 147 100.00%
CPXPARAM_MIP_Cuts_Gomory-LiftProj:Gomory 1
CPXPARAM_MIP_Cuts_Gomory-LiftProj:LiftProj 1
