0
Node Left Objective IInf Best_Integer Best_Bound ItCnt Gap
0+ 0 nan nan 136.4723 0.0000 nan 100.00%
0+ 0 nan nan 99.1655 0.0000 nan 100.00%
0 0 1.0620 26 99.1655 1.0620 177 98.93%
0 0 7.5957 28 99.1655 Cuts:29 216 92.34%
0 0 9.9756 28 99.1655 Cuts:37 249 89.94%
0+ 0 nan nan 84.6749 9.9756 nan 88.22%
0 0 11.5556 30 84.6749 Cuts:37 271 86.35%
0 0 13.6137 34 84.6749 Cuts:33 308 83.92%
0 0 14.1558 35 84.6749 Cuts:30 342 83.28%
0 0 14.6779 31 84.6749 LiftProj:15 376 82.67%
0 0 15.1811 33 84.6749 Cuts:19 398 82.07%
0 0 15.7259 34 84.6749 LiftProj:16 426 81.43%
0 0 16.6476 36 84.6749 Cuts:20 464 80.34%
0 0 17.0945 34 84.6749 LiftProj:15 499 79.81%
0 0 17.8506 36 84.6749 Cuts:24 537 78.92%
0 0 17.9011 35 84.6749 LiftProj:14 547 78.86%
0 0 18.1271 35 84.6749 LiftProj:17 566 78.59%
0 0 18.9554 36 84.6749 LiftProj:15 597 77.61%
0 0 19.1624 33 84.6749 LiftProj:12 616 77.37%
0 0 19.2660 36 84.6749 Cuts:28 641 77.25%
0 0 19.4111 35 84.6749 Cuts:14 657 77.08%
0 0 19.5386 36 84.6749 Cuts:22 683 76.93%
0 0 19.6532 36 84.6749 Cuts:15 711 76.79%
0 0 20.1296 36 84.6749 LiftProj:14 746 76.23%
0 0 20.5361 34 84.6749 Cuts:15 787 75.75%
0 0 20.7126 35 84.6749 Cuts:18 815 75.54%
0 0 20.8288 34 84.6749 Cuts:16 843 75.40%
0 0 20.9589 36 84.6749 Cuts:21 865 75.25%
0 0 21.3408 35 84.6749 Cuts:14 905 74.80%
0 0 21.5124 34 84.6749 Cuts:30 938 74.59%
0 0 21.8427 35 84.6749 LiftProj:15 960 74.20%
0 0 21.9883 35 84.6749 Cuts:19 983 74.03%
0 0 22.2524 33 84.6749 Cuts:10 1013 73.72%
0 0 22.4269 33 84.6749 LiftProj:12 1038 73.51%
0 0 22.7721 36 84.6749 Cuts:17 1072 73.11%
0 0 22.8922 36 84.6749 LiftProj:16 1097 72.96%
0 0 23.0193 38 84.6749 Cuts:12 1125 72.81%
0 0 23.0286 38 84.6749 LiftProj:9 1136 72.80%
0 0 23.0719 37 84.6749 LiftProj:12 1154 72.75%
0 0 23.1833 38 84.6749 LiftProj:15 1169 72.62%
0 0 23.2678 37 84.6749 LiftProj:10 1191 72.52%
0 0 23.4052 37 84.6749 LiftProj:9 1210 72.36%
0 0 23.5777 38 84.6749 LiftProj:19 1232 72.16%
0 0 23.6176 37 84.6749 Cuts:14 1249 72.11%
0 0 23.6857 37 84.6749 Cuts:17 1273 72.03%
0 0 23.7677 37 84.6749 Cuts:14 1301 71.93%
0+ 0 nan nan 82.3061 23.7677 nan 71.12%
0 0 24.0809 37 82.3061 LiftProj:17 1352 70.74%
0 0 24.2088 37 82.3061 LiftProj:16 1375 70.59%
0+ 0 nan nan 78.4914 24.2088 nan 69.16%
0 0 24.3814 36 78.4914 LiftProj:18 1404 68.94%
0 0 24.4647 38 78.4914 LiftProj:13 1427 68.83%
0 0 24.7337 37 78.4914 LiftProj:10 1463 68.49%
0 0 24.8279 37 78.4914 LiftProj:17 1486 68.37%
0 0 24.8854 37 78.4914 LiftProj:16 1501 68.30%
0 0 24.9447 37 78.4914 LiftProj:18 1522 68.22%
0 0 25.0229 35 78.4914 LiftProj:16 1534 68.12%
0 0 25.1008 36 78.4914 LiftProj:30 1554 68.02%
0 0 25.1328 38 78.4914 LiftProj:13 1566 67.98%
0 0 25.2072 38 78.4914 LiftProj:21 1591 67.89%
0 0 25.2311 39 78.4914 LiftProj:10 1602 67.85%
0 0 25.2311 39 78.4914 LiftProj:10 1608 67.85%
0 0 25.3187 37 78.4914 LiftProj:6 1626 67.74%
0 0 25.3240 37 78.4914 LiftProj:10 1635 67.74%
0+ 0 nan nan 63.4216 25.3240 nan 60.07%
0 2 25.3240 37 63.4216 25.3443 1635 60.04%
all 0
1
all 0
2
all 0
3
all 0
4
all 0
5
all 1
6
all 0
7
all 0
8
all 0
9
all 50
10
all 0
11
all 0
12
Node Left Objective IInf Best_Integer Best_Bound ItCnt Gap
0+ 0 nan nan 136.4723 0.0000 nan 100.00%
0+ 0 nan nan 99.1655 0.0000 nan 100.00%
0 0 0.0000 27 99.1655 0.0000 131 100.00%
0+ 0 nan nan 86.2827 0.0000 nan 100.00%
0 0 0.0000 20 86.2827 Cuts:2 135 100.00%
0+ 0 nan nan 77.7223 0.0000 nan 100.00%
0 0 0.0000 23 77.7223 Cuts:24 164 100.00%
0+ 0 nan nan 54.4045 0.0000 nan 100.00%
0 0 0.0000 20 54.4045 Cuts:4 172 100.00%
0 0 0.0000 21 54.4045 Cuts:19 196 100.00%
0+ 0 nan nan 54.2457 0.0000 nan 100.00%
0+ 0 nan nan 46.9763 0.0000 nan 100.00%
0 2 0.0000 20 46.9763 0.0000 196 100.00%
all 0
13
all 0
14
all 0
15
all 0
16
all 0
17
all 0
18
all 0
19
all 0
20
all 0
21
all 0
22
all 0
23
all 0
24
Node Left Objective IInf Best_Integer Best_Bound ItCnt Gap
0+ 0 nan nan 136.4723 0.0000 nan 100.00%
0+ 0 nan nan 69.8576 0.0000 nan 100.00%
0 0 0.0000 23 69.8576 0.0000 131 100.00%
0 0 0.0000 24 69.8576 Cuts:26 165 100.00%
0 0 0.8466 26 69.8576 Cuts:22 217 98.79%
0 0 3.7601 29 69.8576 Cuts:35 277 94.62%
0 0 6.3675 27 69.8576 Cuts:30 322 90.89%
0 0 7.3277 27 69.8576 Cuts:34 363 89.51%
0+ 0 nan nan 62.5858 7.3277 nan 88.29%
0 0 7.4164 28 62.5858 Cuts:15 380 88.15%
0 0 7.7398 30 62.5858 Cuts:13 402 87.63%
0 0 8.2384 30 62.5858 Cuts:16 429 86.84%
0 0 8.4967 28 62.5858 LiftProj:12 457 86.42%
0 0 8.8672 27 62.5858 LiftProj:13 478 85.83%
0 0 9.2710 30 62.5858 Cuts:16 498 85.19%
0 0 9.4546 31 62.5858 Cuts:12 514 84.89%
0 0 9.9464 30 62.5858 LiftProj:10 532 84.11%
0 0 10.3711 31 62.5858 LiftProj:12 553 83.43%
0 0 10.6927 30 62.5858 Cuts:13 573 82.92%
0 0 11.0200 32 62.5858 Cuts:12 596 82.39%
0 0 11.4563 32 62.5858 LiftProj:14 626 81.70%
0 0 12.0625 31 62.5858 Cuts:14 670 80.73%
0 0 13.1061 30 62.5858 Cuts:12 708 79.06%
0 0 13.5789 31 62.5858 Cuts:12 726 78.30%
0 0 13.7598 31 62.5858 LiftProj:10 745 78.01%
0 0 14.2602 30 62.5858 LiftProj:9 774 77.21%
0 0 14.3205 31 62.5858 LiftProj:8 782 77.12%
0 0 14.4787 31 62.5858 LiftProj:6 799 76.87%
0 0 14.7248 31 62.5858 LiftProj:10 828 76.47%
0 0 14.9822 28 62.5858 LiftProj:11 853 76.06%
0 0 15.0575 31 62.5858 LiftProj:14 866 75.94%
0 0 15.3804 29 62.5858 LiftProj:10 896 75.43%
0 0 15.5733 31 62.5858 LiftProj:8 913 75.12%
0 0 15.7104 30 62.5858 LiftProj:10 934 74.90%
0 0 15.8476 32 62.5858 LiftProj:9 951 74.68%
0 0 15.9542 32 62.5858 LiftProj:12 970 74.51%
0 0 16.0296 32 62.5858 LiftProj:7 989 74.39%
0 0 16.0724 31 62.5858 Cuts:8 1003 74.32%
0 0 16.1220 32 62.5858 LiftProj:9 1023 74.24%
0 0 16.2170 30 62.5858 LiftProj:9 1054 74.09%
0 0 16.2339 31 62.5858 LiftProj:9 1067 74.06%
0 0 16.3191 32 62.5858 LiftProj:8 1097 73.93%
0 0 16.5717 31 62.5858 LiftProj:7 1135 73.52%
0 0 16.8643 30 62.5858 LiftProj:16 1161 73.05%
0 0 16.9919 32 62.5858 LiftProj:9 1184 72.85%
0 0 17.0837 31 62.5858 LiftProj:12 1202 72.70%
0 0 17.2245 31 62.5858 LiftProj:10 1226 72.48%
0 0 17.4355 28 62.5858 LiftProj:8 1262 72.14%
0 0 17.4966 32 62.5858 LiftProj:8 1275 72.04%
0 0 17.5694 32 62.5858 LiftProj:9 1286 71.93%
0 0 17.7065 30 62.5858 LiftProj:9 1305 71.71%
0 0 17.9533 31 62.5858 Cuts:14 1340 71.31%
0 0 18.0425 32 62.5858 Cuts:13 1365 71.17%
0 0 18.1992 32 62.5858 LiftProj:9 1386 70.92%
0 0 18.2794 32 62.5858 LiftProj:9 1401 70.79%
0 0 18.3312 31 62.5858 Cuts:15 1428 70.71%
0 0 18.3574 31 62.5858 LiftProj:12 1446 70.67%
0 0 18.3854 32 62.5858 LiftProj:11 1462 70.62%
0 0 18.5243 31 62.5858 LiftProj:11 1496 70.40%
0 0 18.5686 31 62.5858 LiftProj:11 1516 70.33%
0 0 18.6947 31 62.5858 LiftProj:17 1539 70.13%
0 0 18.9734 32 62.5858 LiftProj:9 1567 69.68%
0 0 19.1296 31 62.5858 LiftProj:9 1584 69.43%
0 0 19.2349 31 62.5858 LiftProj:8 1601 69.27%
0 0 19.3084 32 62.5858 Cuts:10 1616 69.15%
0 0 19.3534 32 62.5858 LiftProj:7 1634 69.08%
0 0 19.5502 31 62.5858 LiftProj:7 1660 68.76%
0 0 19.6939 32 62.5858 LiftProj:8 1679 68.53%
0 0 19.7893 31 62.5858 LiftProj:8 1700 68.38%
0 0 19.8469 32 62.5858 LiftProj:10 1720 68.29%
0 0 19.8610 32 62.5858 LiftProj:9 1726 68.27%
0 0 19.8847 31 62.5858 LiftProj:5 1753 68.23%
0 0 19.8944 32 62.5858 LiftProj:7 1764 68.21%
0+ 0 nan nan 45.3858 19.8944 nan 56.17%
0 2 19.8944 32 45.3858 19.8992 1764 56.16%
all 0
25
all 0
26
all 0
27
all 0
28
all 0
29
all 0
30
all 0
31
all 0
32
all 0
33
all 46
34
all 0
35
all 0
36
Node Left Objective IInf Best_Integer Best_Bound ItCnt Gap
0+ 0 nan nan 136.4723 0.0000 nan 100.00%
0+ 0 nan nan 69.8576 0.0000 nan 100.00%
0 0 0.0000 23 69.8576 0.0000 128 100.00%
0+ 0 nan nan 52.6772 0.0000 nan 100.00%
0 0 0.0000 16 52.6772 Fract:1 129 100.00%
0+ 0 nan nan 20.1192 0.0000 nan 100.00%
0 0 0.0000 16 20.1192 Cuts:26 174 100.00%
0 0 0.0000 15 20.1192 Fract:2 175 100.00%
0+ 0 nan nan 18.1638 0.0000 nan 100.00%
0 2 0.0000 15 18.1638 0.0000 175 100.00%
all 0
37
all 0
38
all 0
39
all 0
40
all 0
41
all 0
42
all 0
43
all 0
44
all 0
45
all 0
46
all 1
47
all 0
48
Node Left Objective IInf Best_Integer Best_Bound ItCnt Gap
0+ 0 nan nan 115.1924 0.0000 nan 100.00%
0+ 0 nan nan 108.1598 0.0000 nan 100.00%
0+ 0 nan nan 98.2525 0.0000 nan 100.00%
0 0 10.9280 24 98.2525 10.9280 158 88.88%
0 0 16.0956 26 98.2525 Cuts:24 189 83.62%
0 0 17.8460 29 98.2525 Cuts:36 219 81.84%
0+ 0 nan nan 87.4798 17.8460 nan 79.60%
0 0 20.5900 29 87.4798 Cuts:30 261 76.46%
0 0 21.4294 31 87.4798 Cuts:26 297 75.50%
0 0 22.3816 30 87.4798 Cuts:25 327 74.42%
0 0 22.6460 32 87.4798 Cuts:15 347 74.11%
0 0 22.7467 31 87.4798 LiftProj:12 363 74.00%
0 0 23.2555 32 87.4798 LiftProj:13 391 73.42%
0 0 23.4316 32 87.4798 Cuts:13 413 73.21%
0 0 23.7082 33 87.4798 Cuts:19 438 72.90%
0 0 23.8632 34 87.4798 LiftProj:14 453 72.72%
0 0 24.1699 33 87.4798 Cuts:14 474 72.37%
0 0 24.7976 34 87.4798 Cuts:17 504 71.65%
0 0 24.9456 34 87.4798 Cuts:15 520 71.48%
0 0 25.1011 35 87.4798 Cuts:17 540 71.31%
0 0 25.3746 36 87.4798 LiftProj:11 565 70.99%
0 0 25.8384 34 87.4798 Cuts:19 599 70.46%
0 0 26.1204 35 87.4798 Cuts:14 621 70.14%
0+ 0 nan nan 83.3482 26.1204 nan 68.66%
0 0 26.2033 33 83.3482 LiftProj:17 637 68.56%
0 0 26.3265 33 83.3482 LiftProj:13 661 68.41%
0 0 27.0325 33 83.3482 LiftProj:14 698 67.57%
0 0 27.0650 33 83.3482 LiftProj:12 709 67.53%
0 0 27.3680 37 83.3482 LiftProj:16 739 67.16%
0 0 27.8457 36 83.3482 LiftProj:15 762 66.59%
0 0 27.9300 35 83.3482 LiftProj:13 770 66.49%
0 0 28.0825 35 83.3482 LiftProj:16 790 66.31%
0 0 28.2202 36 83.3482 LiftProj:15 805 66.14%
0 0 28.3162 37 83.3482 LiftProj:10 821 66.03%
0 0 28.7977 37 83.3482 Cuts:14 843 65.45%
0 0 28.8934 36 83.3482 LiftProj:15 853 65.33%
0 0 29.7223 35 83.3482 Cuts:11 880 64.34%
0 0 30.0442 34 83.3482 LiftProj:13 908 63.95%
0 0 30.3287 34 83.3482 LiftProj:15 932 63.61%
0 0 30.3801 36 83.3482 LiftProj:14 949 63.55%
0 0 30.4766 36 83.3482 LiftProj:11 962 63.43%
0 0 30.6850 35 83.3482 LiftProj:17 999 63.18%
0 0 30.8735 34 83.3482 LiftProj:11 1020 62.96%
0 0 31.1941 37 83.3482 LiftProj:11 1060 62.57%
0 0 31.2590 37 83.3482 LiftProj:10 1075 62.50%
0 0 31.3360 37 83.3482 LiftProj:7 1086 62.40%
0 0 31.5608 36 83.3482 Cuts:17 1120 62.13%
0 0 31.7174 36 83.3482 Cuts:9 1139 61.95%
0 0 31.7998 35 83.3482 LiftProj:19 1158 61.85%
0 0 31.8222 36 83.3482 LiftProj:9 1169 61.82%
0 0 31.8984 36 83.3482 LiftProj:13 1197 61.73%
0 0 31.8984 37 83.3482 LiftProj:7 1203 61.73%
0 0 31.9225 35 83.3482 LiftProj:8 1221 61.70%
0 0 31.9325 36 83.3482 LiftProj:10 1231 61.69%
0+ 0 nan nan 71.3168 31.9325 nan 55.22%
0 2 31.9325 36 71.3168 31.9360 1231 55.22%
all 0
49
all 0
50
all 0
51
all 0
52
all 0
53
all 0
54
all 0
55
all 0
56
all 0
57
all 44
58
all 1
59
all 0
60
Node Left Objective IInf Best_Integer Best_Bound ItCnt Gap
0+ 0 nan nan 115.1924 0.0000 nan 100.00%
0+ 0 nan nan 108.1598 0.0000 nan 100.00%
0+ 0 nan nan 79.8300 0.0000 nan 100.00%
0 0 0.0000 27 79.8300 0.0000 129 100.00%
0+ 0 nan nan 77.7750 0.0000 nan 100.00%
0 0 0.0000 20 77.7750 Fract:1 133 100.00%
0 0 0.0000 21 77.7750 Cuts:23 163 100.00%
0 0 0.0000 20 77.7750 Cuts:5 172 100.00%
0+ 0 nan nan 56.7740 0.0000 nan 100.00%
0 2 0.0000 20 56.7740 0.0000 172 100.00%
all 0
61
all 0
62
all 0
63
all 0
64
all 0
65
all 0
66
all 0
67
all 0
68
all 0
69
all 0
70
all 1
71
all 4
72
Node Left Objective IInf Best_Integer Best_Bound ItCnt Gap
0+ 0 nan nan 115.1924 0.0000 nan 100.00%
0+ 0 nan nan 81.9438 0.0000 nan 100.00%
0 0 10.7107 19 81.9438 10.7107 153 86.93%
0+ 0 nan nan 80.6567 10.7107 nan 86.72%
0 0 15.0383 22 80.6567 Cuts:25 178 81.36%
0 0 19.2516 25 80.6567 Cuts:32 209 76.13%
0 0 20.3732 24 80.6567 Cuts:31 236 74.74%
0 0 22.2423 26 80.6567 Cuts:33 275 72.42%
0 0 23.4166 25 80.6567 Cuts:33 316 70.97%
0+ 0 nan nan 68.7487 23.4166 nan 65.94%
0 0 23.5884 25 68.7487 LiftProj:11 330 65.69%
0 0 23.6176 27 68.7487 LiftProj:9 337 65.65%
0 0 24.1897 23 68.7487 LiftProj:10 361 64.81%
0 0 24.4330 25 68.7487 Cuts:17 383 64.46%
0 0 24.5136 27 68.7487 LiftProj:12 398 64.34%
0 0 24.7789 29 68.7487 LiftProj:11 411 63.96%
0 0 24.8049 29 68.7487 Cuts:15 417 63.92%
0 0 24.9099 28 68.7487 LiftProj:13 427 63.77%
0 0 24.9471 28 68.7487 Cuts:15 434 63.71%
0 0 25.0621 29 68.7487 Cuts:13 445 63.55%
0 0 25.2486 24 68.7487 Cuts:15 456 63.27%
0 0 25.3341 28 68.7487 Cuts:12 472 63.15%
0 0 25.5810 28 68.7487 Cuts:13 497 62.79%
0 0 25.6719 27 68.7487 LiftProj:17 509 62.66%
0 0 25.7739 29 68.7487 LiftProj:13 524 62.51%
0 0 25.9191 31 68.7487 LiftProj:8 539 62.30%
0 0 25.9393 31 68.7487 LiftProj:12 546 62.27%
0 0 26.3253 30 68.7487 LiftProj:17 575 61.71%
0 0 26.7827 30 68.7487 LiftProj:9 604 61.04%
0 0 26.9926 30 68.7487 LiftProj:9 620 60.74%
0 0 27.0872 31 68.7487 LiftProj:12 637 60.60%
0 0 27.3775 29 68.7487 LiftProj:9 657 60.18%
0 0 27.7581 30 68.7487 LiftProj:13 683 59.62%
0 0 28.1034 30 68.7487 LiftProj:10 706 59.12%
0 0 28.1309 30 68.7487 LiftProj:8 721 59.08%
0 0 28.2709 32 68.7487 LiftProj:11 739 58.88%
0 0 28.3896 32 68.7487 LiftProj:12 759 58.71%
0 0 28.6700 29 68.7487 LiftProj:11 789 58.30%
0 0 28.9320 31 68.7487 LiftProj:10 819 57.92%
0 0 28.9984 31 68.7487 LiftProj:9 832 57.82%
0 0 29.3771 30 68.7487 LiftProj:8 861 57.27%
0 0 29.4235 32 68.7487 LiftProj:9 873 57.20%
0 0 29.5786 31 68.7487 LiftProj:9 892 56.98%
0 0 29.7507 31 68.7487 LiftProj:9 920 56.73%
0 0 29.7888 29 68.7487 LiftProj:9 930 56.67%
0 0 29.8864 32 68.7487 LiftProj:11 953 56.53%
0 0 29.9222 31 68.7487 LiftProj:8 971 56.48%
0 0 30.2078 32 68.7487 LiftProj:10 998 56.06%
0 0 30.3462 31 68.7487 LiftProj:8 1012 55.86%
0 0 30.5936 31 68.7487 LiftProj:7 1033 55.50%
0 0 30.8209 30 68.7487 LiftProj:11 1060 55.17%
0 0 30.9884 30 68.7487 LiftProj:9 1081 54.93%
0+ 0 nan nan 68.2137 30.9884 nan 54.57%
0 0 31.0184 31 68.2137 LiftProj:10 1095 54.53%
0 0 31.1528 32 68.2137 LiftProj:7 1119 54.33%
0 0 31.1750 30 68.2137 LiftProj:7 1133 54.30%
0 0 31.2586 32 68.2137 LiftProj:7 1148 54.18%
0 0 31.6383 31 68.2137 Cuts:10 1190 53.62%
0 0 31.9587 30 68.2137 Cuts:13 1219 53.15%
0 0 32.1592 31 68.2137 Cuts:12 1252 52.86%
0 0 32.2156 32 68.2137 Cuts:9 1270 52.77%
0 0 32.2567 31 68.2137 LiftProj:7 1287 52.71%
0 0 32.3173 32 68.2137 Cuts:9 1305 52.62%
0 0 32.3395 31 68.2137 Cuts:8 1319 52.59%
0 0 32.4387 31 68.2137 Cuts:11 1348 52.45%
0 0 32.5397 32 68.2137 Cuts:10 1379 52.30%
0 0 32.5397 32 68.2137 LiftProj:4 1380 52.30%
0 0 32.5641 32 68.2137 LiftProj:9 1398 52.26%
0 0 32.5655 30 68.2137 Cuts:7 1402 52.26%
0+ 0 nan nan 54.9399 32.5655 nan 40.73%
0 2 32.5655 30 54.9399 32.5747 1402 40.71%
all 0
73
all 0
74
all 0
75
all 0
76
all 0
77
all 8
78
all 0
79
all 0
80
all 0
81
all 43
82
all 0
83
all 0
84
Node Left Objective IInf Best_Integer Best_Bound ItCnt Gap
0+ 0 nan nan 115.1924 0.0000 nan 100.00%
0+ 0 nan nan 81.9438 0.0000 nan 100.00%
0 0 0.0000 23 81.9438 0.0000 123 100.00%
0+ 0 nan nan 62.3577 0.0000 nan 100.00%
0+ 0 nan nan 41.4305 0.0000 nan 100.00%
0+ 0 nan nan 30.7090 0.0000 nan 100.00%
0 2 0.0000 16 30.7090 0.0000 123 100.00%
all 0
85
all 0
86
all 0
87
all 0
88
all 0
89
all 0
90
all 0
91
all 0
92
all 0
93
all 0
94
all 0
95
all 0
96
Node Left Objective IInf Best_Integer Best_Bound ItCnt Gap
0+ 0 nan nan 131.6037 0.0000 nan 100.00%
0+ 0 nan nan 111.2422 0.0000 nan 100.00%
0+ 0 nan nan 109.8445 0.0000 nan 100.00%
0 0 16.8750 23 109.8445 16.8750 153 84.64%
0 0 18.9170 29 109.8445 Cuts:21 189 82.78%
0 0 22.6891 31 109.8445 Cuts:35 228 79.34%
0 0 24.3286 29 109.8445 Cuts:32 252 77.85%
0 0 25.6217 30 109.8445 Cuts:27 287 76.67%
0 0 26.9192 32 109.8445 Cuts:27 314 75.49%
0 0 27.2769 33 109.8445 Cuts:20 340 75.17%
0 0 27.8374 32 109.8445 Cuts:19 367 74.66%
0 0 28.3717 34 109.8445 LiftProj:18 404 74.17%
0 0 29.0447 32 109.8445 Cuts:17 427 73.56%
0 0 29.3204 32 109.8445 Cuts:17 441 73.31%
0 0 29.3807 35 109.8445 LiftProj:18 451 73.25%
0 0 30.3539 34 109.8445 LiftProj:16 490 72.37%
0 0 30.3539 34 109.8445 LiftProj:12 493 72.37%
0 0 31.3601 34 109.8445 LiftProj:13 519 71.45%
0 0 31.6709 34 109.8445 LiftProj:19 540 71.17%
0 0 32.0584 34 109.8445 LiftProj:14 560 70.81%
0 0 32.5722 35 109.8445 LiftProj:21 591 70.35%
0 0 32.8527 34 109.8445 LiftProj:14 609 70.09%
0 0 33.1389 35 109.8445 LiftProj:19 628 69.83%
0 0 33.4211 36 109.8445 LiftProj:15 644 69.57%
0 0 34.0787 35 109.8445 LiftProj:14 683 68.98%
0 0 34.2395 36 109.8445 Cuts:19 706 68.83%
0 0 35.3550 36 109.8445 LiftProj:14 750 67.81%
0 0 35.8435 35 109.8445 Cuts:18 769 67.37%
0 0 36.1530 34 109.8445 LiftProj:20 792 67.09%
0 0 36.7922 34 109.8445 LiftProj:15 822 66.51%
0 0 36.8689 35 109.8445 LiftProj:13 831 66.44%
0 0 36.9378 36 109.8445 Cuts:12 843 66.37%
0 0 37.1119 35 109.8445 LiftProj:11 863 66.21%
0 0 37.3102 34 109.8445 LiftProj:16 888 66.03%
0 0 37.5618 36 109.8445 Cuts:11 911 65.80%
0 0 37.6712 36 109.8445 LiftProj:15 935 65.70%
0 0 37.9118 35 109.8445 LiftProj:16 971 65.49%
0 0 38.1543 33 109.8445 LiftProj:13 997 65.27%
0 0 38.2660 33 109.8445 LiftProj:11 1016 65.16%
0 0 38.3594 35 109.8445 LiftProj:14 1030 65.08%
0 0 38.4519 35 109.8445 LiftProj:9 1047 64.99%
0 0 38.5196 36 109.8445 LiftProj:12 1070 64.93%
0 0 38.6467 36 109.8445 Cuts:11 1087 64.82%
0 0 38.8425 35 109.8445 Cuts:14 1117 64.64%
0 0 38.8645 34 109.8445 LiftProj:15 1125 64.62%
0 0 39.0011 33 109.8445 LiftProj:9 1147 64.49%
0 0 39.0104 35 109.8445 LiftProj:11 1156 64.49%
0+ 0 nan nan 82.3512 39.0104 nan 52.63%
0 2 39.0104 35 82.3512 39.0211 1156 52.62%
all 0
97
all 0
98
all 0
99
all 0
100
all 0
101
all 1
102
all 0
103
all 0
104
all 0
105
all 49
106
all 0
107
all 1
108
Node Left Objective IInf Best_Integer Best_Bound ItCnt Gap
0+ 0 nan nan 131.6037 0.0000 nan 100.00%
0+ 0 nan nan 111.2422 0.0000 nan 100.00%
0 0 0.0000 27 111.2422 0.0000 128 100.00%
0+ 0 nan nan 94.5662 0.0000 nan 100.00%
0 0 0.0000 23 94.5662 Disjcuts:5 140 100.00%
0 0 0.0000 22 94.5662 Cuts:39 193 100.00%
0+ 0 nan nan 73.7393 0.0000 nan 100.00%
0 0 0.0000 22 73.7393 Cuts:5 205 100.00%
0+ 0 nan nan 72.4622 0.0000 nan 100.00%
0+ 0 nan nan 65.0940 0.0000 nan 100.00%
0 2 0.0000 21 65.0940 0.0000 205 100.00%
all 0
109
all 0
110
all 0
111
all 0
112
all 0
113
all 0
114
all 0
115
all 0
116
all 0
117
all 0
118
all 0
119
all 2
120
Node Left Objective IInf Best_Integer Best_Bound ItCnt Gap
0+ 0 nan nan 131.6037 0.0000 nan 100.00%
0+ 0 nan nan 99.6733 0.0000 nan 100.00%
0 0 0.0000 23 99.6733 0.0000 139 100.00%
0 0 1.8891 26 99.6733 Cuts:31 216 98.10%
0 0 6.0892 28 99.6733 Cuts:32 253 93.89%
0 0 9.3424 30 99.6733 Cuts:43 284 90.63%
0 0 10.6090 27 99.6733 Cuts:16 312 89.36%
0 0 13.1858 28 99.6733 Cuts:27 338 86.77%
0 0 14.4896 30 99.6733 Cuts:14 353 85.46%
0 0 16.0988 30 99.6733 Cuts:15 381 83.85%
0 0 17.0790 32 99.6733 LiftProj:14 408 82.86%
0 0 18.1007 29 99.6733 LiftProj:13 437 81.84%
0 0 19.2241 29 99.6733 LiftProj:13 466 80.71%
0 0 20.3652 30 99.6733 LiftProj:10 487 79.57%
0 0 20.6071 30 99.6733 LiftProj:14 499 79.33%
0 0 21.2115 30 99.6733 LiftProj:14 522 78.72%
0 0 21.5191 30 99.6733 LiftProj:12 551 78.41%
0 0 21.7813 31 99.6733 LiftProj:15 566 78.15%
0 0 22.5698 31 99.6733 LiftProj:9 586 77.36%
0 0 23.3305 31 99.6733 LiftProj:9 609 76.59%
0 0 23.6834 30 99.6733 LiftProj:14 627 76.24%
0 0 23.9934 30 99.6733 LiftProj:10 652 75.93%
0 0 24.3608 30 99.6733 Cuts:13 670 75.56%
0 0 24.6781 31 99.6733 LiftProj:16 703 75.24%
0 0 25.2337 31 99.6733 LiftProj:10 728 74.68%
0+ 0 nan nan 96.6221 25.2337 nan 73.88%
0 0 25.6922 30 96.6221 LiftProj:14 746 73.41%
0 0 26.0926 31 96.6221 LiftProj:11 757 73.00%
0 0 26.3399 31 96.6221 LiftProj:13 779 72.74%
0 0 26.6091 30 96.6221 LiftProj:9 806 72.46%
0 0 26.7617 32 96.6221 LiftProj:9 827 72.30%
0 0 26.8480 32 96.6221 LiftProj:6 842 72.21%
0 0 26.9821 32 96.6221 LiftProj:12 865 72.07%
0 0 27.2187 32 96.6221 LiftProj:10 885 71.83%
0 0 27.3097 31 96.6221 LiftProj:8 910 71.74%
0 0 27.7262 31 96.6221 LiftProj:12 939 71.30%
0 0 28.0303 31 96.6221 LiftProj:9 967 70.99%
0 0 28.2030 31 96.6221 LiftProj:10 989 70.81%
0 0 28.4290 31 96.6221 LiftProj:9 1017 70.58%
0+ 0 nan nan 94.4382 28.4290 nan 69.90%
0 0 28.5288 32 94.4382 LiftProj:9 1038 69.79%
0 0 28.6300 33 94.4382 LiftProj:15 1058 69.68%
0 0 28.7605 32 94.4382 LiftProj:7 1077 69.55%
0 0 29.1863 32 94.4382 Cuts:13 1104 69.09%
0 0 29.2551 31 94.4382 LiftProj:9 1124 69.02%
0 0 29.3058 32 94.4382 LiftProj:10 1138 68.97%
0 0 29.3620 32 94.4382 LiftProj:11 1154 68.91%
0 0 29.8456 28 94.4382 LiftProj:13 1187 68.40%
0 0 30.0486 30 94.4382 LiftProj:11 1205 68.18%
0 0 30.2794 31 94.4382 LiftProj:10 1225 67.94%
0 0 30.4881 32 94.4382 Cuts:10 1247 67.72%
0 0 30.5748 30 94.4382 LiftProj:7 1267 67.62%
0 0 30.8063 31 94.4382 LiftProj:12 1294 67.38%
0 0 30.9954 32 94.4382 LiftProj:10 1306 67.18%
0 0 31.0684 30 94.4382 LiftProj:7 1320 67.10%
0 0 31.1222 30 94.4382 LiftProj:11 1332 67.04%
0 0 31.1929 31 94.4382 LiftProj:12 1354 66.97%
0 0 31.2758 32 94.4382 LiftProj:12 1371 66.88%
0 0 31.3220 31 94.4382 LiftProj:9 1387 66.83%
0 0 31.4454 32 94.4382 LiftProj:11 1409 66.70%
0 0 31.5184 32 94.4382 LiftProj:7 1430 66.63%
0 0 31.5858 32 94.4382 LiftProj:9 1456 66.55%
0 0 31.6193 32 94.4382 LiftProj:12 1481 66.52%
0 0 31.6412 32 94.4382 LiftProj:10 1501 66.50%
0 0 31.6604 32 94.4382 LiftProj:8 1522 66.47%
0 0 31.7011 31 94.4382 LiftProj:9 1541 66.43%
0 0 31.7175 32 94.4382 LiftProj:10 1559 66.41%
0+ 0 nan nan 88.9296 31.7175 nan 64.33%
0+ 0 nan nan 68.2460 31.7175 nan 53.52%
0 2 31.7175 32 68.2460 31.7206 1559 53.52%
all 0
121
all 0
122
all 0
123
all 0
124
all 0
125
all 0
126
all 0
127
all 0
128
all 0
129
all 49
130
all 0
131
all 0
132
Node Left Objective IInf Best_Integer Best_Bound ItCnt Gap
0+ 0 nan nan 131.6037 0.0000 nan 100.00%
0+ 0 nan nan 99.6733 0.0000 nan 100.00%
0 0 0.0000 23 99.6733 0.0000 134 100.00%
0+ 0 nan nan 80.1830 0.0000 nan 100.00%
0 0 0.0000 17 80.1830 Cuts:6 144 100.00%
0 0 0.0000 17 80.1830 Cuts:25 186 100.00%
0+ 0 nan nan 77.8602 0.0000 nan 100.00%
0 0 0.0000 17 77.8602 LiftProj:3 199 100.00%
0+ 0 nan nan 71.7689 0.0000 nan 100.00%
0+ 0 nan nan 44.8873 0.0000 nan 100.00%
0+ 0 nan nan 44.0545 0.0000 nan 100.00%
0+ 0 nan nan 43.1615 0.0000 nan 100.00%
0 2 0.0000 17 43.1615 0.0000 199 100.00%
all 0
133
all 0
134
all 0
135
all 0
136
all 0
137
all 0
138
all 0
139
all 0
140
all 0
141
all 2
142
all 0
143
all 1
144
Node Left Objective IInf Best_Integer Best_Bound ItCnt Gap
0+ 0 nan nan 110.3567 0.0000 nan 100.00%
0+ 0 nan nan 96.6816 0.0000 nan 100.00%
0 0 0.0000 27 96.6816 0.0000 148 100.00%
0 0 7.5578 29 96.6816 Cuts:37 239 92.18%
0 0 11.2361 32 96.6816 Cuts:38 276 88.38%
0+ 0 nan nan 94.3483 11.2361 nan 88.09%
0 0 13.0288 33 94.3483 Cuts:41 320 86.19%
0 0 15.1932 33 94.3483 Cuts:48 371 83.90%
0 0 16.5557 32 94.3483 Cuts:40 421 82.45%
0 0 16.6507 34 94.3483 Cuts:15 431 82.35%
0+ 0 nan nan 91.9373 16.6507 nan 81.89%
0 0 17.2362 36 91.9373 Cuts:17 473 81.25%
0 0 17.4804 36 91.9373 LiftProj:13 496 80.99%
0 0 17.7127 36 91.9373 Cuts:17 532 80.73%
0 0 18.2168 34 91.9373 Cuts:14 562 80.19%
0 0 18.4497 35 91.9373 LiftProj:12 578 79.93%
0 0 18.9649 35 91.9373 LiftProj:12 606 79.37%
0 0 19.8256 31 91.9373 LiftProj:12 639 78.44%
0 0 20.3556 35 91.9373 Cuts:22 677 77.86%
0 0 20.5681 32 91.9373 LiftProj:16 706 77.63%
0 0 20.8618 36 91.9373 LiftProj:14 733 77.31%
0 0 21.2512 34 91.9373 LiftProj:12 764 76.89%
0 0 21.6985 34 91.9373 LiftProj:10 800 76.40%
0 0 21.7683 34 91.9373 LiftProj:9 812 76.32%
0 0 21.9630 34 91.9373 Cuts:20 833 76.11%
0 0 22.1971 34 91.9373 Cuts:15 854 75.86%
0 0 22.6984 36 91.9373 Cuts:16 886 75.31%
0 0 22.9412 35 91.9373 LiftProj:8 901 75.05%
0 0 23.2390 37 91.9373 LiftProj:12 926 74.72%
0 0 23.4039 37 91.9373 LiftProj:16 955 74.54%
0 0 23.8481 37 91.9373 LiftProj:9 994 74.06%
0 0 24.1490 36 91.9373 LiftProj:13 1028 73.73%
0+ 0 nan nan 85.9674 24.1490 nan 71.91%
0 0 24.2101 37 85.9674 LiftProj:12 1041 71.84%
0 0 24.5228 37 85.9674 LiftProj:11 1066 71.47%
0 0 24.7475 36 85.9674 LiftProj:10 1090 71.21%
0 0 24.8445 37 85.9674 LiftProj:10 1114 71.10%
0 0 25.0127 37 85.9674 LiftProj:12 1151 70.90%
0 0 25.0761 37 85.9674 LiftProj:12 1171 70.83%
0 0 25.1349 35 85.9674 LiftProj:11 1192 70.76%
0 0 25.2837 36 85.9674 LiftProj:10 1221 70.59%
0 0 25.4111 35 85.9674 LiftProj:12 1244 70.44%
0 0 25.4994 36 85.9674 LiftProj:12 1266 70.34%
0 0 25.6092 36 85.9674 LiftProj:12 1289 70.21%
0 0 25.6342 36 85.9674 LiftProj:13 1297 70.18%
0 0 25.7299 37 85.9674 LiftProj:13 1322 70.07%
0 0 25.7659 36 85.9674 LiftProj:9 1342 70.03%
0 0 25.7929 37 85.9674 LiftProj:14 1367 70.00%
0 0 25.7929 37 85.9674 LiftProj:3 1369 70.00%
0 0 25.8905 36 85.9674 LiftProj:9 1399 69.88%
0+ 0 nan nan 82.5409 25.8905 nan 68.63%
0 0 25.9583 37 82.5409 LiftProj:9 1414 68.55%
0 0 26.0147 36 82.5409 LiftProj:11 1433 68.48%
0 0 26.0179 36 82.5409 LiftProj:8 1446 68.48%
0+ 0 nan nan 81.3350 26.0179 nan 68.01%
0+ 0 nan nan 78.4629 26.0179 nan 66.84%
0+ 0 nan nan 75.4200 26.0179 nan 65.50%
0 2 26.0179 36 75.4200 26.0199 1446 65.50%
all 0
145
all 0
146
all 0
147
all 0
148
all 0
149
all 0
150
all 0
151
all 0
152
all 0
153
all 48
154
all 0
155
all 0
156
Node Left Objective IInf Best_Integer Best_Bound ItCnt Gap
0+ 0 nan nan 110.3567 0.0000 nan 100.00%
0+ 0 nan nan 96.6816 0.0000 nan 100.00%
0 0 0.0000 27 96.6816 0.0000 129 100.00%
0+ 0 nan nan 73.2319 0.0000 nan 100.00%
0 0 0.0000 21 73.2319 Cuts:8 140 100.00%
0 0 0.0000 22 73.2319 Cuts:26 192 100.00%
0+ 0 nan nan 53.5950 0.0000 nan 100.00%
0 0 0.0000 22 53.5950 Fract:3 197 100.00%
0+ 0 nan nan 43.2248 0.0000 nan 100.00%
0 2 0.0000 21 43.2248 0.0000 197 100.00%
all 0
157
all 0
158
all 0
159
all 0
160
all 0
161
all 0
162
all 0
163
all 0
164
all 0
165
all 0
166
all 0
167
all 0
168
Node Left Objective IInf Best_Integer Best_Bound ItCnt Gap
0+ 0 nan nan 110.3567 0.0000 nan 100.00%
0+ 0 nan nan 82.1268 0.0000 nan 100.00%
0 0 0.0000 23 82.1268 0.0000 134 100.00%
0 0 2.8572 25 82.1268 Cuts:33 211 96.52%
0 0 8.6275 27 82.1268 Cuts:47 258 89.49%
0 0 10.4008 28 82.1268 Cuts:23 281 87.34%
0 0 11.8467 27 82.1268 Cuts:27 317 85.58%
0 0 14.1674 26 82.1268 Cuts:37 348 82.75%
0 0 14.6963 27 82.1268 Cuts:15 365 82.11%
0 0 15.2413 30 82.1268 Cuts:14 393 81.44%
0+ 0 nan nan 80.0079 15.2413 nan 80.95%
0 0 15.9040 30 80.0079 LiftProj:15 427 80.12%
0 0 16.7978 28 80.0079 Cuts:15 459 79.00%
0 0 16.9076 30 80.0079 LiftProj:15 477 78.87%
0 0 17.7358 28 80.0079 LiftProj:13 509 77.83%
0 0 18.5735 31 80.0079 Cuts:16 539 76.79%
0 0 19.2449 30 80.0079 Cuts:17 583 75.95%
0 0 19.8383 29 80.0079 LiftProj:11 616 75.20%
0 0 20.4237 29 80.0079 LiftProj:13 640 74.47%
0 0 20.6623 31 80.0079 LiftProj:17 660 74.17%
0 0 20.7251 30 80.0079 LiftProj:10 678 74.10%
0 0 20.7807 32 80.0079 LiftProj:10 692 74.03%
0 0 21.0753 31 80.0079 LiftProj:11 733 73.66%
0 0 21.1491 32 80.0079 LiftProj:9 751 73.57%
0 0 21.4398 32 80.0079 LiftProj:14 769 73.20%
0 0 21.5910 32 80.0079 LiftProj:12 787 73.01%
0 0 21.7391 31 80.0079 LiftProj:14 809 72.83%
0 0 21.8534 30 80.0079 LiftProj:11 831 72.69%
0+ 0 nan nan 64.6552 21.8534 nan 66.20%
0 0 21.9543 32 64.6552 Cuts:15 854 66.04%
0 0 22.0687 31 64.6552 LiftProj:11 877 65.87%
0 0 22.3756 32 64.6552 LiftProj:13 899 65.39%
0 0 22.5641 32 64.6552 Cuts:10 915 65.10%
0 0 22.8055 31 64.6552 LiftProj:10 931 64.73%
0 0 22.9267 32 64.6552 LiftProj:10 950 64.54%
0 0 23.0193 30 64.6552 LiftProj:12 966 64.40%
0 0 23.1422 31 64.6552 LiftProj:10 986 64.21%
0 0 23.3878 32 64.6552 LiftProj:13 1010 63.83%
0 0 23.5624 32 64.6552 LiftProj:12 1034 63.56%
0 0 23.7492 32 64.6552 LiftProj:10 1059 63.27%
0 0 23.8167 32 64.6552 LiftProj:9 1072 63.16%
0 0 23.9620 31 64.6552 LiftProj:10 1094 62.94%
0 0 24.0282 32 64.6552 LiftProj:11 1118 62.84%
0 0 24.0947 32 64.6552 LiftProj:11 1138 62.73%
0 0 24.1921 32 64.6552 LiftProj:6 1158 62.58%
0 0 24.3565 31 64.6552 LiftProj:10 1187 62.33%
0 0 24.4010 32 64.6552 LiftProj:10 1207 62.26%
0 0 24.4451 32 64.6552 LiftProj:12 1225 62.19%
0 0 24.5183 32 64.6552 LiftProj:10 1246 62.08%
0 0 24.7026 31 64.6552 LiftProj:10 1271 61.79%
0 0 25.0177 32 64.6552 Cuts:12 1303 61.31%
0 0 25.1721 32 64.6552 LiftProj:9 1325 61.07%
0 0 25.4377 31 64.6552 LiftProj:9 1355 60.66%
0 0 25.6319 32 64.6552 LiftProj:13 1378 60.36%
0 0 25.6592 32 64.6552 LiftProj:10 1389 60.31%
0 0 25.6893 31 64.6552 LiftProj:12 1401 60.27%
0 0 25.7894 32 64.6552 LiftProj:11 1433 60.11%
0 0 25.8636 32 64.6552 LiftProj:12 1450 60.00%
0 0 25.9130 32 64.6552 LiftProj:8 1470 59.92%
0 0 26.1253 31 64.6552 LiftProj:8 1514 59.59%
0 0 26.1980 32 64.6552 LiftProj:7 1535 59.48%
0 0 26.2442 32 64.6552 LiftProj:9 1557 59.41%
0 0 26.3441 31 64.6552 LiftProj:9 1581 59.25%
0 0 26.3651 31 64.6552 LiftProj:10 1592 59.22%
0 0 26.4208 32 64.6552 LiftProj:9 1611 59.14%
0 0 26.4760 32 64.6552 LiftProj:9 1633 59.05%
0 0 26.4957 32 64.6552 LiftProj:8 1645 59.02%
0 0 26.5524 32 64.6552 LiftProj:9 1665 58.93%
0 0 26.6480 31 64.6552 LiftProj:7 1696 58.78%
0 0 26.6614 31 64.6552 LiftProj:7 1713 58.76%
0 0 26.6711 32 64.6552 LiftProj:14 1727 58.75%
0+ 0 nan nan 62.7012 26.6711 nan 57.46%
0+ 0 nan nan 54.1171 26.6711 nan 50.72%
0 2 26.6711 32 54.1171 26.6727 1727 50.71%
all 0
169
all 0
170
all 0
171
all 0
172
all 0
173
all 1
174
all 0
175
all 0
176
all 0
177
all 53
178
all 0
179
all 1
180
Node Left Objective IInf Best_Integer Best_Bound ItCnt Gap
0+ 0 nan nan 110.3567 0.0000 nan 100.00%
0+ 0 nan nan 82.1268 0.0000 nan 100.00%
0 0 0.0000 23 82.1268 0.0000 126 100.00%
0+ 0 nan nan 37.4097 0.0000 nan 100.00%
0 0 0.0000 17 37.4097 Cuts:5 133 100.00%
0 0 0.0000 17 37.4097 Cuts:20 167 100.00%
0 0 0.0000 17 37.4097 Cuts:9 172 100.00%
0+ 0 nan nan 36.9275 0.0000 nan 100.00%
0 2 0.0000 16 36.9275 0.0000 172 100.00%
all 0
181
all 0
182
all 0
183
all 0
184
all 0
185
all 0
186
all 0
187
all 0
188
all 0
189
all 0
190
all 0
191
all 0
192
Node Left Objective IInf Best_Integer Best_Bound ItCnt Gap
0+ 0 nan nan 109.2984 0.0000 nan 100.00%
0+ 0 nan nan 97.6971 0.0000 nan 100.00%
0 0 0.0000 27 97.6971 0.0000 150 100.00%
0 0 9.1626 31 97.6971 Cuts:35 225 90.62%
0 0 12.4374 33 97.6971 Cuts:45 280 87.27%
0 0 14.9112 32 97.6971 Cuts:41 332 84.74%
0 0 17.0998 32 97.6971 Cuts:31 377 82.50%
0 0 18.8383 35 97.6971 Cuts:39 413 80.72%
0 0 19.2632 36 97.6971 Cuts:19 434 80.28%
0+ 0 nan nan 95.1823 19.2632 nan 79.76%
0 0 19.8237 37 95.1823 LiftProj:12 470 79.17%
0 0 20.2021 34 95.1823 Cuts:18 495 78.78%
0 0 20.2100 36 95.1823 LiftProj:13 498 78.77%
0 0 20.6610 34 95.1823 LiftProj:12 530 78.29%
0 0 21.5196 33 95.1823 Cuts:17 575 77.39%
0+ 0 nan nan 94.3226 21.5196 nan 77.19%
0 0 21.6544 34 94.3226 Cuts:14 590 77.04%
0 0 21.8185 35 94.3226 Cuts:14 611 76.87%
0 0 22.3790 35 94.3226 LiftProj:14 652 76.27%
0 0 22.4768 36 94.3226 LiftProj:12 664 76.17%
0 0 23.1079 34 94.3226 LiftProj:13 696 75.50%
0 0 23.2957 36 94.3226 LiftProj:15 713 75.30%
0 0 23.7340 33 94.3226 Cuts:11 741 74.84%
0 0 24.0047 32 94.3226 Cuts:10 760 74.55%
0 0 24.0349 34 94.3226 LiftProj:15 768 74.52%
0 0 24.3553 36 94.3226 Cuts:17 799 74.18%
0 0 24.3912 36 94.3226 Cuts:14 806 74.14%
0 0 24.8711 35 94.3226 LiftProj:12 834 73.63%
0 0 24.9063 36 94.3226 LiftProj:12 845 73.59%
0+ 0 nan nan 93.9755 24.9063 nan 73.50%
0 0 24.9063 36 93.9755 LiftProj:13 850 73.50%
0 0 25.2573 35 93.9755 LiftProj:16 876 73.12%
0 0 25.6813 35 93.9755 Cuts:14 899 72.67%
0 0 25.8052 36 93.9755 LiftProj:13 915 72.54%
0 0 25.8540 37 93.9755 LiftProj:12 932 72.49%
0+ 0 nan nan 93.1379 25.8540 nan 72.24%
0 0 26.1192 34 93.1379 LiftProj:12 956 71.96%
0 0 26.1192 34 93.1379 LiftProj:9 961 71.96%
0+ 0 nan nan 75.9266 26.1192 nan 65.60%
0+ 0 nan nan 69.5163 26.1192 nan 62.43%
0+ 0 nan nan 63.3973 26.1192 nan 58.80%
0 2 26.1192 34 63.3973 26.1262 961 58.79%
all 0
193
all 0
194
all 0
195
all 0
196
all 0
197
all 0
198
all 0
199
all 0
200
all 0
201
all 32
202
all 0
203
all 4
204
Node Left Objective IInf Best_Integer Best_Bound ItCnt Gap
0+ 0 nan nan 109.2984 0.0000 nan 100.00%
0+ 0 nan nan 97.6971 0.0000 nan 100.00%
0 0 0.0000 27 97.6971 0.0000 125 100.00%
0+ 0 nan nan 71.0845 0.0000 nan 100.00%
0 0 0.0000 21 71.0845 Disjcuts:1 130 100.00%
0+ 0 nan nan 59.5187 0.0000 nan 100.00%
0 0 0.0000 22 59.5187 Cuts:29 150 100.00%
0+ 0 nan nan 51.9458 0.0000 nan 100.00%
0+ 0 nan nan 38.8584 0.0000 nan 100.00%
0 2 0.0000 21 38.8584 0.0000 150 100.00%
all 0
205
all 0
206
all 0
207
all 0
208
all 0
209
all 0
210
all 0
211
all 0
212
all 0
213
all 0
214
all 0
215
all 0
216
Node Left Objective IInf Best_Integer Best_Bound ItCnt Gap
0+ 0 nan nan 109.2984 0.0000 nan 100.00%
0+ 0 nan nan 86.6088 0.0000 nan 100.00%
0 0 11.3010 19 86.6088 11.3010 155 86.95%
0 0 15.5373 21 86.6088 Cuts:26 187 82.06%
0 0 18.9536 24 86.6088 Cuts:30 221 78.12%
0 0 20.6175 25 86.6088 Cuts:33 267 76.19%
0 0 21.7167 27 86.6088 Cuts:35 301 74.93%
0 0 23.6568 28 86.6088 Cuts:31 347 72.69%
0 0 24.4615 26 86.6088 Cuts:14 371 71.76%
0+ 0 nan nan 79.9034 24.4615 nan 69.39%
0 0 24.7273 31 79.9034 LiftProj:14 385 69.05%
0 0 24.9590 27 79.9034 Cuts:11 407 68.76%
0 0 25.3412 27 79.9034 LiftProj:13 423 68.29%
0 0 25.9176 28 79.9034 LiftProj:14 455 67.56%
0 0 26.9351 29 79.9034 LiftProj:17 489 66.29%
0 0 27.6019 27 79.9034 Cuts:16 511 65.46%
0 0 27.8817 29 79.9034 LiftProj:17 537 65.11%
0 0 28.4200 30 79.9034 LiftProj:14 567 64.43%
0 0 28.8269 31 79.9034 LiftProj:11 591 63.92%
0 0 29.1157 31 79.9034 Cuts:14 626 63.56%
0 0 29.8412 30 79.9034 Cuts:12 658 62.65%
0 0 30.4457 31 79.9034 LiftProj:15 686 61.90%
0 0 30.6900 32 79.9034 Cuts:14 708 61.59%
0 0 30.9404 31 79.9034 LiftProj:11 732 61.28%
0 0 31.1140 31 79.9034 LiftProj:8 761 61.06%
0 0 31.3789 30 79.9034 Cuts:15 796 60.73%
0 0 31.6056 32 79.9034 LiftProj:16 816 60.45%
0 0 31.9889 30 79.9034 LiftProj:11 845 59.97%
0 0 32.0046 30 79.9034 LiftProj:10 857 59.95%
0 0 32.1340 31 79.9034 Cuts:11 877 59.78%
0 0 32.3055 30 79.9034 LiftProj:12 894 59.57%
0 0 32.4625 31 79.9034 Cuts:13 925 59.37%
0 0 32.5625 29 79.9034 LiftProj:10 943 59.25%
0 0 32.5955 31 79.9034 LiftProj:16 963 59.21%
0 0 32.6858 32 79.9034 LiftProj:10 979 59.09%
0 0 33.0568 31 79.9034 LiftProj:11 1017 58.63%
0 0 33.2224 32 79.9034 Cuts:11 1036 58.42%
0 0 33.3606 31 79.9034 LiftProj:11 1059 58.25%
0 0 33.4012 32 79.9034 LiftProj:14 1073 58.20%
0 0 33.8705 32 79.9034 LiftProj:9 1117 57.61%
0 0 34.0073 31 79.9034 LiftProj:12 1147 57.44%
0 0 34.0856 31 79.9034 Cuts:13 1166 57.34%
0+ 0 nan nan 74.0506 34.0856 nan 53.97%
0 0 34.2445 32 74.0506 LiftProj:14 1189 53.76%
0 0 34.3607 32 74.0506 LiftProj:10 1208 53.60%
0 0 34.4700 31 74.0506 Cuts:14 1225 53.45%
0 0 34.6312 30 74.0506 LiftProj:11 1254 53.23%
0 0 34.7053 32 74.0506 LiftProj:8 1271 53.13%
0 0 34.7709 32 74.0506 LiftProj:7 1287 53.04%
0 0 34.7855 32 74.0506 LiftProj:8 1297 53.02%
0 0 34.8801 32 74.0506 LiftProj:10 1319 52.90%
0 0 35.0192 32 74.0506 LiftProj:8 1338 52.71%
0 0 35.0733 32 74.0506 LiftProj:9 1356 52.64%
0 0 35.1305 32 74.0506 LiftProj:7 1368 52.56%
0 0 35.2421 32 74.0506 LiftProj:6 1387 52.41%
0 0 35.3757 32 74.0506 Cuts:11 1412 52.23%
0 0 35.4292 32 74.0506 LiftProj:8 1424 52.16%
0 0 35.4464 32 74.0506 LiftProj:9 1439 52.13%
0+ 0 nan nan 58.4624 35.4464 nan 39.37%
0 2 35.4464 32 58.4624 35.4484 1439 39.37%
all 0
217
all 0
218
all 0
219
all 0
220
all 0
221
all 0
222
all 0
223
all 0
224
all 0
225
all 46
226
all 1
227
all 2
228
Node Left Objective IInf Best_Integer Best_Bound ItCnt Gap
0+ 0 nan nan 109.2984 0.0000 nan 100.00%
0+ 0 nan nan 86.6088 0.0000 nan 100.00%
0 0 0.0000 23 86.6088 0.0000 119 100.00%
0+ 0 nan nan 49.5540 0.0000 nan 100.00%
0 0 0.0000 17 49.5540 Cuts:7 131 100.00%
0 0 0.0000 17 49.5540 Cuts:23 186 100.00%
0 0 0.0000 18 49.5540 Cuts:4 196 100.00%
0+ 0 nan nan 48.3321 0.0000 nan 100.00%
0+ 0 nan nan 39.3286 0.0000 nan 100.00%
0+ 0 nan nan 32.8388 0.0000 nan 100.00%
0 2 0.0000 15 32.8388 0.0000 196 100.00%
all 0
229
all 0
230
all 0
231
all 0
232
all 0
233
all 0
234
all 0
235
all 0
236
all 0
237
all 0
238
all 0
239
all 0
240
Node Left Objective IInf Best_Integer Best_Bound ItCnt Gap
0+ 0 nan nan 93.3792 0.0000 nan 100.00%
0+ 0 nan nan 84.6822 0.0000 nan 100.00%
0 0 0.0000 27 84.6822 0.0000 133 100.00%
0+ 0 nan nan 52.3615 0.0000 nan 100.00%
0 0 6.8417 28 52.3615 Cuts:33 219 86.93%
0 0 8.8077 26 52.3615 Cuts:34 262 83.18%
0 0 9.2324 31 52.3615 Cuts:24 287 82.37%
0 0 11.7288 28 52.3615 Cuts:35 352 77.60%
0 0 13.7534 30 52.3615 Cuts:31 393 73.73%
0 0 13.9545 30 52.3615 Cuts:12 414 73.35%
0 0 14.0223 33 52.3615 LiftProj:9 423 73.22%
0 0 14.1775 30 52.3615 LiftProj:11 434 72.92%
0 0 14.3828 29 52.3615 LiftProj:12 456 72.53%
0 0 14.4687 31 52.3615 Cuts:14 469 72.37%
0 0 14.5052 32 52.3615 Cuts:12 482 72.30%
0 0 15.3753 31 52.3615 LiftProj:13 515 70.64%
0 0 15.6180 30 52.3615 Cuts:17 535 70.17%
0 0 15.6891 30 52.3615 Cuts:13 550 70.04%
0 0 15.8126 32 52.3615 LiftProj:12 562 69.80%
0 0 15.9294 32 52.3615 LiftProj:14 585 69.58%
0 0 16.3115 33 52.3615 Cuts:13 618 68.85%
0 0 16.3544 33 52.3615 LiftProj:14 626 68.77%
0 0 16.6815 34 52.3615 LiftProj:12 656 68.14%
0 0 16.8699 32 52.3615 Cuts:18 684 67.78%
0 0 17.1023 32 52.3615 LiftProj:12 721 67.34%
0 0 17.3716 35 52.3615 LiftProj:15 744 66.82%
0 0 17.3825 33 52.3615 LiftProj:8 757 66.80%
0 0 17.4372 34 52.3615 LiftProj:8 776 66.70%
0 0 17.5113 35 52.3615 LiftProj:10 788 66.56%
0 0 17.8115 33 52.3615 LiftProj:11 809 65.98%
0 0 17.8997 35 52.3615 LiftProj:10 833 65.82%
0 0 18.1519 35 52.3615 Cuts:11 874 65.33%
0 0 18.3845 37 52.3615 LiftProj:10 899 64.89%
0 0 18.9785 34 52.3615 LiftProj:11 933 63.75%
0 0 19.2508 34 52.3615 LiftProj:12 956 63.23%
0 0 19.5044 33 52.3615 Cuts:14 988 62.75%
0 0 19.5044 33 52.3615 LiftProj:11 993 62.75%
0 0 19.5616 33 52.3615 LiftProj:10 1008 62.64%
0 0 19.7053 33 52.3615 LiftProj:14 1044 62.37%
0 0 19.7786 33 52.3615 LiftProj:11 1066 62.23%
0 0 20.0332 32 52.3615 LiftProj:16 1109 61.74%
0 0 20.0611 33 52.3615 LiftProj:11 1127 61.69%
0 0 20.2033 34 52.3615 LiftProj:12 1152 61.42%
0 0 20.2639 35 52.3615 LiftProj:15 1178 61.30%
0 0 20.3483 35 52.3615 LiftProj:8 1203 61.14%
0 0 20.4741 33 52.3615 LiftProj:23 1238 60.90%
0 0 20.4741 33 52.3615 LiftProj:10 1241 60.90%
0+ 0 nan nan 48.3214 20.4741 nan 57.63%
0 2 20.4741 33 48.3214 20.5125 1241 57.55%
all 0
241
all 0
242
all 0
243
all 0
244
all 0
245
all 0
246
all 0
247
all 0
248
all 0
249
all 34
250
all 0
251
all 2
252
Node Left Objective IInf Best_Integer Best_Bound ItCnt Gap
0+ 0 nan nan 93.3792 0.0000 nan 100.00%
0+ 0 nan nan 84.6822 0.0000 nan 100.00%
0 0 0.0000 27 84.6822 0.0000 121 100.00%
0+ 0 nan nan 33.7589 0.0000 nan 100.00%
0 0 0.0000 21 33.7589 Cuts:9 138 100.00%
0+ 0 nan nan 30.6520 0.0000 nan 100.00%
0 0 0.0000 20 30.6520 Cuts:25 195 100.00%
0 0 0.0000 19 30.6520 Fract:2 211 100.00%
0+ 0 nan nan 22.9449 0.0000 nan 100.00%
0+ 0 nan nan 16.5054 0.0000 nan 100.00%
0 2 0.0000 18 16.5054 0.0000 211 100.00%
all 0
253
all 0
254
all 0
255
all 0
256
all 0
257
all 0
258
all 0
259
all 0
260
all 0
261
all 0
262
all 1
263
all 0
264
Node Left Objective IInf Best_Integer Best_Bound ItCnt Gap
0+ 0 nan nan 93.3792 0.0000 nan 100.00%
0+ 0 nan nan 77.4137 0.0000 nan 100.00%
0 0 0.0000 23 77.4137 0.0000 135 100.00%
0+ 0 nan nan 51.5425 0.0000 nan 100.00%
0 0 4.5108 22 51.5425 Cuts:23 168 91.25%
0 0 9.1005 26 51.5425 Cuts:28 202 82.34%
0 0 10.6505 28 51.5425 Cuts:21 250 79.34%
0 0 11.6958 26 51.5425 Cuts:12 279 77.31%
0 0 12.2124 29 51.5425 Cuts:20 307 76.31%
0 0 12.6714 28 51.5425 Cuts:9 330 75.42%
0 0 13.0570 30 51.5425 Cuts:14 346 74.67%
0 0 13.3152 30 51.5425 LiftProj:11 366 74.17%
0 0 13.5881 28 51.5425 Cuts:13 383 73.64%
0 0 13.9086 30 51.5425 LiftProj:13 400 73.02%
0 0 14.7762 30 51.5425 LiftProj:11 435 71.33%
0 0 15.5578 29 51.5425 LiftProj:12 472 69.82%
0 0 16.0456 30 51.5425 Cuts:15 491 68.87%
0 0 16.6542 30 51.5425 LiftProj:12 513 67.69%
0 0 17.1055 31 51.5425 LiftProj:19 537 66.81%
0 0 17.2578 32 51.5425 LiftProj:12 556 66.52%
0 0 18.0919 29 51.5425 LiftProj:13 591 64.90%
0 0 18.1815 31 51.5425 LiftProj:11 602 64.73%
0 0 18.3572 30 51.5425 LiftProj:13 632 64.38%
0 0 18.6643 28 51.5425 LiftProj:9 669 63.79%
0 0 18.8277 31 51.5425 LiftProj:10 695 63.47%
0 0 18.9730 31 51.5425 LiftProj:9 717 63.19%
0 0 19.1962 32 51.5425 LiftProj:9 745 62.76%
0 0 19.3913 30 51.5425 LiftProj:8 761 62.38%
0 0 19.4732 31 51.5425 LiftProj:9 779 62.22%
0 0 19.5511 29 51.5425 LiftProj:10 811 62.07%
0 0 19.6676 31 51.5425 LiftProj:9 829 61.84%
0 0 19.8200 29 51.5425 Cuts:9 859 61.55%
0 0 20.0791 29 51.5425 LiftProj:10 890 61.04%
0 0 20.2475 32 51.5425 LiftProj:10 921 60.72%
0 0 20.4163 32 51.5425 LiftProj:11 946 60.39%
0 0 20.5625 31 51.5425 LiftProj:9 967 60.11%
0 0 20.7256 31 51.5425 LiftProj:10 994 59.79%
0 0 20.9792 31 51.5425 LiftProj:11 1020 59.30%
0 0 21.2102 31 51.5425 LiftProj:11 1059 58.85%
0 0 21.3292 31 51.5425 LiftProj:8 1086 58.62%
0 0 21.4022 30 51.5425 LiftProj:10 1107 58.48%
0 0 21.4840 30 51.5425 LiftProj:9 1122 58.32%
0 0 21.5136 31 51.5425 LiftProj:8 1141 58.26%
0 0 21.5492 32 51.5425 LiftProj:7 1162 58.19%
0 0 21.5723 32 51.5425 LiftProj:8 1180 58.15%
0 0 21.6097 31 51.5425 LiftProj:10 1204 58.07%
0 0 21.6639 32 51.5425 LiftProj:9 1218 57.97%
0 0 21.6860 30 51.5425 LiftProj:11 1234 57.93%
0 0 21.7227 32 51.5425 LiftProj:7 1257 57.85%
0 0 21.8318 32 51.5425 LiftProj:11 1286 57.64%
0 0 22.0450 32 51.5425 LiftProj:11 1327 57.23%
0 0 22.2185 31 51.5425 LiftProj:8 1355 56.89%
0 0 22.2807 32 51.5425 LiftProj:8 1375 56.77%
0 0 22.3249 32 51.5425 LiftProj:8 1397 56.69%
0 0 22.3672 30 51.5425 LiftProj:9 1417 56.60%
0 0 22.4115 31 51.5425 LiftProj:8 1434 56.52%
0 0 22.4709 31 51.5425 LiftProj:7 1454 56.40%
0 0 22.4925 30 51.5425 LiftProj:6 1477 56.36%
0 0 22.5558 31 51.5425 LiftProj:8 1499 56.24%
0 0 22.6123 31 51.5425 LiftProj:7 1527 56.13%
0 0 22.6537 31 51.5425 LiftProj:6 1539 56.05%
0 0 22.6791 32 51.5425 LiftProj:8 1561 56.00%
0 0 22.6928 32 51.5425 LiftProj:7 1579 55.97%
0 0 22.7127 31 51.5425 LiftProj:6 1600 55.93%
0 0 22.7486 30 51.5425 LiftProj:9 1616 55.86%
0 0 22.7833 32 51.5425 LiftProj:6 1631 55.80%
0 0 22.7993 32 51.5425 LiftProj:6 1642 55.77%
0 0 22.8282 32 51.5425 LiftProj:5 1661 55.71%
0 0 22.8955 32 51.5425 LiftProj:7 1687 55.58%
0 0 22.9103 32 51.5425 LiftProj:5 1695 55.55%
0+ 0 nan nan 44.9630 22.9103 nan 49.05%
0 2 22.9103 32 44.9630 22.9159 1695 49.03%
all 0
265
all 0
266
all 0
267
all 0
268
all 0
269
all 0
270
all 0
271
all 0
272
all 0
273
all 45
274
all 0
275
all 0
276
Node Left Objective IInf Best_Integer Best_Bound ItCnt Gap
0+ 0 nan nan 93.3792 0.0000 nan 100.00%
0+ 0 nan nan 77.4137 0.0000 nan 100.00%
0 0 0.0000 22 77.4137 0.0000 123 100.00%
0+ 0 nan nan 44.2766 0.0000 nan 100.00%
0+ 0 nan nan 39.2549 0.0000 nan 100.00%
0+ 0 nan nan 29.4715 0.0000 nan 100.00%
0+ 0 nan nan 24.9683 0.0000 nan 100.00%
0 2 0.0000 16 24.9683 0.0000 123 100.00%
all 0
277
all 0
278
all 0
279
all 0
280
all 0
281
all 0
282
all 0
283
all 0
284
all 0
285
all 0
286
all 0
287
all 0
288
Node Left Objective IInf Best_Integer Best_Bound ItCnt Gap
0+ 0 nan nan 94.5045 0.0000 nan 100.00%
0+ 0 nan nan 83.7373 0.0000 nan 100.00%
0 0 0.0000 27 83.7373 0.0000 149 100.00%
0+ 0 nan nan 83.3613 0.0000 nan 100.00%
0 0 3.9655 28 83.3613 Cuts:26 206 95.24%
0 0 9.6756 30 83.3613 Cuts:42 256 88.39%
0 0 13.5874 27 83.3613 Cuts:37 324 83.70%
0 0 15.3982 31 83.3613 Cuts:32 377 81.53%
0 0 16.0871 28 83.3613 Cuts:29 407 80.70%
0 0 16.6777 30 83.3613 Cuts:13 437 79.99%
0 0 16.6777 31 83.3613 LiftProj:8 440 79.99%
0 0 16.8189 31 83.3613 LiftProj:10 458 79.82%
0 0 16.9635 31 83.3613 LiftProj:10 478 79.65%
0+ 0 nan nan 72.3600 16.9635 nan 76.56%
0 0 17.1039 32 72.3600 LiftProj:8 493 76.36%
0 0 17.1690 34 72.3600 LiftProj:11 507 76.27%
0 0 17.3558 36 72.3600 LiftProj:13 529 76.01%
0 0 18.0519 33 72.3600 LiftProj:11 569 75.05%
0+ 0 nan nan 69.8977 18.0519 nan 74.17%
0 0 18.4718 34 69.8977 Cuts:10 598 73.57%
0 0 18.9582 32 69.8977 LiftProj:7 624 72.88%
0 0 19.0194 34 69.8977 LiftProj:8 637 72.79%
0 0 19.2951 32 69.8977 LiftProj:9 655 72.40%
0 0 19.6393 34 69.8977 Cuts:12 682 71.90%
0 0 19.8478 31 69.8977 Cuts:15 697 71.60%
0 0 20.0254 34 69.8977 Cuts:10 723 71.35%
0 0 20.0725 35 69.8977 Cuts:10 738 71.28%
0 0 20.2277 33 69.8977 LiftProj:8 758 71.06%
0 0 20.3296 34 69.8977 LiftProj:7 772 70.92%
0 0 20.6622 32 69.8977 LiftProj:12 800 70.44%
0 0 20.7265 33 69.8977 Cuts:11 815 70.35%
0 0 20.8495 36 69.8977 LiftProj:6 831 70.17%
0 0 20.9270 34 69.8977 LiftProj:10 842 70.06%
0 0 21.0318 36 69.8977 LiftProj:10 870 69.91%
0 0 21.0635 37 69.8977 LiftProj:10 882 69.87%
0 0 21.2228 32 69.8977 LiftProj:7 905 69.64%
0 0 21.3172 33 69.8977 LiftProj:12 922 69.50%
0 0 21.4354 34 69.8977 Cuts:11 941 69.33%
0 0 21.5244 34 69.8977 LiftProj:10 955 69.21%
0 0 21.6198 33 69.8977 LiftProj:8 973 69.07%
0 0 21.7379 36 69.8977 LiftProj:10 1000 68.90%
0 0 21.8881 35 69.8977 LiftProj:7 1022 68.69%
0 0 21.8881 36 69.8977 LiftProj:8 1025 68.69%
0+ 0 nan nan 52.7843 21.8881 nan 58.53%
0+ 0 nan nan 52.0815 21.8881 nan 57.97%
0 2 21.8881 36 52.0815 21.9116 1025 57.93%
all 0
289
all 0
290
all 0
291
all 0
292
all 0
293
all 0
294
all 0
295
all 0
296
all 0
297
all 35
298
all 0
299
all 4
300
Node Left Objective IInf Best_Integer Best_Bound ItCnt Gap
0+ 0 nan nan 94.5045 0.0000 nan 100.00%
0+ 0 nan nan 83.7373 0.0000 nan 100.00%
0 0 0.0000 27 83.7373 0.0000 131 100.00%
0+ 0 nan nan 37.6521 0.0000 nan 100.00%
0 0 0.0000 19 37.6521 Disjcuts:1 143 100.00%
0 0 0.0000 21 37.6521 Cuts:14 183 100.00%
0 0 0.0000 21 37.6521 Cuts:12 218 100.00%
0+ 0 nan nan 26.7891 0.0000 nan 100.00%
0+ 0 nan nan 19.3949 0.0000 nan 100.00%
0 2 0.0000 18 19.3949 0.0000 218 100.00%
all 0
301
all 0
302
all 0
303
all 0
304
all 0
305
all 0
306
all 0
307
all 0
308
all 0
309
all 1
310
all 0
311
all 1
312
Node Left Objective IInf Best_Integer Best_Bound ItCnt Gap
0+ 0 nan nan 94.5045 0.0000 nan 100.00%
0+ 0 nan nan 77.4984 0.0000 nan 100.00%
0 0 0.0000 23 77.4984 0.0000 128 100.00%
0+ 0 nan nan 57.4577 0.0000 nan 100.00%
0 0 4.4839 25 57.4577 Cuts:36 232 92.20%
0 0 10.9275 26 57.4577 Cuts:33 274 80.98%
0 0 13.1730 26 57.4577 Cuts:22 302 77.07%
0 0 15.4580 28 57.4577 Cuts:26 349 73.10%
0 0 16.5494 28 57.4577 Cuts:13 378 71.20%
0 0 16.7841 27 57.4577 Cuts:9 395 70.79%
0 0 17.0633 31 57.4577 LiftProj:14 414 70.30%
0 0 17.3841 26 57.4577 Cuts:11 433 69.74%
0 0 17.8606 31 57.4577 LiftProj:15 459 68.92%
0 0 18.4124 29 57.4577 LiftProj:12 494 67.95%
0 0 19.0430 29 57.4577 LiftProj:10 529 66.86%
0 0 19.4929 31 57.4577 Cuts:15 559 66.07%
0 0 19.9919 30 57.4577 LiftProj:10 587 65.21%
0 0 20.2057 28 57.4577 LiftProj:9 607 64.83%
0 0 20.6170 27 57.4577 LiftProj:9 629 64.12%
0 0 20.7269 31 57.4577 Cuts:13 644 63.93%
0 0 21.0900 29 57.4577 LiftProj:9 677 63.29%
0 0 21.3636 30 57.4577 LiftProj:8 698 62.82%
0 0 21.5357 31 57.4577 LiftProj:9 710 62.52%
0 0 21.6635 30 57.4577 LiftProj:11 725 62.30%
0 0 22.2468 29 57.4577 LiftProj:11 752 61.28%
0 0 22.5056 28 57.4577 LiftProj:9 766 60.83%
0 0 22.6994 29 57.4577 LiftProj:8 783 60.49%
0 0 22.7377 32 57.4577 LiftProj:9 797 60.43%
0 0 22.9258 31 57.4577 LiftProj:8 824 60.10%
0 0 23.0878 29 57.4577 LiftProj:9 842 59.82%
0 0 23.3847 29 57.4577 LiftProj:9 863 59.30%
0 0 23.7100 31 57.4577 LiftProj:12 889 58.73%
0 0 23.9422 31 57.4577 LiftProj:7 913 58.33%
0 0 24.0590 31 57.4577 LiftProj:9 930 58.13%
0 0 24.2595 30 57.4577 LiftProj:8 966 57.78%
0 0 24.3005 31 57.4577 LiftProj:7 978 57.71%
0 0 24.3859 30 57.4577 LiftProj:7 1006 57.56%
0 0 24.4836 31 57.4577 LiftProj:6 1027 57.39%
0 0 24.7093 29 57.4577 Cuts:8 1054 57.00%
0 0 24.7613 30 57.4577 Cuts:9 1071 56.91%
0 0 24.8248 31 57.4577 LiftProj:6 1094 56.79%
0 0 24.9393 31 57.4577 LiftProj:7 1118 56.60%
0 0 24.9957 31 57.4577 LiftProj:7 1132 56.50%
0 0 25.1514 31 57.4577 LiftProj:7 1149 56.23%
0 0 25.2412 32 57.4577 LiftProj:6 1170 56.07%
0 0 25.3367 32 57.4577 LiftProj:7 1191 55.90%
0 0 25.4378 31 57.4577 LiftProj:6 1213 55.73%
0 0 25.5416 32 57.4577 LiftProj:7 1232 55.55%
0 0 25.7645 30 57.4577 LiftProj:6 1255 55.16%
0 0 25.8108 32 57.4577 LiftProj:6 1265 55.08%
0 0 26.0166 30 57.4577 LiftProj:6 1293 54.72%
0 0 26.1232 31 57.4577 LiftProj:8 1305 54.53%
0 0 26.1841 31 57.4577 LiftProj:6 1322 54.43%
0 0 26.2595 31 57.4577 LiftProj:9 1341 54.30%
0 0 26.3648 32 57.4577 LiftProj:5 1354 54.11%
0 0 26.3871 32 57.4577 LiftProj:6 1365 54.08%
0 0 26.4676 32 57.4577 LiftProj:6 1379 53.94%
0 0 26.6293 31 57.4577 LiftProj:6 1402 53.65%
0 0 26.7115 31 57.4577 LiftProj:6 1420 53.51%
0 0 26.7373 32 57.4577 LiftProj:5 1435 53.47%
0 0 26.7952 31 57.4577 LiftProj:5 1448 53.37%
0 0 26.8124 30 57.4577 LiftProj:5 1456 53.34%
0 0 26.8639 32 57.4577 LiftProj:5 1468 53.25%
0 0 26.9263 31 57.4577 LiftProj:5 1485 53.14%
0 0 26.9813 32 57.4577 LiftProj:6 1508 53.04%
0 0 27.0179 32 57.4577 LiftProj:6 1520 52.98%
0 0 27.0410 32 57.4577 LiftProj:7 1534 52.94%
0 0 27.0854 31 57.4577 LiftProj:6 1554 52.86%
0 0 27.2404 32 57.4577 LiftProj:11 1571 52.59%
0 0 27.3799 32 57.4577 LiftProj:5 1597 52.35%
0 0 27.4477 31 57.4577 LiftProj:6 1616 52.23%
0 0 27.4643 30 57.4577 LiftProj:5 1623 52.20%
0 0 27.4717 32 57.4577 LiftProj:8 1630 52.19%
0+ 0 nan nan 39.6006 27.4717 nan 30.63%
0+ 0 nan nan 39.5798 27.4717 nan 30.59%
0 2 27.4717 32 39.5798 27.4727 1630 30.59%
all 0
313
all 0
314
all 0
315
all 0
316
all 0
317
all 1
318
all 0
319
all 0
320
all 0
321
all 42
322
all 0
323
all 0
324
Node Left Objective IInf Best_Integer Best_Bound ItCnt Gap
0+ 0 nan nan 94.5045 0.0000 nan 100.00%
0+ 0 nan nan 77.4984 0.0000 nan 100.00%
0 0 0.0000 23 77.4984 0.0000 115 100.00%
0+ 0 nan nan 29.2294 0.0000 nan 100.00%
0+ 0 nan nan 18.5243 0.0000 nan 100.00%
0+ 0 nan nan 18.3372 0.0000 nan 100.00%
0+ 0 nan nan 10.2788 0.0000 nan 100.00%
0 2 0.0000 14 10.2788 0.0000 115 100.00%
all 0
325
all 0
326
all 0
327
all 0
328
all 0
329
all 0
330
all 0
331
all 0
332
all 0
333
all 0
334
all 0
335
all 0
336
Node Left Objective IInf Best_Integer Best_Bound ItCnt Gap
0+ 0 nan nan 133.7092 0.0000 nan 100.00%
0+ 0 nan nan 129.6212 0.0000 nan 100.00%
0+ 0 nan nan 108.6480 0.0000 nan 100.00%
0 0 11.6826 21 108.6480 11.6826 155 89.25%
0 0 20.7020 26 108.6480 Cuts:22 195 80.95%
0 0 23.1579 29 108.6480 Cuts:29 229 78.69%
0 0 25.3171 29 108.6480 Cuts:25 255 76.70%
0 0 27.2628 33 108.6480 Cuts:20 290 74.91%
0 0 29.3880 31 108.6480 Cuts:26 323 72.95%
0 0 29.5916 31 108.6480 LiftProj:17 337 72.76%
0 0 31.2152 30 108.6480 LiftProj:17 359 71.27%
0+ 0 nan nan 102.6155 31.2152 nan 69.58%
0 0 31.9760 30 102.6155 LiftProj:19 378 68.84%
0 0 32.1142 31 102.6155 Cuts:18 392 68.70%
0 0 32.2777 32 102.6155 LiftProj:13 408 68.54%
0 0 32.8293 34 102.6155 Cuts:19 437 68.01%
0 0 32.9063 34 102.6155 LiftProj:14 447 67.93%
0 0 34.1390 32 102.6155 LiftProj:17 486 66.73%
0 0 34.2375 33 102.6155 LiftProj:12 503 66.64%
0 0 34.2798 33 102.6155 Cuts:17 508 66.59%
0 0 35.4495 32 102.6155 LiftProj:15 552 65.45%
0 0 36.0454 32 102.6155 LiftProj:16 574 64.87%
0 0 36.2605 33 102.6155 LiftProj:16 600 64.66%
0 0 36.3493 32 102.6155 Cuts:22 618 64.58%
0 0 36.4579 34 102.6155 LiftProj:20 637 64.47%
0 0 36.6138 34 102.6155 LiftProj:18 653 64.32%
0 0 36.8759 34 102.6155 LiftProj:15 671 64.06%
0 0 37.3897 33 102.6155 LiftProj:14 693 63.56%
0 0 37.5853 35 102.6155 Cuts:19 716 63.37%
0 0 38.4058 36 102.6155 Cuts:15 738 62.57%
0 0 38.6127 34 102.6155 LiftProj:12 754 62.37%
0 0 38.9002 37 102.6155 LiftProj:16 780 62.09%
0 0 39.7051 34 102.6155 LiftProj:15 818 61.31%
0 0 39.9935 33 102.6155 LiftProj:14 835 61.03%
0 0 40.0469 33 102.6155 LiftProj:13 853 60.97%
0 0 40.1401 36 102.6155 LiftProj:15 870 60.88%
0 0 40.7859 36 102.6155 LiftProj:13 913 60.25%
0 0 40.8492 36 102.6155 LiftProj:14 923 60.19%
0 0 41.1192 36 102.6155 LiftProj:13 946 59.93%
0 0 41.3012 34 102.6155 LiftProj:14 969 59.75%
0 0 41.3640 37 102.6155 LiftProj:10 989 59.69%
0 0 41.6138 36 102.6155 Cuts:18 1019 59.45%
0 0 41.6871 36 102.6155 LiftProj:10 1033 59.38%
0 0 41.8186 36 102.6155 LiftProj:11 1060 59.25%
0 0 41.8961 36 102.6155 LiftProj:16 1085 59.17%
0 0 42.1425 37 102.6155 LiftProj:11 1121 58.93%
0 0 42.1843 35 102.6155 Cuts:15 1131 58.89%
0 0 42.2442 37 102.6155 Cuts:15 1150 58.83%
0 0 42.3288 36 102.6155 LiftProj:13 1175 58.75%
0 0 42.3637 37 102.6155 LiftProj:11 1189 58.72%
0 0 42.4593 35 102.6155 LiftProj:12 1222 58.62%
0 0 42.5656 35 102.6155 LiftProj:11 1246 58.52%
0 0 42.6694 37 102.6155 LiftProj:14 1273 58.42%
0 0 42.6884 37 102.6155 LiftProj:13 1284 58.40%
0 0 42.7829 37 102.6155 Cuts:19 1305 58.31%
0 0 42.8467 36 102.6155 LiftProj:13 1328 58.25%
0 0 42.9379 36 102.6155 LiftProj:14 1351 58.16%
0 0 43.0783 37 102.6155 LiftProj:18 1383 58.02%
0 0 43.3615 37 102.6155 LiftProj:7 1422 57.74%
0 0 43.5223 35 102.6155 Cuts:12 1444 57.59%
0 0 43.5566 37 102.6155 LiftProj:14 1456 57.55%
0 0 43.6295 36 102.6155 LiftProj:15 1473 57.48%
0 0 43.6614 37 102.6155 LiftProj:7 1490 57.45%
0 0 43.6760 37 102.6155 LiftProj:16 1507 57.44%
0+ 0 nan nan 85.5475 43.6760 nan 48.95%
0+ 0 nan nan 82.5681 43.6760 nan 47.10%
0 2 43.6760 37 82.5681 43.6784 1507 47.10%
all 0
337
all 0
338
all 0
339
all 0
340
all 0
341
all 3
342
all 0
343
all 0
344
all 0
345
all 49
346
all 0
347
all 1
348
Node Left Objective IInf Best_Integer Best_Bound ItCnt Gap
0+ 0 nan nan 133.7092 0.0000 nan 100.00%
0+ 0 nan nan 129.6212 0.0000 nan 100.00%
0 0 0.0000 27 129.6212 0.0000 131 100.00%
0+ 0 nan nan 72.3650 0.0000 nan 100.00%
0+ 0 nan nan 64.1539 0.0000 nan 100.00%
0+ 0 nan nan 53.0370 0.0000 nan 100.00%
0+ 0 nan nan 41.9504 0.0000 nan 100.00%
0 2 0.0000 23 41.9504 0.0000 131 100.00%
all 0
349
all 0
350
all 0
351
all 0
352
all 0
353
all 0
354
all 0
355
all 0
356
all 0
357
all 0
358
all 0
359
all 0
360
Node Left Objective IInf Best_Integer Best_Bound ItCnt Gap
0+ 0 nan nan 133.7092 0.0000 nan 100.00%
0+ 0 nan nan 114.7297 0.0000 nan 100.00%
0 0 24.4161 16 114.7297 24.4161 157 78.72%
0+ 0 nan nan 105.4216 24.4161 nan 76.84%
0 0 29.5048 20 105.4216 Cuts:18 192 72.01%
0 0 33.6552 24 105.4216 Cuts:30 228 68.08%
0+ 0 nan nan 94.2982 33.6552 nan 64.31%
0 0 34.9553 23 94.2982 Cuts:17 242 62.93%
0 0 36.0884 27 94.2982 Cuts:21 262 61.73%
0 0 36.8474 28 94.2982 Cuts:21 292 60.92%
0 0 37.3755 30 94.2982 Cuts:14 304 60.36%
0 0 37.6671 30 94.2982 Cuts:14 316 60.06%
0 0 38.7024 29 94.2982 LiftProj:13 341 58.96%
0 0 38.7190 31 94.2982 Cuts:9 347 58.94%
0 0 39.0208 26 94.2982 LiftProj:12 363 58.62%
0 0 39.3006 29 94.2982 LiftProj:14 378 58.32%
0 0 39.3769 28 94.2982 Cuts:18 389 58.24%
0 0 39.7937 29 94.2982 Cuts:16 407 57.80%
0 0 40.8133 28 94.2982 LiftProj:12 436 56.72%
0 0 41.2060 28 94.2982 LiftProj:13 455 56.30%
0+ 0 nan nan 94.1460 41.2060 nan 56.23%
0 0 41.8880 31 94.1460 Cuts:15 483 55.51%
0 0 42.5424 29 94.1460 LiftProj:11 513 54.81%
0 0 43.1349 31 94.1460 LiftProj:12 536 54.18%
0 0 43.4930 29 94.1460 LiftProj:13 569 53.80%
0 0 44.2248 30 94.1460 LiftProj:15 600 53.03%
0 0 44.6021 31 94.1460 LiftProj:15 621 52.62%
0 0 44.7960 30 94.1460 LiftProj:13 635 52.42%
0 0 45.3356 28 94.1460 LiftProj:13 649 51.85%
0 0 45.7048 28 94.1460 LiftProj:14 673 51.45%
0 0 45.8042 29 94.1460 Cuts:13 689 51.35%
0 0 45.9620 31 94.1460 LiftProj:14 705 51.18%
0 0 46.1011 30 94.1460 LiftProj:14 725 51.03%
0 0 46.2459 31 94.1460 Cuts:14 735 50.88%
0 0 46.3029 31 94.1460 LiftProj:13 746 50.82%
0 0 46.3295 30 94.1460 LiftProj:12 755 50.79%
0 0 46.4243 32 94.1460 LiftProj:10 769 50.69%
0 0 46.5257 32 94.1460 LiftProj:12 784 50.58%
0 0 46.6422 31 94.1460 LiftProj:14 799 50.46%
0 0 46.6817 30 94.1460 LiftProj:11 810 50.42%
0 0 46.8593 30 94.1460 LiftProj:12 829 50.23%
0 0 46.9670 31 94.1460 Cuts:21 858 50.11%
0 0 47.0144 29 94.1460 LiftProj:13 869 50.06%
0 0 47.0433 31 94.1460 LiftProj:14 878 50.03%
0 0 47.1719 29 94.1460 LiftProj:12 904 49.89%
0 0 47.1771 31 94.1460 LiftProj:12 910 49.89%
0 0 47.2613 32 94.1460 LiftProj:13 929 49.80%
0 0 47.3353 31 94.1460 LiftProj:10 943 49.72%
0 0 47.3901 32 94.1460 LiftProj:11 954 49.66%
0 0 47.4103 31 94.1460 Cuts:14 962 49.64%
0+ 0 nan nan 73.8569 47.4103 nan 35.81%
0 2 47.4103 31 73.8569 47.4197 962 35.80%
all 0
361
all 0
362
all 0
363
all 0
364
all 0
365
all 1
366
all 0
367
all 0
368
all 0
369
all 42
370
all 0
371
all 0
372
Node Left Objective IInf Best_Integer Best_Bound ItCnt Gap
0+ 0 nan nan 133.7092 0.0000 nan 100.00%
0+ 0 nan nan 114.7297 0.0000 nan 100.00%
0 0 0.0000 23 114.7297 0.0000 118 100.00%
0+ 0 nan nan 56.4594 0.0000 nan 100.00%
0+ 0 nan nan 55.7068 0.0000 nan 100.00%
0+ 0 nan nan 38.3245 0.0000 nan 100.00%
0+ 0 nan nan 35.9797 0.0000 nan 100.00%
0 2 0.0000 15 35.9797 0.0000 118 100.00%
all 0
373
all 0
374
all 0
375
all 0
376
all 0
377
all 0
378
all 0
379
all 0
380
all 0
381
all 0
382
all 0
383
all 0
384
Node Left Objective IInf Best_Integer Best_Bound ItCnt Gap
0+ 0 nan nan 110.7059 0.0000 nan 100.00%
0+ 0 nan nan 93.8685 0.0000 nan 100.00%
0+ 0 nan nan 88.1652 0.0000 nan 100.00%
0 0 12.8255 21 88.1652 12.8255 166 85.45%
0 0 15.3898 27 88.1652 Cuts:24 199 82.54%
0+ 0 nan nan 61.1923 15.3898 nan 74.85%
0 0 17.9635 30 61.1923 Cuts:35 242 70.64%
0 0 19.0075 29 61.1923 Cuts:21 284 68.94%
0 0 20.1383 27 61.1923 Cuts:21 321 67.09%
0 0 21.1496 32 61.1923 Cuts:35 359 65.44%
0 0 21.8158 33 61.1923 Cuts:16 392 64.35%
0 0 22.4121 32 61.1923 LiftProj:14 419 63.37%
0 0 22.5879 34 61.1923 LiftProj:13 430 63.09%
0 0 23.4210 31 61.1923 LiftProj:16 464 61.73%
0 0 23.4327 31 61.1923 LiftProj:17 469 61.71%
0 0 24.1148 31 61.1923 LiftProj:14 495 60.59%
0 0 24.4017 34 61.1923 LiftProj:20 519 60.12%
0 0 24.6357 32 61.1923 Cuts:18 541 59.74%
0 0 24.6357 32 61.1923 LiftProj:10 542 59.74%
0 0 25.3999 32 61.1923 LiftProj:16 572 58.49%
0 0 25.5894 33 61.1923 Cuts:17 599 58.18%
0 0 25.9128 35 61.1923 Cuts:16 622 57.65%
0 0 26.3148 33 61.1923 LiftProj:18 661 57.00%
0 0 26.4948 34 61.1923 LiftProj:18 678 56.70%
0 0 26.6858 35 61.1923 LiftProj:11 698 56.39%
0 0 27.1003 34 61.1923 LiftProj:20 723 55.71%
0 0 27.2890 34 61.1923 LiftProj:13 746 55.40%
0 0 27.5775 34 61.1923 LiftProj:12 767 54.93%
0 0 27.9243 34 61.1923 LiftProj:16 793 54.37%
0 0 28.2662 37 61.1923 Cuts:17 824 53.81%
0 0 28.4025 35 61.1923 LiftProj:6 841 53.58%
0 0 28.4702 37 61.1923 LiftProj:12 854 53.47%
0 0 28.5935 35 61.1923 LiftProj:10 873 53.27%
0 0 28.8971 35 61.1923 LiftProj:11 902 52.78%
0 0 29.1993 35 61.1923 LiftProj:7 926 52.28%
0 0 29.1993 35 61.1923 LiftProj:10 931 52.28%
0+ 0 nan nan 60.6731 29.1993 nan 51.87%
0+ 0 nan nan 57.5308 29.1993 nan 49.25%
0 2 29.1993 34 57.5308 29.2005 931 49.24%
all 0
385
all 0
386
all 0
387
all 0
388
all 0
389
all 0
390
all 0
391
all 0
392
all 0
393
all 38
394
all 0
395
all 1
396
Node Left Objective IInf Best_Integer Best_Bound ItCnt Gap
0+ 0 nan nan 110.7059 0.0000 nan 100.00%
0+ 0 nan nan 93.8685 0.0000 nan 100.00%
0 0 0.0000 27 93.8685 0.0000 120 100.00%
0+ 0 nan nan 49.9720 0.0000 nan 100.00%
0 0 0.0000 21 49.9720 Cuts:9 141 100.00%
0 0 0.0000 21 49.9720 Cuts:26 160 100.00%
0 0 0.0000 21 49.9720 Cuts:6 169 100.00%
0+ 0 nan nan 39.6997 0.0000 nan 100.00%
0+ 0 nan nan 34.1857 0.0000 nan 100.00%
0 2 0.0000 20 34.1857 0.0000 169 100.00%
all 0
397
all 0
398
all 0
399
all 0
400
all 0
401
all 0
402
all 0
403
all 0
404
all 0
405
all 1
406
all 0
407
all 0
408
Node Left Objective IInf Best_Integer Best_Bound ItCnt Gap
0+ 0 nan nan 110.7059 0.0000 nan 100.00%
0+ 0 nan nan 74.9711 0.0000 nan 100.00%
0 0 0.0000 23 74.9711 0.0000 152 100.00%
0+ 0 nan nan 70.1819 0.0000 nan 100.00%
0 0 3.0212 24 70.1819 Cuts:33 222 95.70%
0+ 0 nan nan 60.3772 3.0212 nan 95.00%
0 0 6.8901 24 60.3772 Cuts:33 265 88.59%
0 0 8.6356 25 60.3772 Cuts:24 303 85.70%
0 0 10.1163 25 60.3772 Cuts:37 347 83.24%
0 0 11.2755 29 60.3772 Cuts:38 382 81.32%
0 0 11.4364 29 60.3772 Cuts:16 403 81.06%
0 0 11.6645 27 60.3772 Cuts:14 429 80.68%
0 0 11.9915 30 60.3772 LiftProj:15 450 80.14%
0 0 12.6614 30 60.3772 Cuts:15 475 79.03%
0 0 13.9225 30 60.3772 LiftProj:10 512 76.94%
0 0 14.8992 29 60.3772 LiftProj:11 539 75.32%
0 0 15.1558 31 60.3772 LiftProj:16 562 74.90%
0 0 15.8204 29 60.3772 LiftProj:14 586 73.80%
0 0 17.1587 30 60.3772 Cuts:19 626 71.58%
0 0 17.9471 31 60.3772 Cuts:13 662 70.28%
0 0 19.1171 30 60.3772 LiftProj:17 690 68.34%
0 0 19.4707 30 60.3772 LiftProj:12 710 67.75%
0 0 20.1619 30 60.3772 LiftProj:11 750 66.61%
0 0 20.4002 29 60.3772 LiftProj:12 772 66.21%
0 0 20.6860 30 60.3772 LiftProj:17 791 65.74%
0 0 21.0010 31 60.3772 LiftProj:10 814 65.22%
0 0 21.0445 32 60.3772 LiftProj:13 825 65.15%
0 0 21.2775 31 60.3772 LiftProj:11 850 64.76%
0 0 21.7710 31 60.3772 LiftProj:10 889 63.94%
0 0 22.0702 32 60.3772 LiftProj:12 915 63.45%
0 0 22.3942 31 60.3772 LiftProj:11 946 62.91%
0 0 22.5382 30 60.3772 LiftProj:12 965 62.67%
0 0 22.8606 32 60.3772 LiftProj:14 990 62.14%
0 0 22.9514 32 60.3772 LiftProj:8 1010 61.99%
0 0 23.2196 32 60.3772 LiftProj:8 1039 61.54%
0 0 23.4713 32 60.3772 LiftProj:15 1060 61.13%
0 0 23.7096 31 60.3772 LiftProj:10 1084 60.73%
0 0 23.8065 30 60.3772 LiftProj:17 1104 60.57%
0 0 23.9269 30 60.3772 LiftProj:16 1133 60.37%
0 0 24.0780 31 60.3772 LiftProj:12 1159 60.12%
0 0 24.3189 32 60.3772 LiftProj:11 1188 59.72%
0 0 24.4699 31 60.3772 LiftProj:15 1211 59.47%
0 0 24.5419 31 60.3772 LiftProj:10 1229 59.35%
0 0 24.5883 32 60.3772 LiftProj:9 1244 59.28%
0 0 24.6351 32 60.3772 LiftProj:10 1261 59.20%
0 0 24.6637 32 60.3772 LiftProj:9 1273 59.15%
0 0 24.7067 31 60.3772 LiftProj:9 1288 59.08%
0 0 24.8288 32 60.3772 LiftProj:12 1315 58.88%
0 0 24.9044 31 60.3772 LiftProj:10 1333 58.75%
0 0 25.0107 31 60.3772 LiftProj:10 1357 58.58%
0 0 25.1754 32 60.3772 LiftProj:10 1390 58.30%
0 0 25.2849 32 60.3772 LiftProj:11 1417 58.12%
0 0 25.3650 32 60.3772 LiftProj:14 1440 57.99%
0 0 25.4774 32 60.3772 LiftProj:13 1463 57.80%
0 0 25.5444 31 60.3772 LiftProj:11 1485 57.69%
0 0 25.5549 32 60.3772 LiftProj:11 1500 57.67%
0 0 25.6502 32 60.3772 LiftProj:12 1530 57.52%
0 0 25.7428 32 60.3772 LiftProj:9 1553 57.36%
0 0 25.7738 32 60.3772 LiftProj:10 1571 57.31%
0 0 25.8006 32 60.3772 LiftProj:10 1586 57.27%
0 0 25.8153 32 60.3772 LiftProj:7 1598 57.24%
0+ 0 nan nan 49.7923 25.8153 nan 48.15%
0+ 0 nan nan 46.8949 25.8153 nan 44.95%
0 2 25.8153 32 46.8949 25.8264 1598 44.93%
all 0
409
all 0
410
all 0
411
all 0
412
all 0
413
all 0
414
all 0
415
all 0
416
all 0
417
all 55
418
all 0
419
all 0
420
Node Left Objective IInf Best_Integer Best_Bound ItCnt Gap
0+ 0 nan nan 110.7059 0.0000 nan 100.00%
0+ 0 nan nan 74.9711 0.0000 nan 100.00%
0 0 0.0000 23 74.9711 0.0000 115 100.00%
0+ 0 nan nan 29.6008 0.0000 nan 100.00%
0 0 0.0000 17 29.6008 Cuts:3 142 100.00%
0 0 0.0000 17 29.6008 Cuts:20 171 100.00%
0 0 0.0000 16 29.6008 Cuts:6 179 100.00%
0+ 0 nan nan 25.6853 0.0000 nan 100.00%
0+ 0 nan nan 19.0964 0.0000 nan 100.00%
0 2 0.0000 15 19.0964 0.0000 179 100.00%
all 0
421
all 0
422
all 0
423
all 0
424
all 0
425
all 0
426
all 0
427
all 0
428
all 0
429
all 0
430
all 1
431
all 0
432
Node Left Objective IInf Best_Integer Best_Bound ItCnt Gap
0+ 0 nan nan 123.7135 0.0000 nan 100.00%
0+ 0 nan nan 108.6148 0.0000 nan 100.00%
0+ 0 nan nan 99.0366 0.0000 nan 100.00%
0 0 0.0000 27 99.0366 0.0000 139 100.00%
0+ 0 nan nan 98.7082 0.0000 nan 100.00%
0 0 2.8951 31 98.7082 Cuts:35 213 97.07%
0 0 7.4346 30 98.7082 Cuts:29 247 92.47%
0 0 9.2407 32 98.7082 Cuts:21 271 90.64%
0 0 9.4320 32 98.7082 Cuts:14 291 90.44%
0+ 0 nan nan 89.9455 9.4320 nan 89.51%
0 0 10.2019 32 89.9455 Cuts:21 327 88.66%
0 0 10.4616 34 89.9455 Cuts:14 339 88.37%
0 0 11.4040 34 89.9455 LiftProj:17 373 87.32%
0 0 12.6406 33 89.9455 LiftProj:18 410 85.95%
0 0 12.7203 34 89.9455 Cuts:12 419 85.86%
0 0 13.0791 34 89.9455 LiftProj:15 440 85.46%
0 0 13.9149 34 89.9455 LiftProj:14 461 84.53%
0 0 14.7359 32 89.9455 LiftProj:11 486 83.62%
0 0 15.0146 34 89.9455 LiftProj:14 506 83.31%
0 0 15.4774 31 89.9455 Cuts:17 527 82.79%
0 0 15.9629 33 89.9455 LiftProj:16 548 82.25%
0 0 16.3153 33 89.9455 LiftProj:12 562 81.86%
0 0 17.1093 35 89.9455 Cuts:16 592 80.98%
0 0 18.0670 34 89.9455 LiftProj:14 626 79.91%
0 0 18.6656 34 89.9455 LiftProj:15 649 79.25%
0 0 19.0331 33 89.9455 LiftProj:10 672 78.84%
0 0 19.1965 35 89.9455 Cuts:19 693 78.66%
0 0 19.4242 35 89.9455 LiftProj:11 722 78.40%
0 0 19.5822 36 89.9455 Cuts:14 745 78.23%
0 0 20.0007 36 89.9455 LiftProj:13 774 77.76%
0 0 20.2792 36 89.9455 LiftProj:11 804 77.45%
0 0 20.7459 36 89.9455 LiftProj:14 834 76.94%
0 0 21.2105 37 89.9455 LiftProj:11 857 76.42%
0 0 21.7939 34 89.9455 LiftProj:12 887 75.77%
0 0 22.0689 35 89.9455 LiftProj:19 907 75.46%
0 0 22.4848 36 89.9455 LiftProj:15 946 75.00%
0 0 23.0394 35 89.9455 LiftProj:12 972 74.39%
0 0 23.2638 36 89.9455 Cuts:16 997 74.14%
0 0 23.4220 35 89.9455 LiftProj:10 1014 73.96%
0 0 23.6639 37 89.9455 LiftProj:10 1040 73.69%
0 0 23.7302 36 89.9455 LiftProj:11 1054 73.62%
0 0 23.8256 36 89.9455 LiftProj:12 1070 73.51%
0 0 23.9441 35 89.9455 Cuts:15 1090 73.38%
0 0 24.0267 35 89.9455 LiftProj:15 1115 73.29%
0 0 24.3185 35 89.9455 LiftProj:11 1143 72.96%
0 0 24.6659 35 89.9455 LiftProj:12 1178 72.58%
0 0 24.9803 35 89.9455 LiftProj:13 1207 72.23%
0 0 25.2154 34 89.9455 LiftProj:13 1234 71.97%
0 0 25.4160 34 89.9455 Cuts:17 1257 71.74%
0 0 25.5083 34 89.9455 LiftProj:11 1279 71.64%
0 0 25.6828 36 89.9455 LiftProj:15 1310 71.45%
0 0 25.7157 36 89.9455 LiftProj:9 1321 71.41%
0 0 25.8437 33 89.9455 LiftProj:11 1350 71.27%
0 0 25.8641 36 89.9455 LiftProj:11 1357 71.24%
0 0 25.9942 35 89.9455 LiftProj:10 1382 71.10%
0 0 26.0418 36 89.9455 LiftProj:10 1402 71.05%
0 0 26.0752 36 89.9455 LiftProj:6 1420 71.01%
0 0 26.1495 36 89.9455 LiftProj:8 1443 70.93%
0 0 26.2387 36 89.9455 LiftProj:8 1461 70.83%
0 0 26.3066 36 89.9455 LiftProj:8 1486 70.75%
0 0 26.3409 36 89.9455 LiftProj:7 1504 70.71%
0 0 26.4696 36 89.9455 LiftProj:11 1540 70.57%
0 0 26.6681 35 89.9455 LiftProj:10 1574 70.35%
0 0 26.7434 36 89.9455 LiftProj:12 1590 70.27%
0 0 26.8554 36 89.9455 Cuts:7 1617 70.14%
0 0 27.0203 37 89.9455 LiftProj:21 1640 69.96%
0 0 27.1326 36 89.9455 Cuts:13 1656 69.83%
0 0 27.1936 36 89.9455 Cuts:12 1675 69.77%
0 0 27.2387 36 89.9455 Cuts:13 1698 69.72%
0 0 27.3027 35 89.9455 LiftProj:7 1720 69.65%
0 0 27.3205 36 89.9455 LiftProj:9 1730 69.63%
0 0 27.3436 35 89.9455 LiftProj:8 1744 69.60%
0 0 27.3842 36 89.9455 LiftProj:6 1757 69.55%
0 0 27.4398 37 89.9455 LiftProj:8 1782 69.49%
0 0 27.4853 37 89.9455 LiftProj:7 1803 69.44%
0 0 27.5023 37 89.9455 LiftProj:6 1811 69.42%
0+ 0 nan nan 74.8523 27.5023 nan 63.26%
0+ 0 nan nan 74.3730 27.5023 nan 63.02%
0 2 27.5023 37 74.3730 27.5064 1811 63.02%
all 0
433
all 0
434
all 0
435
all 0
436
all 0
437
all 1
438
all 0
439
all 0
440
all 0
441
all 51
442
all 0
443
all 0
444
Node Left Objective IInf Best_Integer Best_Bound ItCnt Gap
0+ 0 nan nan 123.7135 0.0000 nan 100.00%
0+ 0 nan nan 108.6148 0.0000 nan 100.00%
0 0 0.0000 27 108.6148 0.0000 124 100.00%
0+ 0 nan nan 71.2777 0.0000 nan 100.00%
0 0 0.0000 19 71.2777 Disjcuts:1 132 100.00%
0+ 0 nan nan 58.7503 0.0000 nan 100.00%
0 0 0.0000 19 58.7503 Cuts:17 166 100.00%
0 0 0.0000 20 58.7503 Cuts:21 218 100.00%
0+ 0 nan nan 37.6817 0.0000 nan 100.00%
0 2 0.0000 19 37.6817 0.0000 218 100.00%
all 0
445
all 0
446
all 0
447
all 0
448
all 0
449
all 0
450
all 0
451
all 0
452
all 0
453
all 0
454
all 0
455
all 2
456
Node Left Objective IInf Best_Integer Best_Bound ItCnt Gap
0+ 0 nan nan 123.7135 0.0000 nan 100.00%
0+ 0 nan nan 89.1896 0.0000 nan 100.00%
0 0 4.5425 20 89.1896 4.5425 153 94.91%
0+ 0 nan nan 83.5087 4.5425 nan 94.56%
0 0 11.5399 23 83.5087 Cuts:29 179 86.18%
0 0 14.3997 26 83.5087 Cuts:41 207 82.76%
0 0 16.0510 26 83.5087 Cuts:28 241 80.78%
0 0 17.7055 24 83.5087 Cuts:34 285 78.80%
0+ 0 nan nan 72.8455 17.7055 nan 75.69%
0 0 18.4393 25 72.8455 Cuts:25 318 74.69%
0 0 19.1692 27 72.8455 Cuts:18 370 73.69%
0 0 19.4126 30 72.8455 LiftProj:10 397 73.35%
0 0 20.4139 27 72.8455 LiftProj:11 432 71.98%
0 0 20.9427 28 72.8455 LiftProj:12 456 71.25%
0 0 21.3574 28 72.8455 Cuts:16 474 70.68%
0 0 21.7803 28 72.8455 LiftProj:11 500 70.10%
0 0 22.7036 27 72.8455 LiftProj:12 540 68.83%
0 0 23.3166 27 72.8455 Cuts:14 565 67.99%
0 0 23.7573 29 72.8455 LiftProj:14 584 67.39%
0 0 24.3844 30 72.8455 LiftProj:9 611 66.53%
0 0 25.1734 28 72.8455 LiftProj:11 635 65.44%
0 0 25.4197 27 72.8455 LiftProj:12 651 65.10%
0 0 25.4822 30 72.8455 LiftProj:10 661 65.02%
0 0 25.8725 30 72.8455 Cuts:15 679 64.48%
0 0 26.0374 31 72.8455 LiftProj:11 700 64.26%
0 0 26.4043 29 72.8455 LiftProj:11 730 63.75%
0 0 26.7850 29 72.8455 LiftProj:12 761 63.23%
0 0 27.0317 31 72.8455 LiftProj:13 789 62.89%
0+ 0 nan nan 71.1403 27.0317 nan 62.00%
0 0 27.5118 30 71.1403 LiftProj:10 814 61.33%
0 0 27.9610 30 71.1403 LiftProj:13 843 60.70%
0 0 28.1364 30 71.1403 LiftProj:12 864 60.45%
0 0 28.4605 30 71.1403 LiftProj:12 889 59.99%
0 0 28.6333 31 71.1403 LiftProj:12 915 59.75%
0 0 28.9619 32 71.1403 LiftProj:11 944 59.29%
0 0 29.0895 32 71.1403 LiftProj:14 965 59.11%
0 0 29.2707 31 71.1403 LiftProj:7 985 58.85%
0 0 29.6816 31 71.1403 Cuts:14 1023 58.28%
0 0 30.0397 31 71.1403 Cuts:10 1050 57.77%
0 0 30.1875 32 71.1403 LiftProj:8 1073 57.57%
0 0 30.3923 32 71.1403 LiftProj:10 1101 57.28%
0 0 30.6013 31 71.1403 LiftProj:10 1126 56.98%
0 0 30.8387 31 71.1403 LiftProj:8 1157 56.65%
0 0 30.9056 32 71.1403 LiftProj:9 1173 56.56%
0 0 31.1106 32 71.1403 LiftProj:10 1195 56.27%
0 0 31.1417 32 71.1403 LiftProj:7 1207 56.22%
0 0 31.1872 31 71.1403 LiftProj:12 1223 56.16%
0 0 31.3184 28 71.1403 LiftProj:7 1242 55.98%
0 0 31.4621 31 71.1403 Cuts:11 1268 55.77%
0 0 31.4899 31 71.1403 LiftProj:8 1290 55.74%
0 0 31.5117 31 71.1403 Cuts:10 1301 55.70%
0 0 31.5372 31 71.1403 LiftProj:8 1312 55.67%
0 0 31.5562 30 71.1403 LiftProj:9 1324 55.64%
0 0 31.5886 30 71.1403 LiftProj:8 1338 55.60%
0 0 31.6433 31 71.1403 LiftProj:8 1358 55.52%
0 0 31.6804 30 71.1403 LiftProj:9 1376 55.47%
0 0 31.7294 32 71.1403 LiftProj:9 1399 55.40%
0 0 31.7956 32 71.1403 LiftProj:7 1424 55.31%
0 0 31.9237 30 71.1403 LiftProj:9 1449 55.13%
0 0 32.0798 30 71.1403 LiftProj:11 1478 54.91%
0 0 32.1515 31 71.1403 LiftProj:8 1492 54.81%
0 0 32.1862 31 71.1403 LiftProj:7 1508 54.76%
0 0 32.2213 31 71.1403 LiftProj:7 1533 54.71%
0 0 32.2497 32 71.1403 LiftProj:6 1550 54.67%
0 0 32.2645 31 71.1403 LiftProj:9 1568 54.65%
0 0 32.2872 32 71.1403 LiftProj:13 1579 54.61%
0 0 32.3121 32 71.1403 LiftProj:9 1598 54.58%
0 0 32.3280 32 71.1403 LiftProj:5 1616 54.56%
0+ 0 nan nan 48.4832 32.3280 nan 33.32%
0+ 0 nan nan 48.3396 32.3280 nan 33.12%
0 2 32.3280 32 48.3396 32.3310 1616 33.12%
all 0
457
all 0
458
all 0
459
all 0
460
all 0
461
all 0
462
all 0
463
all 0
464
all 0
465
all 52
466
all 0
467
all 0
468
Node Left Objective IInf Best_Integer Best_Bound ItCnt Gap
0+ 0 nan nan 123.7135 0.0000 nan 100.00%
0+ 0 nan nan 89.1896 0.0000 nan 100.00%
0 0 0.0000 23 89.1896 0.0000 129 100.00%
0+ 0 nan nan 59.4311 0.0000 nan 100.00%
0+ 0 nan nan 35.2998 0.0000 nan 100.00%
0+ 0 nan nan 25.4616 0.0000 nan 100.00%
0 2 0.0000 15 25.4616 0.0000 129 100.00%
all 0
469
all 0
470
all 0
471
all 0
472
all 0
473
all 0
474
all 0
475
all 0
476
all 0
477
all 0
478
all 0
479
all 0
