0
Node Left Objective IInf Best_Integer Best_Bound ItCnt Gap
0+ 0 nan nan 136.4723 0.0000 nan 100.00%
0+ 0 nan nan 99.3310 0.0000 nan 100.00%
0 0 24.4170 14 99.3310 24.4170 133 75.42%
0+ 0 nan nan 91.3252 24.4170 nan 73.26%
0 0 32.9732 16 91.3252 Cuts:21 164 63.89%
0+ 0 nan nan 77.3123 32.9732 nan 57.35%
0 0 33.3344 16 77.3123 LiftProj:4 171 56.88%
0 0 35.4859 15 77.3123 LiftProj:14 183 54.10%
0 0 35.9637 15 77.3123 LiftProj:13 193 53.48%
0+ 0 nan nan 77.1520 35.9637 nan 53.39%
0 0 36.8345 16 77.1520 LiftProj:11 202 52.26%
0 0 37.0702 16 77.1520 LiftProj:13 211 51.95%
0+ 0 nan nan 75.5031 37.0702 nan 50.90%
0 0 37.3495 16 75.5031 Cuts:15 219 50.53%
0 0 38.4509 16 75.5031 LiftProj:12 236 49.07%
0 0 38.9760 16 75.5031 LiftProj:18 254 48.38%
0+ 0 nan nan 66.2274 38.9760 nan 41.15%
0 0 40.2302 16 66.2274 LiftProj:14 275 39.25%
0 0 40.6383 16 66.2274 LiftProj:18 290 38.64%
0 0 41.0772 16 66.2274 LiftProj:12 323 37.98%
0 0 41.5551 16 66.2274 LiftProj:18 339 37.25%
0 0 43.0678 17 66.2274 LiftProj:12 371 34.97%
0 0 44.0761 17 66.2274 LiftProj:13 397 33.45%
0+ 0 nan nan 65.2108 44.0761 nan 32.41%
0 0 44.4392 17 65.2108 LiftProj:16 413 31.85%
0+ 0 nan nan 59.5201 44.4392 nan 25.34%
0 0 44.6060 17 59.5201 LiftProj:13 424 25.06%
0 0 46.0904 16 59.5201 LiftProj:17 454 22.56%
0 0 46.5202 17 59.5201 LiftProj:11 474 21.84%
0 0 46.7303 17 59.5201 LiftProj:12 485 21.49%
0 0 46.9243 17 59.5201 LiftProj:15 500 21.16%
0 0 47.1027 17 59.5201 LiftProj:16 513 20.86%
0 0 47.1569 16 59.5201 LiftProj:13 525 20.77%
0 0 47.2417 17 59.5201 LiftProj:15 535 20.63%
0+ 0 nan nan 57.4176 47.2417 nan 17.72%
0 0 47.3559 17 57.4176 LiftProj:12 547 17.52%
0 0 47.4085 17 57.4176 LiftProj:13 556 17.43%
0+ 0 nan nan 57.0532 47.4085 nan 16.90%
0 0 47.4609 16 57.0532 LiftProj:9 566 16.81%
0 0 47.6063 17 57.0532 LiftProj:12 577 16.56%
0 0 47.7061 18 57.0532 LiftProj:8 586 16.38%
0 0 47.7520 18 57.0532 LiftProj:9 591 16.30%
0 0 47.7602 17 57.0532 LiftProj:8 599 16.29%
0 0 47.7725 18 57.0532 LiftProj:8 603 16.27%
0 2 47.7725 18 57.0532 47.8090 603 16.20%
CPXPARAM_MIP_Cuts_LiftProj-Gomory:LiftProj 30
CPXPARAM_MIP_Cuts_LiftProj-Gomory:Gomory 0
1
Node Left Objective IInf Best_Integer Best_Bound ItCnt Gap
0+ 0 nan nan 136.4723 0.0000 nan 100.00%
0+ 0 nan nan 99.3310 0.0000 nan 100.00%
0+ 0 nan nan 92.6197 0.0000 nan 100.00%
0 0 0.6675 26 92.6197 0.6675 123 99.28%
0 0 4.3067 22 92.6197 Cuts:32 159 95.35%
0+ 0 nan nan 18.5290 4.3067 nan 76.76%
0 0 5.1972 21 18.5290 Cuts:19 184 71.95%
0+ 0 nan nan 11.7670 5.1972 nan 55.83%
0 0 5.6822 22 11.7670 Cuts:13 209 51.71%
0 0 5.7661 22 11.7670 Cuts:10 216 51.00%
0 0 5.8390 23 11.7670 LiftProj:15 230 50.38%
0 0 6.1976 24 11.7670 LiftProj:11 257 47.33%
0 0 6.3551 23 11.7670 Cuts:15 273 45.99%
0 0 6.6158 23 11.7670 LiftProj:14 297 43.78%
0 0 6.8911 25 11.7670 Cuts:22 322 41.44%
0 0 7.0325 23 11.7670 LiftProj:14 341 40.24%
0 0 7.1261 22 11.7670 LiftProj:13 353 39.44%
0 0 7.3577 23 11.7670 LiftProj:16 376 37.47%
0 0 7.4459 23 11.7670 LiftProj:10 388 36.72%
0 0 7.4921 22 11.7670 LiftProj:13 405 36.33%
0 0 7.5801 24 11.7670 LiftProj:9 418 35.58%
0+ 0 nan nan 11.7670 7.5801 nan 35.58%
0 0 7.6541 24 11.7670 LiftProj:13 431 34.95%
0 0 7.7294 22 11.7670 LiftProj:10 444 34.31%
0 0 7.8569 23 11.7670 LiftProj:10 465 33.23%
0 0 7.9533 24 11.7670 LiftProj:14 473 32.41%
0+ 0 nan nan 11.7670 7.9533 nan 32.41%
0 0 8.0955 24 11.7670 LiftProj:9 488 31.20%
0 0 8.2352 24 11.7670 LiftProj:11 507 30.01%
0+ 0 nan nan 11.7670 8.2352 nan 30.01%
0 0 8.2751 24 11.7670 LiftProj:10 521 29.68%
0+ 0 nan nan 11.7670 8.2751 nan 29.68%
0 0 8.3124 24 11.7670 LiftProj:9 531 29.36%
0 0 8.3752 24 11.7670 LiftProj:8 544 28.83%
0+ 0 nan nan 11.7670 8.3752 nan 28.83%
0 0 8.3907 23 11.7670 LiftProj:11 553 28.69%
0 0 8.4386 23 11.7670 LiftProj:7 563 28.29%
0 0 8.4948 23 11.7670 LiftProj:11 577 27.81%
0+ 0 nan nan 11.3262 8.4948 nan 25.00%
0 0 8.5609 24 11.3262 LiftProj:9 587 24.41%
0 0 8.5852 23 11.3262 LiftProj:6 596 24.20%
0 0 8.6793 24 11.3262 LiftProj:9 609 23.37%
0 0 8.6840 24 11.3262 LiftProj:10 612 23.33%
0 0 8.7116 25 11.3262 LiftProj:11 623 23.08%
0 0 8.7362 24 11.3262 LiftProj:10 632 22.87%
0 0 8.7464 24 11.3262 LiftProj:7 640 22.78%
0 0 8.7724 24 11.3262 LiftProj:10 647 22.55%
0 0 8.7893 24 11.3262 LiftProj:10 654 22.40%
0 0 8.7942 23 11.3262 LiftProj:9 661 22.36%
0 0 8.8022 23 11.3262 LiftProj:6 667 22.28%
0 0 8.8047 24 11.3262 LiftProj:7 671 22.26%
0 0 8.8088 23 11.3262 LiftProj:6 676 22.23%
0 0 8.8187 24 11.3262 LiftProj:7 682 22.14%
0 0 8.8302 26 11.3262 LiftProj:7 694 22.04%
0 0 8.8408 24 11.3262 LiftProj:8 705 21.94%
0 0 8.8460 23 11.3262 LiftProj:2 714 21.90%
0 0 8.8465 24 11.3262 LiftProj:3 720 21.89%
0 2 9.8472 8 11.3262 9.9011 720 12.58%
CPXPARAM_MIP_Cuts_LiftProj-Gomory:LiftProj 33
CPXPARAM_MIP_Cuts_LiftProj-Gomory:Gomory 0
2
Node Left Objective IInf Best_Integer Best_Bound ItCnt Gap
0+ 0 nan nan 136.4723 0.0000 nan 100.00%
0+ 0 nan nan 72.0230 0.0000 nan 100.00%
0 0 22.6334 9 72.0230 22.6334 129 68.57%
0 0 26.1116 10 72.0230 Cuts:14 143 63.75%
0 0 29.5863 9 72.0230 LiftProj:8 165 58.92%
0+ 0 nan nan 58.8194 29.5863 nan 49.70%
0 0 30.2399 8 58.8194 LiftProj:8 174 48.59%
0 0 30.2478 11 58.8194 LiftProj:6 180 48.58%
0 0 31.9448 9 58.8194 LiftProj:9 196 45.69%
0 0 32.7964 11 58.8194 Cuts:12 217 44.24%
0 0 33.9835 9 58.8194 LiftProj:10 230 42.22%
0 0 35.0923 12 58.8194 LiftProj:10 246 40.34%
0 0 35.4820 9 58.8194 LiftProj:12 259 39.68%
0 0 35.7238 9 58.8194 LiftProj:13 272 39.27%
0 0 36.0822 14 58.8194 Cuts:9 286 38.66%
0+ 0 nan nan 53.1854 36.0822 nan 32.16%
0 0 36.3406 13 53.1854 Cuts:18 303 31.67%
0 0 36.6747 13 53.1854 LiftProj:13 320 31.04%
0 0 37.1694 12 53.1854 LiftProj:18 340 30.11%
0 0 37.2701 12 53.1854 LiftProj:13 350 29.92%
0+ 0 nan nan 46.6168 37.2701 nan 20.05%
0 0 37.9212 13 46.6168 LiftProj:11 365 18.65%
0 0 38.6435 10 46.6168 Cuts:12 387 17.10%
0 0 38.7412 9 46.6168 LiftProj:18 401 16.89%
0+ 0 nan nan 45.2616 38.7412 nan 14.41%
0 0 38.7634 10 45.2616 LiftProj:9 411 14.36%
0 0 38.8908 9 45.2616 LiftProj:15 425 14.08%
0 0 39.0704 9 45.2616 LiftProj:8 439 13.68%
0 0 39.1054 9 45.2616 LiftProj:8 454 13.60%
0 0 39.1743 14 45.2616 LiftProj:8 471 13.45%
0 0 39.2295 14 45.2616 Cuts:29 481 13.33%
0+ 0 nan nan 41.1246 39.2295 nan 4.61%
0 0 39.2475 14 41.1246 LiftProj:6 488 4.56%
0+ 0 nan nan 40.6803 39.2475 nan 3.52%
0 0 39.2742 14 40.6803 LiftProj:10 498 3.46%
0 0 39.3559 15 40.6803 LiftProj:7 514 3.26%
0 0 39.3710 14 40.6803 LiftProj:10 521 3.22%
0 0 39.4085 15 40.6803 Cuts:19 528 3.13%
0 0 39.4291 14 40.6803 LiftProj:7 536 3.08%
0 0 39.4540 14 40.6803 LiftProj:8 544 3.01%
0 0 39.4630 15 40.6803 LiftProj:7 547 2.99%
0 0 39.4747 11 40.6803 LiftProj:6 550 2.96%
0+ 0 nan nan 40.6803 39.4747 nan 2.96%
0+ 0 nan nan 40.6803 39.4747 nan 2.96%
0 0 39.9970 4 40.6803 39.9970 615 1.68%
0 0 40.4860 4 40.6803 Cuts:28 635 0.48%
0 0 40.5355 4 40.6803 Fract:1 648 0.36%
0 0 40.5747 3 40.6803 Cuts:2 658 0.26%
0 0 cutoff 40.6803 665 0.00% 0 0
CPXPARAM_MIP_Cuts_LiftProj-Gomory:LiftProj 1
CPXPARAM_MIP_Cuts_LiftProj-Gomory:Gomory 0
3
Node Left Objective IInf Best_Integer Best_Bound ItCnt Gap
0+ 0 nan nan 136.4723 0.0000 nan 100.00%
0+ 0 nan nan 78.8830 0.0000 nan 100.00%
0 0 0.3026 20 78.8830 0.3026 110 99.62%
0+ 0 nan nan 59.7230 0.3026 nan 99.49%
0 0 3.7055 18 59.7230 Cuts:31 143 93.80%
0+ 0 nan nan 22.2643 3.7055 nan 83.36%
0 0 4.8975 23 22.2643 LiftProj:11 163 78.00%
0 0 5.7064 20 22.2643 Cuts:28 188 74.37%
0 0 5.9530 13 22.2643 LiftProj:14 208 73.26%
0+ 0 nan nan 7.6372 5.9530 nan 22.05%
0 0 6.1445 11 7.6372 LiftProj:12 220 19.55%
0+ 0 nan nan 6.8876 6.1445 nan 10.79%
0 0 6.3364 11 6.8876 Cuts:16 246 8.00%
0 0 6.4163 14 6.8876 Cuts:11 264 6.84%
0 0 6.4832 13 6.8876 Cuts:16 292 5.87%
0 0 6.5242 11 6.8876 Cuts:9 316 5.28%
0 0 6.5530 13 6.8876 Cuts:8 333 4.86%
0 0 6.5679 11 6.8876 LiftProj:8 346 4.64%
0 0 6.5870 12 6.8876 LiftProj:5 359 4.36%
0 0 6.5876 16 6.8876 Cuts:10 370 4.35%
0 0 6.5914 12 6.8876 Cuts:19 383 4.30%
0 0 6.6196 15 6.8876 LiftProj:5 402 3.89%
0 0 6.6329 13 6.8876 LiftProj:6 412 3.70%
0 0 6.7494 9 6.8876 Cuts:6 437 2.01%
0+ 0 nan nan 6.8230 6.7494 nan 1.08%
0+ 0 nan nan 6.8230 6.8054 nan 0.26%
0 0 6.8095 2 6.8230 6.8095 502 0.20%
0 0 6.8095 2 6.8230 LiftProj:2 510 0.20%
0 0 cutoff 6.8230 6.8095 512 0.20% 0
CPXPARAM_MIP_Cuts_LiftProj-Gomory:LiftProj 3
CPXPARAM_MIP_Cuts_LiftProj-Gomory:Gomory 0
4
Node Left Objective IInf Best_Integer Best_Bound ItCnt Gap
0+ 0 nan nan 115.1924 0.0000 nan 100.00%
0+ 0 nan nan 108.1598 0.0000 nan 100.00%
0+ 0 nan nan 102.3525 0.0000 nan 100.00%
0 0 23.6849 14 102.3525 23.6849 149 76.86%
0+ 0 nan nan 86.4233 23.6849 nan 72.59%
0 0 27.1142 14 86.4233 Cuts:16 169 68.63%
0 0 27.9845 14 86.4233 LiftProj:12 183 67.62%
0+ 0 nan nan 74.3465 27.9845 nan 62.36%
0 0 29.1116 14 74.3465 LiftProj:7 196 60.84%
0 0 29.4746 15 74.3465 LiftProj:12 210 60.36%
0 0 30.2151 16 74.3465 Cuts:12 229 59.36%
0 0 30.9029 15 74.3465 LiftProj:15 255 58.43%
0 0 31.3320 16 74.3465 Cuts:15 273 57.86%
0 0 32.0255 16 74.3465 Cuts:16 294 56.92%
0 0 33.8715 14 74.3465 LiftProj:19 319 54.44%
0 0 35.0173 15 74.3465 LiftProj:19 346 52.90%
0+ 0 nan nan 72.4456 35.0173 nan 51.66%
0 0 35.7877 15 72.4456 LiftProj:15 375 50.60%
0 0 36.5329 15 72.4456 LiftProj:20 398 49.57%
0 0 37.0537 16 72.4456 Cuts:14 417 48.85%
0 0 37.8683 15 72.4456 LiftProj:25 437 47.73%
0 0 38.4578 14 72.4456 LiftProj:14 454 46.91%
0 0 39.1825 15 72.4456 LiftProj:12 468 45.91%
0 0 40.0394 15 72.4456 LiftProj:16 486 44.73%
0 0 40.4604 16 72.4456 LiftProj:11 502 44.15%
0 0 41.0639 17 72.4456 LiftProj:12 522 43.32%
0 0 41.7934 17 72.4456 LiftProj:13 549 42.31%
0 0 42.2582 17 72.4456 LiftProj:18 562 41.67%
0 0 42.4614 17 72.4456 LiftProj:12 592 41.39%
0+ 0 nan nan 64.3662 42.4614 nan 34.03%
0 0 42.6011 17 64.3662 LiftProj:14 609 33.81%
0 0 43.7495 15 64.3662 LiftProj:12 641 32.03%
0 0 44.0797 16 64.3662 LiftProj:17 663 31.52%
0+ 0 nan nan 64.3560 44.0797 nan 31.51%
0 0 44.5669 15 64.3560 LiftProj:14 681 30.75%
0 0 45.1864 15 64.3560 LiftProj:15 711 29.79%
0 0 45.4548 16 64.3560 LiftProj:11 732 29.37%
0 0 46.2494 17 64.3560 LiftProj:13 755 28.14%
0+ 0 nan nan 58.2358 46.2494 nan 20.58%
0 0 46.6099 17 58.2358 LiftProj:16 769 19.96%
0 0 46.8781 17 58.2358 LiftProj:14 790 19.50%
0+ 0 nan nan 54.9278 46.8781 nan 14.66%
0 0 46.9657 17 54.9278 LiftProj:13 797 14.50%
0 0 47.4326 16 54.9278 LiftProj:12 823 13.65%
0 0 47.6445 17 54.9278 LiftProj:13 842 13.26%
0 0 47.9356 16 54.9278 LiftProj:16 867 12.73%
0 0 48.0957 16 54.9278 LiftProj:12 883 12.44%
0 0 48.3896 17 54.9278 LiftProj:15 906 11.90%
0 0 48.5656 17 54.9278 LiftProj:15 919 11.58%
0 0 48.9629 16 54.9278 LiftProj:13 938 10.86%
0 0 49.0207 16 54.9278 LiftProj:13 950 10.75%
0 0 49.0765 16 54.9278 LiftProj:12 959 10.65%
0 0 49.1226 16 54.9278 LiftProj:15 973 10.57%
0 0 49.3288 17 54.9278 LiftProj:16 998 10.19%
0 0 49.3862 16 54.9278 LiftProj:16 1010 10.09%
0 0 49.4601 17 54.9278 LiftProj:11 1019 9.95%
0 0 49.5946 17 54.9278 LiftProj:12 1037 9.71%
0 0 49.6430 17 54.9278 LiftProj:13 1049 9.62%
0 0 49.6493 17 54.9278 LiftProj:13 1054 9.61%
0 0 49.7479 16 54.9278 LiftProj:13 1070 9.43%
0 0 49.8031 16 54.9278 LiftProj:11 1082 9.33%
0 0 49.8101 16 54.9278 LiftProj:17 1090 9.32%
0+ 0 nan nan 54.9278 49.8101 nan 9.32%
0 2 49.8101 16 54.9278 49.8130 1090 9.31%
CPXPARAM_MIP_Cuts_LiftProj-Gomory:LiftProj 31
CPXPARAM_MIP_Cuts_LiftProj-Gomory:Gomory 0
5
Node Left Objective IInf Best_Integer Best_Bound ItCnt Gap
0+ 0 nan nan 115.1924 0.0000 nan 100.00%
0+ 0 nan nan 108.1598 0.0000 nan 100.00%
0+ 0 nan nan 83.4389 0.0000 nan 100.00%
0 0 0.5012 24 83.4389 0.5012 125 99.40%
0+ 0 nan nan 52.2996 0.5012 nan 99.04%
0 0 5.4753 22 52.2996 Cuts:37 172 89.53%
0+ 0 nan nan 21.3463 5.4753 nan 74.35%
0 0 5.5756 24 21.3463 LiftProj:17 189 73.88%
0 0 5.6260 25 21.3463 LiftProj:14 203 73.64%
0 0 6.0890 23 21.3463 Cuts:24 218 71.47%
0 0 6.2120 24 21.3463 LiftProj:15 227 70.90%
0 0 6.5721 23 21.3463 LiftProj:20 249 69.21%
0+ 0 nan nan 21.2855 6.5721 nan 69.12%
0 0 6.8845 24 21.2855 LiftProj:21 274 67.66%
0+ 0 nan nan 18.0335 6.8845 nan 61.82%
0 0 7.1607 23 18.0335 Cuts:21 291 60.29%
0+ 0 nan nan 17.9706 7.1607 nan 60.15%
0 0 7.6037 23 17.9706 Cuts:18 313 57.69%
0+ 0 nan nan 13.7753 7.6037 nan 44.80%
0 0 7.7243 21 13.7753 LiftProj:19 323 43.93%
0 0 7.9634 24 13.7753 LiftProj:18 344 42.19%
0 0 8.1451 24 13.7753 LiftProj:15 365 40.87%
0 0 8.3168 24 13.7753 LiftProj:17 381 39.62%
0 0 8.4341 24 13.7753 Cuts:16 399 38.77%
0 0 8.5713 23 13.7753 LiftProj:15 419 37.78%
0 0 8.6243 24 13.7753 LiftProj:20 426 37.39%
0 0 8.7339 24 13.7753 LiftProj:19 441 36.60%
0 0 8.7510 24 13.7753 LiftProj:9 452 36.47%
0 0 8.8097 24 13.7753 LiftProj:18 468 36.05%
0 0 8.8464 25 13.7753 LiftProj:12 479 35.78%
0 0 8.9435 25 13.7753 LiftProj:13 507 35.08%
0 0 9.0053 24 13.7753 LiftProj:14 519 34.63%
0 0 9.0522 25 13.7753 LiftProj:16 531 34.29%
0 0 9.1151 23 13.7753 LiftProj:14 544 33.83%
0 0 9.1386 24 13.7753 LiftProj:15 553 33.66%
0 0 9.1691 25 13.7753 LiftProj:13 566 33.44%
0 0 9.2210 25 13.7753 LiftProj:13 576 33.06%
0 0 9.2672 25 13.7753 LiftProj:20 592 32.73%
0 0 9.3228 23 13.7753 LiftProj:12 608 32.32%
0 0 9.3832 24 13.7753 LiftProj:10 631 31.88%
0 0 9.4070 24 13.7753 LiftProj:12 644 31.71%
0 0 9.4282 24 13.7753 LiftProj:9 652 31.56%
0 0 9.4839 23 13.7753 LiftProj:12 677 31.15%
0 0 9.5300 24 13.7753 LiftProj:10 686 30.82%
0 0 9.6310 25 13.7753 LiftProj:9 705 30.08%
0 0 9.6377 24 13.7753 LiftProj:9 714 30.04%
0 0 9.6549 25 13.7753 LiftProj:9 728 29.91%
0 0 9.6940 25 13.7753 LiftProj:8 742 29.63%
0 0 9.7143 25 13.7753 LiftProj:6 751 29.48%
0 0 9.7316 23 13.7753 LiftProj:14 763 29.35%
0 0 9.7496 25 13.7753 LiftProj:9 779 29.22%
0 0 9.7888 24 13.7753 LiftProj:13 790 28.94%
0 0 9.8167 25 13.7753 LiftProj:9 801 28.74%
0 0 9.8408 25 13.7753 LiftProj:10 809 28.56%
0 0 9.8607 24 13.7753 LiftProj:17 819 28.42%
0 0 9.8644 24 13.7753 LiftProj:9 827 28.39%
0 0 9.8736 24 13.7753 LiftProj:9 838 28.32%
0 0 9.8881 25 13.7753 LiftProj:8 848 28.22%
0 0 9.9027 25 13.7753 LiftProj:8 856 28.11%
0 0 9.9145 24 13.7753 LiftProj:8 863 28.03%
0 0 9.9183 24 13.7753 LiftProj:5 870 28.00%
0 2 10.1911 15 13.7753 10.1988 870 25.96%
CPXPARAM_MIP_Cuts_LiftProj-Gomory:LiftProj 36
CPXPARAM_MIP_Cuts_LiftProj-Gomory:Gomory 0
6
Node Left Objective IInf Best_Integer Best_Bound ItCnt Gap
0+ 0 nan nan 115.1924 0.0000 nan 100.00%
0+ 0 nan nan 82.6615 0.0000 nan 100.00%
0 0 24.8139 9 82.6615 24.8139 129 69.98%
0+ 0 nan nan 71.8353 24.8139 nan 65.46%
0 0 27.7423 7 71.8353 LiftProj:5 150 61.38%
0+ 0 nan nan 71.7662 27.7423 nan 61.34%
0 0 30.1106 8 71.7662 LiftProj:7 165 58.04%
0 0 32.6290 7 71.7662 LiftProj:8 187 54.53%
0+ 0 nan nan 62.8699 32.6290 nan 48.10%
0 0 33.7816 8 62.8699 LiftProj:7 203 46.27%
0+ 0 nan nan 61.1001 33.7816 nan 44.71%
0 0 36.3892 9 61.1001 LiftProj:10 223 40.44%
0 0 37.7967 9 61.1001 LiftProj:8 243 38.14%
0+ 0 nan nan 53.4362 37.7967 nan 29.27%
0 0 38.4423 9 53.4362 LiftProj:7 267 28.06%
0 0 38.8350 10 53.4362 LiftProj:16 277 27.32%
0 0 39.5622 10 53.4362 LiftProj:9 292 25.96%
0 0 40.4806 11 53.4362 LiftProj:16 305 24.24%
0 0 41.2035 11 53.4362 LiftProj:7 326 22.89%
0 0 42.8599 12 53.4362 LiftProj:19 343 19.79%
0 0 43.3699 12 53.4362 LiftProj:8 359 18.84%
0 0 43.7937 14 53.4362 LiftProj:14 374 18.05%
0 0 44.0613 13 53.4362 LiftProj:11 385 17.54%
0 0 45.8983 11 53.4362 LiftProj:12 423 14.11%
0 0 46.2987 11 53.4362 LiftProj:11 453 13.36%
0+ 0 nan nan 50.4437 46.2987 nan 8.22%
0 0 46.3633 10 50.4437 LiftProj:5 468 8.09%
0 0 46.3774 16 50.4437 LiftProj:7 477 8.06%
0 0 46.4160 16 50.4437 LiftProj:22 491 7.98%
0 0 46.4498 16 50.4437 LiftProj:12 501 7.92%
0 0 46.5491 10 50.4437 LiftProj:11 518 7.72%
0 0 46.7256 11 50.4437 LiftProj:8 535 7.37%
0 0 46.8429 11 50.4437 LiftProj:8 544 7.14%
0 0 46.9656 11 50.4437 LiftProj:9 547 6.90%
0 0 47.2463 11 50.4437 LiftProj:8 565 6.34%
0 0 47.3762 12 50.4437 LiftProj:13 578 6.08%
0 0 47.3982 12 50.4437 LiftProj:14 584 6.04%
0 0 47.4248 12 50.4437 LiftProj:11 589 5.98%
0 0 47.5077 12 50.4437 LiftProj:10 601 5.82%
0 0 47.5720 13 50.4437 LiftProj:10 610 5.69%
0 0 47.6792 11 50.4437 LiftProj:21 626 5.48%
0 0 47.7128 12 50.4437 LiftProj:10 639 5.41%
0 0 47.9897 13 50.4437 LiftProj:7 656 4.86%
0 0 48.1220 13 50.4437 LiftProj:19 675 4.60%
0 0 48.1912 12 50.4437 LiftProj:12 687 4.47%
0 0 48.2860 14 50.4437 LiftProj:9 700 4.28%
0 0 48.3526 14 50.4437 LiftProj:23 711 4.15%
0 0 48.3728 14 50.4437 LiftProj:9 718 4.11%
0 0 48.4433 12 50.4437 LiftProj:17 731 3.97%
0 0 48.4600 13 50.4437 LiftProj:14 740 3.93%
0 0 48.4781 13 50.4437 LiftProj:6 749 3.90%
0+ 0 nan nan 49.3365 48.4781 nan 1.74%
0+ 0 nan nan 49.3365 48.4781 nan 1.74%
0 0 49.0562 4 49.3365 49.0562 828 0.57%
0 0 49.2291 2 49.3365 Cuts:3 858 0.22%
0 0 49.2298 3 49.3365 LiftProj:14 865 0.22%
0 1 49.2356 3 49.3365 49.2365 868 0.20%
CPXPARAM_MIP_Cuts_LiftProj-Gomory:LiftProj 6
CPXPARAM_MIP_Cuts_LiftProj-Gomory:Gomory 2
7
Node Left Objective IInf Best_Integer Best_Bound ItCnt Gap
0+ 0 nan nan 115.1924 0.0000 nan 100.00%
0+ 0 nan nan 86.0575 0.0000 nan 100.00%
0 0 0.0036 22 86.0575 0.0036 119 100.00%
0+ 0 nan nan 43.5961 0.0036 nan 99.99%
0 0 2.2698 18 43.5961 Cuts:19 163 94.79%
0+ 0 nan nan 31.5518 2.2698 nan 92.81%
0 0 2.4510 18 31.5518 Cuts:15 175 92.23%
0+ 0 nan nan 20.0554 2.4510 nan 87.78%
0 0 2.8462 22 20.0554 LiftProj:12 191 85.81%
0 0 4.0498 21 20.0554 Cuts:24 219 79.81%
0+ 0 nan nan 11.8414 4.0498 nan 65.80%
0 0 4.6859 21 11.8414 LiftProj:19 246 60.43%
0+ 0 nan nan 11.5176 4.6859 nan 59.31%
0 0 5.4234 16 11.5176 LiftProj:18 268 52.91%
0+ 0 nan nan 10.8819 5.4234 nan 50.16%
0 0 5.8051 17 10.8819 LiftProj:16 281 46.65%
0 0 6.0865 16 10.8819 LiftProj:14 294 44.07%
0 0 6.8603 17 10.8819 LiftProj:15 311 36.96%
0+ 0 nan nan 10.8732 6.8603 nan 36.91%
0 0 7.1226 17 10.8732 LiftProj:11 323 34.49%
0 0 7.1887 17 10.8732 LiftProj:13 338 33.89%
0 0 7.3311 16 10.8732 LiftProj:9 357 32.58%
0 0 7.6307 18 10.8732 LiftProj:13 376 29.82%
0+ 0 nan nan 10.5012 7.6307 nan 27.33%
0 0 7.6696 18 10.5012 LiftProj:10 391 26.96%
0 0 7.7401 18 10.5012 LiftProj:9 402 26.29%
0 0 7.7797 17 10.5012 LiftProj:11 414 25.92%
0 0 7.8158 17 10.5012 LiftProj:9 431 25.57%
0 0 7.8983 17 10.5012 LiftProj:10 445 24.79%
0 0 7.9127 16 10.5012 LiftProj:11 459 24.65%
0 0 7.9250 19 10.5012 LiftProj:11 471 24.53%
0 0 8.0757 15 10.5012 LiftProj:14 488 23.10%
0 0 8.1715 22 10.5012 LiftProj:13 504 22.19%
0 0 8.2149 22 10.5012 LiftProj:27 522 21.77%
0 0 8.2429 22 10.5012 LiftProj:13 533 21.50%
0 0 8.2506 22 10.5012 LiftProj:13 539 21.43%
0 0 8.3549 15 10.5012 LiftProj:13 555 20.44%
0 0 8.3736 18 10.5012 LiftProj:9 570 20.26%
0 0 8.4233 18 10.5012 LiftProj:17 585 19.79%
0 0 8.5209 18 10.5012 LiftProj:9 596 18.86%
0 0 8.6047 19 10.5012 LiftProj:10 621 18.06%
0 0 8.6282 16 10.5012 LiftProj:14 632 17.84%
0 0 8.6529 18 10.5012 LiftProj:10 638 17.60%
0 0 8.6654 16 10.5012 LiftProj:9 645 17.48%
0 0 8.6822 18 10.5012 LiftProj:11 654 17.32%
0 0 8.6934 18 10.5012 LiftProj:15 660 17.22%
0 0 8.7183 18 10.5012 LiftProj:10 666 16.98%
0 0 8.7814 18 10.5012 LiftProj:11 680 16.38%
0 0 8.7941 18 10.5012 LiftProj:19 687 16.26%
0 0 8.7983 19 10.5012 LiftProj:8 692 16.22%
0 0 8.8094 19 10.5012 LiftProj:10 698 16.11%
0+ 0 nan nan 10.5012 8.8094 nan 16.11%
0 0 8.8188 18 10.5012 LiftProj:7 703 16.02%
0 0 8.8341 19 10.5012 LiftProj:23 709 15.88%
0 0 8.8999 16 10.5012 LiftProj:9 728 15.25%
0 0 8.9051 16 10.5012 LiftProj:10 736 15.20%
0+ 0 nan nan 10.2703 8.9051 nan 13.29%
0 0 8.9203 17 10.2703 LiftProj:10 751 13.14%
0 0 8.9316 18 10.2703 LiftProj:8 756 13.03%
0 0 8.9825 16 10.2703 LiftProj:13 768 12.54%
0 0 8.9953 18 10.2703 LiftProj:10 780 12.41%
0 0 9.0457 14 10.2703 LiftProj:9 799 11.92%
0 0 9.0514 15 10.2703 LiftProj:9 806 11.87%
0 0 9.0543 17 10.2703 LiftProj:6 814 11.84%
0 0 9.0591 16 10.2703 LiftProj:8 823 11.79%
0+ 0 nan nan 10.1011 9.0591 nan 10.32%
0 2 9.2304 10 10.1011 9.2386 823 8.54%
CPXPARAM_MIP_Cuts_LiftProj-Gomory:LiftProj 31
CPXPARAM_MIP_Cuts_LiftProj-Gomory:Gomory 0
8
Node Left Objective IInf Best_Integer Best_Bound ItCnt Gap
0+ 0 nan nan 131.6037 0.0000 nan 100.00%
0+ 0 nan nan 112.2485 0.0000 nan 100.00%
0 0 45.7863 15 112.2485 45.7863 126 59.21%
0+ 0 nan nan 98.1321 45.7863 nan 53.34%
0 0 52.9733 17 98.1321 Cuts:26 147 46.02%
0 0 54.3962 16 98.1321 LiftProj:12 165 44.57%
0+ 0 nan nan 93.2408 54.3962 nan 41.66%
0 0 54.6962 17 93.2408 Cuts:13 180 41.34%
0 0 55.4085 16 93.2408 LiftProj:15 201 40.57%
0 0 55.6250 17 93.2408 Cuts:15 216 40.34%
0 0 56.3392 17 93.2408 LiftProj:16 235 39.58%
0 0 56.6009 17 93.2408 LiftProj:15 251 39.30%
0 0 56.8366 16 93.2408 LiftProj:15 265 39.04%
0 0 57.1304 16 93.2408 LiftProj:16 284 38.73%
0 0 57.2904 17 93.2408 LiftProj:17 298 38.56%
0 0 57.6252 17 93.2408 Cuts:12 312 38.20%
0+ 0 nan nan 80.4669 57.6252 nan 28.39%
0 0 57.7819 16 80.4669 LiftProj:13 333 28.19%
0+ 0 nan nan 72.9067 57.7819 nan 20.75%
0 0 58.1162 17 72.9067 LiftProj:13 348 20.29%
0 0 58.6177 19 72.9067 LiftProj:19 369 19.60%
0 0 58.7214 19 72.9067 LiftProj:12 379 19.46%
0 0 58.8227 19 72.9067 Cuts:17 392 19.32%
0 0 59.1625 19 72.9067 LiftProj:13 409 18.85%
0 0 59.3005 19 72.9067 LiftProj:16 422 18.66%
0 0 59.4923 19 72.9067 LiftProj:13 434 18.40%
0 0 59.5148 19 72.9067 LiftProj:14 441 18.37%
0 0 59.8298 19 72.9067 LiftProj:14 455 17.94%
0 0 60.0988 17 72.9067 LiftProj:12 470 17.57%
0 0 60.3748 19 72.9067 LiftProj:10 482 17.19%
0 0 60.6691 19 72.9067 LiftProj:13 496 16.79%
0 0 60.8491 19 72.9067 LiftProj:15 512 16.54%
0 0 61.4767 19 72.9067 LiftProj:11 536 15.68%
0 0 61.6309 19 72.9067 LiftProj:17 549 15.47%
0 0 61.7265 19 72.9067 LiftProj:12 555 15.33%
0 0 62.0060 19 72.9067 LiftProj:11 571 14.95%
0 0 62.1169 18 72.9067 LiftProj:10 586 14.80%
0+ 0 nan nan 69.4097 62.1169 nan 10.51%
0 0 62.1760 18 69.4097 LiftProj:13 594 10.42%
0 0 62.2449 19 69.4097 LiftProj:10 612 10.32%
0 0 62.2971 20 69.4097 LiftProj:11 618 10.25%
0 0 62.3181 20 69.4097 LiftProj:10 623 10.22%
0 0 62.3813 18 69.4097 LiftProj:12 636 10.13%
0 0 62.3998 18 69.4097 LiftProj:13 640 10.10%
0 2 62.3998 18 69.4097 62.4310 640 10.05%
CPXPARAM_MIP_Cuts_LiftProj-Gomory:LiftProj 28
CPXPARAM_MIP_Cuts_LiftProj-Gomory:Gomory 0
9
Node Left Objective IInf Best_Integer Best_Bound ItCnt Gap
0+ 0 nan nan 131.6037 0.0000 nan 100.00%
0+ 0 nan nan 111.7972 0.0000 nan 100.00%
0+ 0 nan nan 83.4511 0.0000 nan 100.00%
0 0 0.5228 27 83.4511 0.5228 117 99.37%
0+ 0 nan nan 66.1456 0.5228 nan 99.21%
0 0 4.9767 21 66.1456 Cuts:40 171 92.48%
0+ 0 nan nan 48.9053 4.9767 nan 89.82%
0 0 5.5073 23 48.9053 LiftProj:15 194 88.74%
0+ 0 nan nan 32.5780 5.5073 nan 83.10%
0 0 7.0803 24 32.5780 Cuts:23 229 78.27%
0 0 8.0208 22 32.5780 LiftProj:22 256 75.38%
0+ 0 nan nan 31.4807 8.0208 nan 74.52%
0 0 8.6563 22 31.4807 Cuts:23 286 72.50%
0+ 0 nan nan 26.5202 8.6563 nan 67.36%
0 0 9.0169 22 26.5202 Cuts:29 327 66.00%
0+ 0 nan nan 26.3069 9.0169 nan 65.72%
0 0 10.6562 21 26.3069 Cuts:21 349 59.49%
0 0 11.0214 21 26.3069 Cuts:23 368 58.10%
0+ 0 nan nan 22.7600 11.0214 nan 51.58%
0 0 11.2235 21 22.7600 Cuts:21 380 50.69%
0 0 11.5288 19 22.7600 Cuts:20 408 49.35%
0 0 11.5501 20 22.7600 LiftProj:13 417 49.25%
0 0 11.7171 21 22.7600 LiftProj:16 428 48.52%
0 0 11.8136 22 22.7600 LiftProj:15 443 48.10%
0 0 11.8481 21 22.7600 LiftProj:15 457 47.94%
0 0 12.0143 23 22.7600 LiftProj:16 471 47.21%
0 0 12.1932 22 22.7600 LiftProj:18 492 46.43%
0 0 12.8072 21 22.7600 LiftProj:13 521 43.73%
0 0 12.8646 21 22.7600 LiftProj:16 531 43.48%
0 0 13.3215 20 22.7600 LiftProj:18 552 41.47%
0 0 13.4519 20 22.7600 LiftProj:16 566 40.90%
0 0 13.6878 20 22.7600 LiftProj:16 589 39.86%
0 0 13.9277 21 22.7600 Cuts:26 609 38.81%
0 0 14.0374 22 22.7600 LiftProj:16 619 38.32%
0 0 14.0952 21 22.7600 LiftProj:13 634 38.07%
0 0 14.5114 21 22.7600 LiftProj:11 654 36.24%
0 0 14.5509 21 22.7600 LiftProj:15 668 36.07%
0+ 0 nan nan 21.7535 14.5509 nan 33.11%
0 0 14.6607 20 21.7535 LiftProj:14 683 32.61%
0 0 14.8387 22 21.7535 LiftProj:17 708 31.79%
0 0 14.9254 21 21.7535 LiftProj:14 721 31.39%
0 0 15.0817 20 21.7535 LiftProj:9 733 30.67%
0 0 15.2143 22 21.7535 LiftProj:9 750 30.06%
0 0 15.3546 21 21.7535 LiftProj:15 760 29.42%
0 0 15.4109 19 21.7535 LiftProj:21 769 29.16%
0 0 15.4710 21 21.7535 LiftProj:12 780 28.88%
0 0 15.5413 21 21.7535 LiftProj:19 796 28.56%
0 0 15.5882 21 21.7535 LiftProj:11 802 28.34%
0 0 15.6102 21 21.7535 LiftProj:15 807 28.24%
0 0 15.6760 21 21.7535 LiftProj:12 827 27.94%
0 0 15.7308 21 21.7535 LiftProj:16 841 27.69%
0 0 15.9138 21 21.7535 LiftProj:11 859 26.84%
0 0 16.1203 21 21.7535 LiftProj:17 874 25.90%
0 0 16.2912 21 21.7535 LiftProj:12 895 25.11%
0 0 16.3410 21 21.7535 LiftProj:17 906 24.88%
0 0 16.3856 21 21.7535 LiftProj:13 913 24.68%
0 0 16.4262 21 21.7535 LiftProj:19 921 24.49%
0 0 16.4739 20 21.7535 LiftProj:9 937 24.27%
0 0 16.5492 20 21.7535 LiftProj:13 952 23.92%
0 0 16.5549 20 21.7535 LiftProj:13 957 23.90%
0+ 0 nan nan 21.1706 16.5549 nan 21.80%
0 0 16.5732 20 21.1706 LiftProj:9 962 21.72%
0 0 16.5814 21 21.1706 LiftProj:6 972 21.68%
0 2 16.5814 21 21.1706 16.6454 972 21.37%
CPXPARAM_MIP_Cuts_LiftProj-Gomory:LiftProj 35
CPXPARAM_MIP_Cuts_LiftProj-Gomory:Gomory 0
10
Node Left Objective IInf Best_Integer Best_Bound ItCnt Gap
0+ 0 nan nan 131.6037 0.0000 nan 100.00%
0+ 0 nan nan 103.2308 0.0000 nan 100.00%
0 0 38.3907 9 103.2308 38.3907 132 62.81%
0+ 0 nan nan 95.7077 38.3907 nan 59.89%
0 0 47.7314 7 95.7077 Cuts:10 157 50.13%
0+ 0 nan nan 84.3558 47.7314 nan 43.42%
0 0 47.9252 7 84.3558 LiftProj:7 163 43.19%
0+ 0 nan nan 80.5636 47.9252 nan 40.51%
0 0 50.2132 7 80.5636 LiftProj:6 179 37.67%
0 0 50.4367 10 80.5636 LiftProj:7 187 37.40%
0 0 51.2182 16 80.5636 LiftProj:11 207 36.43%
0 0 52.6669 15 80.5636 Cuts:14 230 34.63%
0 0 52.8957 15 80.5636 LiftProj:8 240 34.34%
0 0 53.9639 16 80.5636 LiftProj:12 263 33.02%
0+ 0 nan nan 79.6354 53.9639 nan 32.24%
0 0 54.0504 15 79.6354 Cuts:20 274 32.13%
0+ 0 nan nan 74.6232 54.0504 nan 27.57%
0 0 55.6433 9 74.6232 LiftProj:14 303 25.43%
0+ 0 nan nan 71.0833 55.6433 nan 21.72%
0 0 55.9587 11 71.0833 LiftProj:9 317 21.28%
0 0 56.0014 12 71.0833 LiftProj:10 325 21.22%
0 0 56.9786 9 71.0833 LiftProj:9 346 19.84%
0 0 58.1557 10 71.0833 LiftProj:9 360 18.19%
0 0 58.5366 11 71.0833 Cuts:14 381 17.65%
0 0 58.6097 13 71.0833 LiftProj:7 392 17.55%
0 0 58.8358 12 71.0833 LiftProj:11 410 17.23%
0 0 59.1724 11 71.0833 LiftProj:9 424 16.76%
0+ 0 nan nan 61.6319 59.1724 nan 3.99%
0 0 59.2500 12 61.6319 LiftProj:7 428 3.86%
0 0 59.4274 11 61.6319 LiftProj:8 439 3.58%
0 0 59.5031 12 61.6319 LiftProj:11 447 3.45%
0 0 59.6145 13 61.6319 Cuts:12 455 3.27%
0 0 60.2217 9 61.6319 LiftProj:11 482 2.29%
0 0 60.2870 10 61.6319 LiftProj:9 490 2.18%
0 0 60.3099 11 61.6319 LiftProj:18 501 2.15%
0 0 60.3344 12 61.6319 LiftProj:6 508 2.11%
0 0 60.3893 9 61.6319 LiftProj:12 516 2.02%
0 0 60.4022 10 61.6319 LiftProj:5 519 2.00%
0 0 60.4367 10 61.6319 LiftProj:6 523 1.94%
0 0 60.7075 10 61.6319 LiftProj:13 540 1.50%
0 0 60.7791 11 61.6319 LiftProj:8 550 1.38%
0 0 60.8195 11 61.6319 Cuts:14 561 1.32%
0 0 60.8407 11 61.6319 LiftProj:6 574 1.28%
0 0 60.8793 13 61.6319 LiftProj:25 585 1.22%
0 0 60.9005 12 61.6319 LiftProj:13 591 1.19%
0+ 0 nan nan 61.6319 60.9005 nan 1.19%
0 0 61.3508 2 61.6319 61.3508 645 0.46%
0 0 61.4004 3 61.6319 Cuts:4 657 0.38%
0 0 61.4004 2 61.6319 Cuts:30 662 0.38%
0+ 0 nan nan 61.5313 61.4004 nan 0.21%
0 0 61.4036 3 61.5313 Fract:1 666 0.21%
0 0 61.4768 2 61.5313 Cuts:2 678 0.09%
0 0 61.4990 3 61.5313 Cuts:3 686 0.05%
0 0 61.5132 2 61.5313 LiftProj:1 690 0.03%
0 0 cutoff 61.5313 693 0.00% 0 0
CPXPARAM_MIP_Cuts_LiftProj-Gomory:LiftProj 5
CPXPARAM_MIP_Cuts_LiftProj-Gomory:Gomory 1
11
Node Left Objective IInf Best_Integer Best_Bound ItCnt Gap
0+ 0 nan nan 131.6037 0.0000 nan 100.00%
0+ 0 nan nan 119.4045 0.0000 nan 100.00%
0 0 0.0384 21 119.4045 0.0384 109 99.97%
0+ 0 nan nan 53.3751 0.0384 nan 99.93%
0 0 2.9249 19 53.3751 Cuts:20 164 94.52%
0 0 4.1907 19 53.3751 LiftProj:12 185 92.15%
0 0 5.3228 15 53.3751 Cuts:21 214 90.03%
0+ 0 nan nan 29.3638 5.3228 nan 81.87%
0 0 5.8232 18 29.3638 Cuts:13 226 80.17%
0 0 7.4996 21 29.3638 Cuts:16 248 74.46%
0 0 8.4173 21 29.3638 Cuts:22 282 71.33%
0 0 9.2258 21 29.3638 LiftProj:17 316 68.58%
0+ 0 nan nan 26.0742 9.2258 nan 64.62%
0 0 10.4632 15 26.0742 Cuts:19 349 59.87%
0+ 0 nan nan 20.4324 10.4632 nan 48.79%
0 0 10.9925 15 20.4324 LiftProj:12 360 46.20%
0 0 11.2330 18 20.4324 Cuts:16 381 45.02%
0 0 11.7863 16 20.4324 LiftProj:19 414 42.32%
0 0 12.1291 16 20.4324 LiftProj:14 442 40.64%
0 0 12.3917 15 20.4324 LiftProj:11 473 39.35%
0 0 12.6426 17 20.4324 LiftProj:10 497 38.12%
0 0 12.8168 18 20.4324 LiftProj:19 508 37.27%
0 0 13.0404 18 20.4324 LiftProj:15 526 36.18%
0 0 13.2023 15 20.4324 LiftProj:13 549 35.39%
0 0 13.6168 16 20.4324 Cuts:15 569 33.36%
0 0 13.9216 16 20.4324 LiftProj:13 585 31.86%
0 0 14.2395 19 20.4324 LiftProj:10 605 30.31%
0 0 14.3753 18 20.4324 LiftProj:14 617 29.64%
0 0 14.4717 16 20.4324 LiftProj:14 633 29.17%
0+ 0 nan nan 19.0102 14.4717 nan 23.87%
0 0 14.5881 17 19.0102 LiftProj:17 651 23.26%
0+ 0 nan nan 17.1430 14.5881 nan 14.90%
0 0 14.8011 16 17.1430 LiftProj:9 672 13.66%
0+ 0 nan nan 17.1430 14.8011 nan 13.66%
0 0 15.1096 18 17.1430 LiftProj:13 690 11.86%
0 0 15.2074 18 17.1430 LiftProj:26 714 11.29%
0 0 15.3644 16 17.1430 LiftProj:12 735 10.38%
0 0 15.4283 17 17.1430 LiftProj:7 744 10.00%
0 0 15.4452 17 17.1430 LiftProj:11 753 9.90%
0 0 15.4751 17 17.1430 LiftProj:18 765 9.73%
0 0 15.5097 17 17.1430 LiftProj:7 777 9.53%
0 0 15.7132 16 17.1430 LiftProj:6 796 8.34%
0 0 15.7814 15 17.1430 LiftProj:23 810 7.94%
0 0 15.7866 16 17.1430 LiftProj:6 819 7.91%
0 0 15.8067 16 17.1430 LiftProj:8 830 7.80%
0 0 15.8159 16 17.1430 Cuts:20 837 7.74%
0 0 15.8162 16 17.1430 LiftProj:10 840 7.74%
0 2 15.9302 6 17.1430 15.9302 840 7.07%
CPXPARAM_MIP_Cuts_LiftProj-Gomory:LiftProj 34
CPXPARAM_MIP_Cuts_LiftProj-Gomory:Gomory 0
12
Node Left Objective IInf Best_Integer Best_Bound ItCnt Gap
0+ 0 nan nan 110.3567 0.0000 nan 100.00%
0+ 0 nan nan 96.8755 0.0000 nan 100.00%
0 0 29.3411 15 96.8755 29.3411 140 69.71%
0+ 0 nan nan 82.7988 29.3411 nan 64.56%
0 0 38.5270 15 82.7988 Cuts:27 163 53.47%
0+ 0 nan nan 81.6611 38.5270 nan 52.82%
0 0 40.0230 15 81.6611 Cuts:12 190 50.99%
0+ 0 nan nan 70.0011 40.0230 nan 42.83%
0 0 41.0166 14 70.0011 Cuts:16 208 41.41%
0+ 0 nan nan 65.3759 41.0166 nan 37.26%
0 0 41.6862 15 65.3759 Cuts:14 226 36.24%
0 0 42.9980 14 65.3759 Cuts:16 242 34.23%
0 0 43.5721 15 65.3759 Cuts:18 258 33.35%
0 0 45.0392 15 65.3759 Cuts:14 282 31.11%
0+ 0 nan nan 63.2039 45.0392 nan 28.74%
0 0 46.5651 15 63.2039 Cuts:21 306 26.33%
0 0 47.4912 15 63.2039 LiftProj:13 321 24.86%
0 0 48.4417 15 63.2039 LiftProj:14 333 23.36%
0 0 48.8851 15 63.2039 LiftProj:12 352 22.66%
0 0 49.3553 16 63.2039 LiftProj:11 376 21.91%
0 0 49.4946 16 63.2039 LiftProj:12 392 21.69%
0 0 49.7264 16 63.2039 LiftProj:10 411 21.32%
0 0 49.7761 16 63.2039 LiftProj:9 418 21.25%
0 0 49.9111 16 63.2039 LiftProj:12 431 21.03%
0+ 0 nan nan 58.1753 49.9111 nan 14.21%
0 0 50.1382 16 58.1753 LiftProj:14 447 13.82%
0 0 50.2893 14 58.1753 LiftProj:11 467 13.56%
0 0 50.3006 15 58.1753 LiftProj:13 477 13.54%
0 0 50.3102 15 58.1753 LiftProj:14 489 13.52%
0 0 50.3495 16 58.1753 LiftProj:13 506 13.45%
0 0 50.4315 16 58.1753 LiftProj:11 518 13.31%
0 0 50.4931 15 58.1753 LiftProj:13 532 13.21%
0 0 50.5558 17 58.1753 LiftProj:12 542 13.10%
0 0 50.7320 17 58.1753 LiftProj:16 549 12.79%
0 0 50.8467 15 58.1753 LiftProj:20 560 12.60%
0 0 50.9737 17 58.1753 LiftProj:10 577 12.38%
0 0 51.0086 16 58.1753 LiftProj:16 588 12.32%
0 0 51.1064 17 58.1753 LiftProj:10 598 12.15%
0 0 51.1483 16 58.1753 LiftProj:13 607 12.08%
0 0 51.2392 16 58.1753 LiftProj:9 622 11.92%
0 0 51.3583 17 58.1753 LiftProj:13 635 11.72%
0 0 51.3945 16 58.1753 LiftProj:8 641 11.66%
0 0 51.4558 17 58.1753 LiftProj:10 649 11.55%
0 0 51.4735 18 58.1753 LiftProj:10 655 11.52%
0 2 51.4735 18 58.1753 51.4965 655 11.48%
CPXPARAM_MIP_Cuts_LiftProj-Gomory:LiftProj 26
CPXPARAM_MIP_Cuts_LiftProj-Gomory:Gomory 0
13
Node Left Objective IInf Best_Integer Best_Bound ItCnt Gap
0+ 0 nan nan 110.3567 0.0000 nan 100.00%
0+ 0 nan nan 96.8755 0.0000 nan 100.00%
0+ 0 nan nan 82.0823 0.0000 nan 100.00%
0 0 0.5309 26 82.0823 0.5309 120 99.35%
0+ 0 nan nan 75.6071 0.5309 nan 99.30%
0 0 3.7942 25 75.6071 Cuts:31 173 94.98%
0+ 0 nan nan 44.9067 3.7942 nan 91.55%
0 0 4.1177 26 44.9067 LiftProj:14 185 90.83%
0+ 0 nan nan 34.9248 4.1177 nan 88.21%
0 0 5.7085 24 34.9248 Cuts:23 215 83.65%
0 0 6.0500 26 34.9248 LiftProj:22 230 82.68%
0 0 6.7003 24 34.9248 Cuts:21 254 80.82%
0+ 0 nan nan 27.4266 6.7003 nan 75.57%
0 0 7.3465 25 27.4266 LiftProj:21 279 73.21%
0+ 0 nan nan 27.0360 7.3465 nan 72.83%
0 0 7.6654 26 27.0360 LiftProj:21 297 71.65%
0 0 8.2133 24 27.0360 Cuts:22 318 69.62%
0+ 0 nan nan 17.1872 8.2133 nan 52.21%
0 0 9.4953 24 17.1872 Cuts:29 358 44.75%
0 0 9.7845 24 17.1872 LiftProj:20 382 43.07%
0 0 9.9445 24 17.1872 LiftProj:26 412 42.14%
0 0 10.3208 23 17.1872 LiftProj:27 439 39.95%
0 0 10.5071 22 17.1872 LiftProj:17 459 38.87%
0 0 10.7484 25 17.1872 LiftProj:15 473 37.46%
0 0 11.3449 24 17.1872 LiftProj:19 501 33.99%
0 0 11.6239 24 17.1872 LiftProj:16 521 32.37%
0 0 11.7282 25 17.1872 LiftProj:19 535 31.76%
0 0 11.7556 24 17.1872 LiftProj:15 545 31.60%
0 0 11.9227 23 17.1872 Cuts:25 560 30.63%
0 0 12.0659 25 17.1872 LiftProj:16 580 29.80%
0 0 12.2864 24 17.1872 LiftProj:13 598 28.51%
0+ 0 nan nan 16.4319 12.2864 nan 25.23%
0 0 12.3578 24 16.4319 LiftProj:17 613 24.79%
0 0 12.4918 23 16.4319 LiftProj:16 628 23.98%
0 0 12.5415 25 16.4319 LiftProj:17 640 23.68%
0 0 12.6079 23 16.4319 LiftProj:13 653 23.27%
0 0 12.6729 25 16.4319 LiftProj:14 665 22.88%
0 0 12.7591 22 16.4319 LiftProj:13 684 22.35%
0 0 12.7868 23 16.4319 LiftProj:21 694 22.18%
0 0 12.8446 24 16.4319 LiftProj:12 709 21.83%
0 0 12.8931 25 16.4319 LiftProj:11 724 21.54%
0 0 12.9174 26 16.4319 LiftProj:10 731 21.39%
0 0 13.0047 23 16.4319 LiftProj:13 762 20.86%
0 0 13.0331 23 16.4319 LiftProj:11 776 20.68%
0 0 13.0473 24 16.4319 LiftProj:9 787 20.60%
0 0 13.0526 25 16.4319 LiftProj:9 798 20.57%
0 0 13.0579 26 16.4319 LiftProj:11 810 20.53%
0 0 13.0833 25 16.4319 LiftProj:9 823 20.38%
0 0 13.0957 23 16.4319 LiftProj:11 832 20.30%
0 0 13.1473 24 16.4319 LiftProj:12 849 19.99%
0 0 13.1792 25 16.4319 LiftProj:9 864 19.79%
0 0 13.2103 23 16.4319 LiftProj:11 881 19.61%
0 0 13.2474 22 16.4319 LiftProj:9 888 19.38%
0 0 13.2526 22 16.4319 LiftProj:9 894 19.35%
0 0 13.2551 22 16.4319 LiftProj:10 902 19.33%
0 2 14.2953 13 16.4319 14.3002 902 12.97%
CPXPARAM_MIP_Cuts_LiftProj-Gomory:LiftProj 36
CPXPARAM_MIP_Cuts_LiftProj-Gomory:Gomory 0
14
Node Left Objective IInf Best_Integer Best_Bound ItCnt Gap
0+ 0 nan nan 110.3567 0.0000 nan 100.00%
0+ 0 nan nan 82.1268 0.0000 nan 100.00%
0 0 26.8968 8 82.1268 26.8968 122 67.25%
0+ 0 nan nan 70.4047 26.8968 nan 61.80%
0 0 30.9100 8 70.4047 Cuts:13 145 56.10%
0+ 0 nan nan 49.7810 30.9100 nan 37.91%
0 0 34.2914 8 49.7810 LiftProj:7 164 31.12%
0 0 36.3715 15 49.7810 LiftProj:5 190 26.94%
0 0 38.0352 14 49.7810 LiftProj:14 202 23.59%
0 0 38.4319 15 49.7810 Cuts:14 214 22.80%
0 0 39.7531 15 49.7810 LiftProj:11 232 20.14%
0 0 40.9323 15 49.7810 Cuts:20 258 17.78%
0 0 41.8098 15 49.7810 Cuts:20 281 16.01%
0 0 42.2317 15 49.7810 Cuts:15 297 15.16%
0 0 42.5654 9 49.7810 Cuts:15 319 14.49%
0+ 0 nan nan 47.8786 42.5654 nan 11.10%
0 0 42.6439 10 47.8786 LiftProj:9 334 10.93%
0 0 42.6746 10 47.8786 LiftProj:9 344 10.87%
0 0 42.8532 12 47.8786 LiftProj:8 356 10.50%
0 0 43.2733 9 47.8786 LiftProj:14 375 9.62%
0+ 0 nan nan 46.7147 43.2733 nan 7.37%
0 0 43.6047 10 46.7147 LiftProj:7 389 6.66%
0 0 43.7263 10 46.7147 Cuts:15 401 6.40%
0 0 43.8242 12 46.7147 LiftProj:10 421 6.19%
0 0 43.8605 11 46.7147 Cuts:16 434 6.11%
0 0 44.1890 11 46.7147 LiftProj:8 447 5.41%
0 0 44.2684 11 46.7147 Cuts:17 455 5.24%
0 0 44.3091 11 46.7147 LiftProj:7 464 5.15%
0 0 44.5095 12 46.7147 LiftProj:8 483 4.72%
0 0 44.7220 14 46.7147 LiftProj:11 492 4.27%
0 0 44.8644 13 46.7147 Cuts:14 515 3.96%
0 0 44.8661 13 46.7147 LiftProj:14 519 3.96%
0 0 44.8859 15 46.7147 LiftProj:15 527 3.91%
0 0 44.8859 15 46.7147 Cuts:8 529 3.91%
0+ 0 nan nan 45.7476 44.8859 nan 1.88%
0+ 0 nan nan 45.7476 44.8859 nan 1.88%
0 0 45.1586 3 45.7476 45.1586 599 1.29%
0 0 45.1586 5 45.7476 Cuts:17 607 1.29%
0 0 45.1586 3 45.7476 Cuts:6 610 1.29%
0 0 45.1923 5 45.7476 Cuts:5 619 1.21%
0 0 45.3090 5 45.7476 Cuts:25 624 0.96%
0 0 45.3624 7 45.7476 Cuts:17 637 0.84%
0 0 45.4244 7 45.7476 Cuts:19 645 0.71%
0 0 45.4927 5 45.7476 Cuts:6 654 0.56%
0 0 45.5131 4 45.7476 LiftProj:4 662 0.51%
0 0 45.5454 4 45.7476 LiftProj:3 669 0.44%
0 0 45.5543 4 45.7476 LiftProj:2 672 0.42%
0 0 45.5547 4 45.7476 LiftProj:3 674 0.42%
0 0 cutoff 45.7476 45.5547 674 0.42% 0
CPXPARAM_MIP_Cuts_LiftProj-Gomory:LiftProj 10
CPXPARAM_MIP_Cuts_LiftProj-Gomory:Gomory 1
15
Node Left Objective IInf Best_Integer Best_Bound ItCnt Gap
0+ 0 nan nan 110.3567 0.0000 nan 100.00%
0+ 0 nan nan 93.2185 0.0000 nan 100.00%
0 0 0.2742 21 93.2185 0.2742 115 99.71%
0+ 0 nan nan 39.7563 0.2742 nan 99.31%
0 0 2.9325 16 39.7563 Cuts:23 150 92.62%
0+ 0 nan nan 35.4605 2.9325 nan 91.73%
0 0 4.7025 16 35.4605 Cuts:15 173 86.74%
0+ 0 nan nan 29.4433 4.7025 nan 84.03%
0 0 6.1963 18 29.4433 LiftProj:16 204 78.96%
0+ 0 nan nan 19.5363 6.1963 nan 68.28%
0 0 6.4246 19 19.5363 LiftProj:15 219 67.11%
0+ 0 nan nan 12.1307 6.4246 nan 47.04%
0 0 6.9601 17 12.1307 LiftProj:17 233 42.62%
0 0 7.1629 17 12.1307 LiftProj:18 242 40.95%
0 0 7.5868 16 12.1307 LiftProj:14 259 37.46%
0 0 7.5868 20 12.1307 LiftProj:13 265 37.46%
0 0 7.7760 17 12.1307 LiftProj:17 279 35.90%
0 0 7.8758 17 12.1307 LiftProj:22 287 35.08%
0 0 8.4879 16 12.1307 LiftProj:16 315 30.03%
0 0 8.7829 17 12.1307 LiftProj:15 341 27.60%
0 0 9.2505 16 12.1307 LiftProj:14 364 23.74%
0 0 9.3249 17 12.1307 LiftProj:10 374 23.13%
0 0 9.3856 17 12.1307 LiftProj:10 383 22.63%
0 0 9.3992 17 12.1307 LiftProj:10 392 22.52%
0 0 9.4874 17 12.1307 LiftProj:10 411 21.79%
0+ 0 nan nan 11.9436 9.4874 nan 20.57%
0 0 9.5508 16 11.9436 LiftProj:9 421 20.03%
0 0 9.6163 16 11.9436 LiftProj:7 432 19.49%
0 0 9.6946 18 11.9436 LiftProj:9 449 18.83%
0+ 0 nan nan 11.9436 9.6946 nan 18.83%
0 0 9.8113 16 11.9436 LiftProj:18 471 17.85%
0 0 9.8347 19 11.9436 LiftProj:12 482 17.66%
0 0 9.9617 15 11.9436 LiftProj:14 507 16.59%
0+ 0 nan nan 11.9436 9.9617 nan 16.59%
0 0 9.9811 17 11.9436 LiftProj:16 516 16.43%
0 0 9.9986 17 11.9436 LiftProj:11 524 16.29%
0 0 10.0034 17 11.9436 LiftProj:11 533 16.25%
0 0 10.0406 16 11.9436 LiftProj:11 555 15.93%
0 0 10.1081 15 11.9436 LiftProj:15 567 15.37%
0 0 10.1460 16 11.9436 LiftProj:9 583 15.05%
0 0 10.2604 15 11.9436 LiftProj:11 597 14.09%
0 0 10.2762 16 11.9436 LiftProj:24 605 13.96%
0 0 10.2769 17 11.9436 LiftProj:14 610 13.95%
0 2 10.5362 6 11.9436 10.5362 610 11.78%
CPXPARAM_MIP_Cuts_LiftProj-Gomory:LiftProj 23
CPXPARAM_MIP_Cuts_LiftProj-Gomory:Gomory 0
16
Node Left Objective IInf Best_Integer Best_Bound ItCnt Gap
0+ 0 nan nan 109.2984 0.0000 nan 100.00%
0+ 0 nan nan 99.1849 0.0000 nan 100.00%
0 0 39.0015 15 99.1849 39.0015 136 60.68%
0+ 0 nan nan 96.2736 39.0015 nan 59.49%
0 0 46.9715 15 96.2736 Cuts:22 160 51.21%
0+ 0 nan nan 71.1396 46.9715 nan 33.97%
0 0 47.1488 16 71.1396 LiftProj:5 171 33.72%
0 0 47.7619 16 71.1396 LiftProj:12 189 32.86%
0 0 48.9644 13 71.1396 Cuts:18 203 31.17%
0 0 49.2568 14 71.1396 LiftProj:13 220 30.76%
0+ 0 nan nan 63.0801 49.2568 nan 21.91%
0 0 50.0673 15 63.0801 Cuts:14 237 20.63%
0 0 50.3153 16 63.0801 LiftProj:12 247 20.24%
0 0 50.4484 17 63.0801 LiftProj:11 254 20.02%
0 0 50.7409 15 63.0801 LiftProj:13 264 19.56%
0 0 50.8163 16 63.0801 LiftProj:12 274 19.44%
0 0 50.8859 16 63.0801 LiftProj:18 284 19.33%
0 0 51.4142 15 63.0801 LiftProj:15 309 18.49%
0 0 51.5801 16 63.0801 LiftProj:12 322 18.23%
0 0 52.8635 17 63.0801 LiftProj:10 338 16.20%
0 0 53.1721 17 63.0801 LiftProj:14 351 15.71%
0 0 53.3884 16 63.0801 LiftProj:17 357 15.36%
0 0 53.5392 17 63.0801 LiftProj:13 371 15.13%
0 0 53.8241 17 63.0801 LiftProj:12 389 14.67%
0 0 54.1592 17 63.0801 LiftProj:14 405 14.14%
0 0 54.2953 17 63.0801 LiftProj:10 417 13.93%
0 0 54.3922 18 63.0801 LiftProj:13 428 13.77%
0 0 54.4604 18 63.0801 Cuts:16 439 13.66%
0 0 54.5183 18 63.0801 LiftProj:11 448 13.57%
0 0 55.1249 18 63.0801 LiftProj:11 470 12.61%
0 0 55.2423 18 63.0801 LiftProj:16 486 12.43%
0 0 55.6378 17 63.0801 LiftProj:12 504 11.80%
0 0 55.7947 18 63.0801 LiftProj:14 520 11.55%
0 0 55.8349 18 63.0801 LiftProj:12 534 11.49%
0 0 55.8614 18 63.0801 LiftProj:12 545 11.44%
0 0 55.8839 18 63.0801 LiftProj:13 555 11.41%
0 0 55.9537 19 63.0801 LiftProj:10 569 11.30%
0 0 55.9744 19 63.0801 LiftProj:14 578 11.26%
0 0 55.9944 18 63.0801 LiftProj:13 585 11.23%
0 0 56.0023 19 63.0801 LiftProj:11 591 11.22%
0 0 56.0036 19 63.0801 LiftProj:14 597 11.22%
0 2 56.0036 19 63.0801 56.0059 597 11.21%
CPXPARAM_MIP_Cuts_LiftProj-Gomory:LiftProj 27
CPXPARAM_MIP_Cuts_LiftProj-Gomory:Gomory 1
17
Node Left Objective IInf Best_Integer Best_Bound ItCnt Gap
0+ 0 nan nan 109.2984 0.0000 nan 100.00%
0+ 0 nan nan 97.6971 0.0000 nan 100.00%
0+ 0 nan nan 85.4994 0.0000 nan 100.00%
0 0 0.4869 27 85.4994 0.4869 123 99.43%
0+ 0 nan nan 71.6706 0.4869 nan 99.32%
0 0 4.0847 24 71.6706 Cuts:35 178 94.30%
0+ 0 nan nan 45.7836 4.0847 nan 91.08%
0 0 4.8086 24 45.7836 Cuts:14 201 89.50%
0 0 5.3768 26 45.7836 Cuts:22 226 88.26%
0+ 0 nan nan 25.7239 5.3768 nan 79.10%
0 0 5.7858 24 25.7239 Cuts:23 253 77.51%
0 0 6.9326 23 25.7239 Cuts:23 281 73.05%
0 0 7.8981 25 25.7239 Cuts:23 303 69.30%
0 0 8.6185 22 25.7239 Cuts:24 326 66.50%
0 0 9.4001 22 25.7239 Cuts:21 352 63.46%
0 0 9.6899 21 25.7239 Cuts:23 369 62.33%
0 0 9.9838 23 25.7239 LiftProj:21 387 61.19%
0 0 10.8865 22 25.7239 LiftProj:20 410 57.68%
0 0 11.1971 23 25.7239 LiftProj:15 424 56.47%
0+ 0 nan nan 24.9136 11.1971 nan 55.06%
0 0 11.3721 22 24.9136 LiftProj:17 438 54.35%
0+ 0 nan nan 24.0163 11.3721 nan 52.65%
0 0 11.8480 21 24.0163 LiftProj:15 461 50.67%
0 0 12.0054 21 24.0163 LiftProj:18 474 50.01%
0+ 0 nan nan 21.7788 12.0054 nan 44.88%
0 0 12.1155 21 21.7788 LiftProj:15 485 44.37%
0 0 12.2391 23 21.7788 LiftProj:20 503 43.80%
0 0 12.3099 22 21.7788 LiftProj:20 517 43.48%
0 0 12.6256 22 21.7788 LiftProj:21 539 42.03%
0 0 12.7561 21 21.7788 LiftProj:22 555 41.43%
0 0 13.3539 21 21.7788 LiftProj:15 583 38.68%
0 0 13.5861 22 21.7788 LiftProj:17 595 37.62%
0 0 13.8356 22 21.7788 LiftProj:14 611 36.47%
0 0 13.9556 23 21.7788 LiftProj:13 633 35.92%
0 0 14.1695 23 21.7788 LiftProj:15 656 34.94%
0 0 14.4633 23 21.7788 LiftProj:14 676 33.59%
0 0 14.6299 21 21.7788 LiftProj:12 691 32.83%
0 0 14.6682 23 21.7788 LiftProj:13 703 32.65%
0 0 14.7391 23 21.7788 LiftProj:11 720 32.32%
0 0 14.9728 22 21.7788 LiftProj:15 746 31.25%
0 0 15.0123 22 21.7788 LiftProj:14 761 31.07%
0 0 15.1589 22 21.7788 LiftProj:12 776 30.40%
0 0 15.2148 22 21.7788 LiftProj:12 792 30.14%
0 0 15.3326 21 21.7788 LiftProj:13 812 29.60%
0 0 15.4411 20 21.7788 LiftProj:12 832 29.10%
0 0 15.5713 21 21.7788 LiftProj:17 853 28.50%
0 0 15.6141 21 21.7788 LiftProj:12 862 28.31%
0 0 15.6397 21 21.7788 LiftProj:9 868 28.19%
0 0 15.6785 22 21.7788 LiftProj:12 874 28.01%
0 0 15.7662 21 21.7788 LiftProj:10 894 27.61%
0 0 15.8028 22 21.7788 LiftProj:9 904 27.44%
0 0 15.8265 22 21.7788 LiftProj:8 911 27.33%
0 0 15.8809 21 21.7788 LiftProj:12 929 27.08%
0 0 15.9405 20 21.7788 LiftProj:11 938 26.81%
0 0 15.9483 20 21.7788 LiftProj:12 941 26.77%
0 2 15.9483 20 21.7788 15.9631 941 26.70%
CPXPARAM_MIP_Cuts_LiftProj-Gomory:LiftProj 38
CPXPARAM_MIP_Cuts_LiftProj-Gomory:Gomory 0
18
Node Left Objective IInf Best_Integer Best_Bound ItCnt Gap
0+ 0 nan nan 109.2984 0.0000 nan 100.00%
0+ 0 nan nan 89.3009 0.0000 nan 100.00%
0 0 37.6534 9 89.3009 37.6534 120 57.84%
0+ 0 nan nan 78.0911 37.6534 nan 51.78%
0 0 43.1235 10 78.0911 Cuts:14 148 44.78%
0+ 0 nan nan 76.8895 43.1235 nan 43.92%
0 0 43.5677 10 76.8895 LiftProj:7 158 43.34%
0+ 0 nan nan 69.0950 43.5677 nan 36.95%
0 0 43.9476 12 69.0950 LiftProj:7 171 36.40%
0 0 44.4866 12 69.0950 LiftProj:10 188 35.62%
0 0 44.7260 13 69.0950 Cuts:10 204 35.27%
0 0 45.1150 13 69.0950 LiftProj:11 213 34.71%
0 0 46.0883 12 69.0950 LiftProj:12 227 33.30%
0 0 46.8087 13 69.0950 LiftProj:13 247 32.25%
0 0 46.9884 11 69.0950 Cuts:16 258 31.99%
0 0 48.6428 9 69.0950 LiftProj:10 288 29.60%
0+ 0 nan nan 62.3748 48.6428 nan 22.02%
0 0 49.2180 11 62.3748 LiftProj:9 307 21.09%
0 0 50.3149 12 62.3748 Cuts:16 324 19.33%
0 0 50.4890 15 62.3748 LiftProj:10 335 19.06%
0 0 50.6214 15 62.3748 LiftProj:11 345 18.84%
0 0 50.9666 15 62.3748 LiftProj:17 357 18.29%
0 0 51.3922 13 62.3748 LiftProj:15 378 17.61%
0 0 51.4416 15 62.3748 LiftProj:10 388 17.53%
0 0 51.5254 14 62.3748 LiftProj:11 402 17.39%
0 0 51.8135 14 62.3748 LiftProj:13 422 16.93%
0 0 52.1203 13 62.3748 LiftProj:9 433 16.44%
0 0 52.2957 14 62.3748 LiftProj:10 439 16.16%
0 0 52.9087 12 62.3748 LiftProj:11 457 15.18%
0 0 53.0961 16 62.3748 LiftProj:10 469 14.88%
0 0 53.3251 16 62.3748 LiftProj:9 484 14.51%
0 0 53.4682 15 62.3748 LiftProj:10 494 14.28%
0 0 53.7030 15 62.3748 LiftProj:7 502 13.90%
0 0 53.9251 15 62.3748 LiftProj:14 509 13.55%
0 0 53.9839 16 62.3748 LiftProj:10 521 13.45%
0 0 54.4359 15 62.3748 LiftProj:16 535 12.73%
0 0 54.5075 15 62.3748 Cuts:17 542 12.61%
0 0 54.7681 15 62.3748 LiftProj:7 555 12.20%
0 0 54.8795 15 62.3748 Cuts:13 573 12.02%
0 0 54.9230 15 62.3748 Cuts:14 582 11.95%
0 0 55.1095 15 62.3748 LiftProj:9 594 11.65%
0 0 55.1846 14 62.3748 LiftProj:8 608 11.53%
0+ 0 nan nan 58.6226 55.1846 nan 5.86%
0 0 55.2153 14 58.6226 LiftProj:11 614 5.81%
0 0 55.2489 14 58.6226 LiftProj:12 624 5.76%
0 0 55.3335 17 58.6226 LiftProj:7 637 5.61%
0 0 55.5504 17 58.6226 LiftProj:13 652 5.24%
0 0 55.5609 17 58.6226 LiftProj:13 659 5.22%
0 0 55.6287 16 58.6226 LiftProj:14 668 5.11%
0 0 55.8424 16 58.6226 LiftProj:7 677 4.74%
0+ 0 nan nan 58.6226 55.8424 nan 4.74%
0 0 55.8603 16 58.6226 LiftProj:9 680 4.71%
0+ 0 nan nan 57.2613 55.8603 nan 2.45%
0 2 56.2255 5 57.2613 56.5412 680 1.26%
CPXPARAM_MIP_Cuts_LiftProj-Gomory:LiftProj 31
CPXPARAM_MIP_Cuts_LiftProj-Gomory:Gomory 0
19
Node Left Objective IInf Best_Integer Best_Bound ItCnt Gap
0+ 0 nan nan 109.2984 0.0000 nan 100.00%
0+ 0 nan nan 92.9814 0.0000 nan 100.00%
0 0 0.4309 20 92.9814 0.4309 108 99.54%
0+ 0 nan nan 60.8556 0.4309 nan 99.29%
0 0 3.5260 16 60.8556 Cuts:25 139 94.21%
0+ 0 nan nan 33.8526 3.5260 nan 89.58%
0 0 4.3589 16 33.8526 Cuts:16 164 87.12%
0+ 0 nan nan 33.3036 4.3589 nan 86.91%
0 0 7.0163 16 33.3036 LiftProj:12 199 78.93%
0+ 0 nan nan 22.2098 7.0163 nan 68.41%
0 0 8.2828 14 22.2098 LiftProj:14 226 62.71%
0+ 0 nan nan 17.4088 8.2828 nan 52.42%
0 0 8.8958 14 17.4088 Cuts:14 247 48.90%
0 0 9.3429 16 17.4088 LiftProj:15 271 46.33%
0 0 9.8748 17 17.4088 LiftProj:14 287 43.28%
0 0 10.2318 19 17.4088 LiftProj:16 310 41.23%
0 0 10.9469 16 17.4088 LiftProj:14 335 37.12%
0 0 11.1008 16 17.4088 LiftProj:12 353 36.23%
0 0 11.1742 16 17.4088 LiftProj:12 362 35.81%
0 0 11.3913 16 17.4088 LiftProj:11 386 34.57%
0 0 11.7161 17 17.4088 LiftProj:14 412 32.70%
0 0 11.8802 16 17.4088 LiftProj:10 429 31.76%
0+ 0 nan nan 17.1244 11.8802 nan 30.62%
0 0 11.9641 17 17.1244 LiftProj:10 451 30.13%
0 0 12.0616 18 17.1244 LiftProj:12 466 29.57%
0 0 12.1379 18 17.1244 LiftProj:13 479 29.12%
0 0 12.3190 15 17.1244 LiftProj:13 498 28.06%
0+ 0 nan nan 17.1244 12.3190 nan 28.06%
0 0 12.3524 15 17.1244 LiftProj:9 509 27.87%
0+ 0 nan nan 15.6626 12.3524 nan 21.13%
0 0 12.3723 15 15.6626 LiftProj:11 515 21.01%
0 0 12.5612 14 15.6626 LiftProj:12 534 19.80%
0 0 12.5957 15 15.6626 LiftProj:7 543 19.58%
0 0 12.6334 17 15.6626 LiftProj:15 563 19.34%
0 0 12.6773 16 15.6626 Cuts:17 575 19.06%
0 0 12.7791 16 15.6626 LiftProj:12 591 18.41%
0 0 12.8126 16 15.6626 LiftProj:11 596 18.20%
0 0 12.9912 17 15.6626 LiftProj:8 608 17.06%
0 0 13.0654 17 15.6626 LiftProj:9 623 16.58%
0 0 13.0803 16 15.6626 LiftProj:12 632 16.49%
0 0 13.2170 15 15.6626 LiftProj:11 648 15.61%
0 0 13.3537 16 15.6626 LiftProj:22 662 14.74%
0 0 13.4495 15 15.6626 LiftProj:10 677 14.13%
0 0 13.5212 16 15.6626 LiftProj:18 688 13.67%
0 0 13.5615 16 15.6626 LiftProj:20 708 13.42%
0 0 13.6160 16 15.6626 LiftProj:10 722 13.07%
0 0 13.7252 15 15.6626 LiftProj:9 735 12.37%
0 0 13.8275 16 15.6626 LiftProj:10 747 11.72%
0 0 13.9540 15 15.6626 LiftProj:10 763 10.91%
0 0 14.1906 17 15.6626 LiftProj:17 790 9.40%
0 0 14.2886 17 15.6626 LiftProj:31 809 8.77%
0 0 14.4459 19 15.6626 LiftProj:13 837 7.77%
0 0 14.5194 17 15.6626 LiftProj:11 852 7.30%
0 0 14.6074 17 15.6626 LiftProj:11 870 6.74%
0+ 0 nan nan 15.6608 14.6074 nan 6.73%
0 0 14.6310 16 15.6608 LiftProj:7 880 6.58%
0 0 14.6520 16 15.6608 LiftProj:4 887 6.44%
0 0 14.6822 17 15.6608 LiftProj:13 902 6.25%
0 0 14.7093 17 15.6608 LiftProj:23 915 6.08%
0 0 14.7623 17 15.6608 LiftProj:6 927 5.74%
0 0 14.8574 18 15.6608 LiftProj:12 944 5.13%
0 0 14.8665 18 15.6608 LiftProj:6 957 5.07%
0 0 14.8752 17 15.6608 LiftProj:9 970 5.02%
0 0 14.8871 17 15.6608 LiftProj:5 979 4.94%
0 0 14.9259 17 15.6608 LiftProj:9 997 4.69%
0 0 14.9313 17 15.6608 LiftProj:23 1004 4.66%
0 0 14.9533 15 15.6608 LiftProj:3 1009 4.52%
0 0 14.9993 15 15.6608 LiftProj:12 1019 4.22%
0 0 15.0011 16 15.6608 LiftProj:29 1029 4.21%
0+ 0 nan nan 15.6608 15.0011 nan 4.21%
0 0 15.6596 2 15.6608 15.6596 1076 0.01%
CPXPARAM_MIP_Cuts_LiftProj-Gomory:LiftProj 25
CPXPARAM_MIP_Cuts_LiftProj-Gomory:Gomory 0
20
Node Left Objective IInf Best_Integer Best_Bound ItCnt Gap
0+ 0 nan nan 93.3792 0.0000 nan 100.00%
0+ 0 nan nan 84.6822 0.0000 nan 100.00%
0 0 9.0972 13 84.6822 9.0972 140 89.26%
0+ 0 nan nan 42.0305 9.0972 nan 78.36%
0 0 15.9408 12 42.0305 Cuts:22 168 62.07%
0 0 18.0221 14 42.0305 LiftProj:8 194 57.12%
0 0 18.8502 13 42.0305 LiftProj:12 229 55.15%
0+ 0 nan nan 41.0200 18.8502 nan 54.05%
0 0 19.2182 13 41.0200 LiftProj:12 241 53.15%
0 0 20.2852 13 41.0200 LiftProj:12 272 50.55%
0+ 0 nan nan 40.2022 20.2852 nan 49.54%
0 0 22.9648 14 40.2022 LiftProj:13 313 42.88%
0 0 23.7885 14 40.2022 LiftProj:11 334 40.83%
0+ 0 nan nan 34.8935 23.7885 nan 31.83%
0 0 24.4314 14 34.8935 LiftProj:13 359 29.98%
0 0 25.5530 14 34.8935 LiftProj:16 387 26.77%
0 0 25.8654 14 34.8935 LiftProj:14 408 25.87%
0 0 26.1200 14 34.8935 Cuts:10 423 25.14%
0 0 26.5444 14 34.8935 LiftProj:13 448 23.93%
0+ 0 nan nan 34.4861 26.5444 nan 23.03%
0 0 27.3201 14 34.4861 LiftProj:13 485 20.78%
0 0 27.7238 14 34.4861 LiftProj:13 507 19.61%
0 0 27.9143 14 34.4861 Cuts:14 519 19.06%
0+ 0 nan nan 34.4861 27.9143 nan 19.06%
0 0 28.7269 14 34.4861 LiftProj:12 547 16.70%
0 0 29.0825 13 34.4861 LiftProj:12 571 15.67%
0 0 29.2131 14 34.4861 LiftProj:9 583 15.29%
0 0 29.4109 14 34.4861 LiftProj:10 599 14.72%
0 0 29.5901 14 34.4861 LiftProj:12 609 14.20%
0 0 29.8086 14 34.4861 LiftProj:10 623 13.56%
0 0 29.9910 14 34.4861 LiftProj:11 643 13.03%
0+ 0 nan nan 34.4861 29.9910 nan 13.03%
0 0 30.0700 14 34.4861 LiftProj:8 655 12.81%
0 0 30.1651 14 34.4861 LiftProj:6 667 12.53%
0 0 30.3669 14 34.4861 LiftProj:9 689 11.94%
0 0 30.4729 14 34.4861 LiftProj:7 699 11.64%
0 0 30.5233 14 34.4861 LiftProj:8 710 11.49%
0 0 30.6911 14 34.4861 LiftProj:10 730 11.00%
0 0 30.7301 13 34.4861 Cuts:13 739 10.89%
0 0 30.7658 14 34.4861 LiftProj:10 748 10.79%
0 0 30.7779 14 34.4861 LiftProj:11 753 10.75%
0 0 30.8008 14 34.4861 LiftProj:9 762 10.69%
0 0 30.8371 14 34.4861 LiftProj:9 772 10.58%
0 0 30.9799 14 34.4861 LiftProj:9 790 10.17%
0 0 31.0031 14 34.4861 LiftProj:10 796 10.10%
0 0 31.0184 14 34.4861 LiftProj:9 805 10.06%
0 0 31.1696 14 34.4861 LiftProj:9 819 9.62%
0 0 31.1936 14 34.4861 LiftProj:12 826 9.55%
0 0 31.2451 14 34.4861 LiftProj:9 841 9.40%
0 0 31.3011 14 34.4861 LiftProj:11 853 9.24%
0 0 31.3805 13 34.4861 LiftProj:11 870 9.01%
0 0 31.4132 14 34.4861 LiftProj:7 875 8.91%
0 0 31.4238 14 34.4861 LiftProj:6 880 8.88%
0 0 31.4332 14 34.4861 LiftProj:15 884 8.85%
0+ 0 nan nan 34.4861 31.4332 nan 8.85%
0 2 31.5067 11 34.4861 31.5074 884 8.64%
CPXPARAM_MIP_Cuts_LiftProj-Gomory:LiftProj 30
CPXPARAM_MIP_Cuts_LiftProj-Gomory:Gomory 0
21
Node Left Objective IInf Best_Integer Best_Bound ItCnt Gap
0+ 0 nan nan 93.3792 0.0000 nan 100.00%
0+ 0 nan nan 84.6822 0.0000 nan 100.00%
0+ 0 nan nan 73.2863 0.0000 nan 100.00%
0 0 0.3515 25 73.2863 0.3515 121 99.52%
0+ 0 nan nan 24.0307 0.3515 nan 98.54%
0 0 1.9075 23 24.0307 Cuts:37 153 92.06%
0+ 0 nan nan 18.9143 1.9075 nan 89.92%
0 0 2.6030 22 18.9143 Cuts:16 181 86.24%
0 0 2.8055 23 18.9143 LiftProj:13 197 85.17%
0+ 0 nan nan 13.9138 2.8055 nan 79.84%
0 0 2.8517 24 13.9138 LiftProj:12 205 79.50%
0+ 0 nan nan 9.4479 2.8517 nan 69.82%
0 0 2.9493 24 9.4479 LiftProj:14 217 68.78%
0 0 3.0719 25 9.4479 Cuts:15 235 67.49%
0 0 3.1669 26 9.4479 LiftProj:11 249 66.48%
0 0 3.3444 25 9.4479 LiftProj:18 272 64.60%
0 0 3.3994 26 9.4479 LiftProj:14 288 64.02%
0 0 3.7476 25 9.4479 LiftProj:17 317 60.33%
0 0 3.8793 27 9.4479 Cuts:17 346 58.94%
0 0 4.0481 25 9.4479 LiftProj:20 373 57.15%
0 0 4.2825 26 9.4479 LiftProj:19 401 54.67%
0 0 4.4319 25 9.4479 LiftProj:16 425 53.09%
0 0 4.5260 26 9.4479 LiftProj:20 441 52.10%
0 0 4.6240 28 9.4479 LiftProj:18 460 51.06%
0 0 4.8629 27 9.4479 LiftProj:16 492 48.53%
0 0 4.9350 26 9.4479 LiftProj:16 507 47.77%
0 0 5.0751 26 9.4479 LiftProj:18 539 46.28%
0 0 5.2666 27 9.4479 LiftProj:11 571 44.26%
0 0 5.4322 26 9.4479 LiftProj:13 597 42.50%
0 0 5.5972 23 9.4479 LiftProj:14 613 40.76%
0+ 0 nan nan 9.4479 5.5972 nan 40.76%
0 0 5.6721 25 9.4479 LiftProj:10 630 39.96%
0 0 5.7701 25 9.4479 LiftProj:11 649 38.93%
0 0 5.8012 26 9.4479 LiftProj:14 663 38.60%
0 0 5.8754 26 9.4479 LiftProj:8 684 37.81%
0+ 0 nan nan 9.1778 5.8754 nan 35.98%
0 0 5.8980 25 9.1778 LiftProj:8 694 35.74%
0 0 5.9491 27 9.1778 LiftProj:13 713 35.18%
0 0 6.0006 27 9.1778 LiftProj:12 729 34.62%
0 0 6.0200 27 9.1778 LiftProj:13 739 34.41%
0 0 6.0661 25 9.1778 LiftProj:9 754 33.91%
0 0 6.0787 26 9.1778 LiftProj:13 761 33.77%
0 0 6.0970 28 9.1778 LiftProj:8 773 33.57%
0 0 6.1487 27 9.1778 LiftProj:14 792 33.00%
0 0 6.2101 26 9.1778 LiftProj:11 810 32.34%
0 0 6.2524 26 9.1778 LiftProj:11 831 31.88%
0 0 6.2813 24 9.1778 LiftProj:11 851 31.56%
0 0 6.2942 26 9.1778 LiftProj:9 866 31.42%
0 0 6.3529 25 9.1778 LiftProj:10 892 30.78%
0 0 6.3614 24 9.1778 LiftProj:9 903 30.69%
0 0 6.3661 25 9.1778 LiftProj:7 911 30.64%
0 0 6.3757 25 9.1778 LiftProj:10 921 30.53%
0 0 6.4041 24 9.1778 LiftProj:8 941 30.22%
0 0 6.4225 24 9.1778 LiftProj:9 953 30.02%
0 0 6.4229 24 9.1778 LiftProj:9 957 30.02%
0+ 0 nan nan 9.1778 6.4229 nan 30.02%
0 0 6.4237 25 9.1778 LiftProj:7 963 30.01%
0+ 0 nan nan 9.1778 6.4237 nan 30.01%
0 2 6.8436 16 9.1778 6.8437 963 25.43%
CPXPARAM_MIP_Cuts_LiftProj-Gomory:LiftProj 40
CPXPARAM_MIP_Cuts_LiftProj-Gomory:Gomory 0
22
Node Left Objective IInf Best_Integer Best_Bound ItCnt Gap
0+ 0 nan nan 93.3792 0.0000 nan 100.00%
0+ 0 nan nan 79.5308 0.0000 nan 100.00%
0 0 9.0491 6 79.5308 9.0491 129 88.62%
0+ 0 nan nan 30.9085 9.0491 nan 70.72%
0 0 13.9200 7 30.9085 Cuts:4 166 54.96%
0 0 15.8511 5 30.9085 LiftProj:5 200 48.72%
0+ 0 nan nan 30.4310 15.8511 nan 47.91%
0 0 18.6609 7 30.4310 LiftProj:5 233 38.68%
0 0 21.1921 8 30.4310 LiftProj:5 274 30.36%
0 0 21.2585 10 30.4310 LiftProj:7 288 30.14%
0 0 23.7970 6 30.4310 LiftProj:7 315 21.80%
0 0 25.4228 7 30.4310 Cuts:9 349 16.46%
0 0 25.8023 8 30.4310 Cuts:9 359 15.21%
0 0 26.0910 7 30.4310 Cuts:9 377 14.26%
0 0 26.2137 7 30.4310 Cuts:8 390 13.86%
0+ 0 nan nan 29.5907 26.2137 nan 11.41%
0 0 26.2978 7 29.5907 LiftProj:9 402 11.13%
0 0 26.3475 8 29.5907 LiftProj:7 418 10.96%
0+ 0 nan nan 28.5540 26.3475 nan 7.73%
0 0 26.4231 8 28.5540 LiftProj:5 427 7.46%
0 0 26.7609 8 28.5540 LiftProj:5 448 6.28%
0 0 27.0161 8 28.5540 LiftProj:7 460 5.39%
0 0 27.2527 6 28.5540 LiftProj:4 468 4.56%
0 0 27.3624 9 28.5540 LiftProj:6 484 4.17%
0 0 27.4870 9 28.5540 LiftProj:8 497 3.74%
0 0 27.7549 7 28.5540 LiftProj:7 512 2.80%
0 0 27.8132 7 28.5540 LiftProj:7 533 2.59%
0 0 27.8397 8 28.5540 LiftProj:5 550 2.50%
0 0 27.8597 7 28.5540 LiftProj:3 560 2.43%
0 0 27.8825 8 28.5540 LiftProj:11 575 2.35%
0 0 27.9181 8 28.5540 LiftProj:5 581 2.23%
0 0 28.0152 7 28.5540 LiftProj:5 594 1.89%
0 0 28.0419 8 28.5540 LiftProj:4 604 1.79%
0 0 28.0517 8 28.5540 LiftProj:4 612 1.76%
0 0 28.0557 9 28.5540 LiftProj:8 620 1.75%
0 0 28.0605 10 28.5540 LiftProj:5 628 1.73%
0+ 0 nan nan 28.5540 28.0605 nan 1.73%
0 0 28.3970 6 28.5540 28.3970 698 0.55%
0 0 28.4114 6 28.5540 Cuts:12 710 0.50%
0 0 28.4179 6 28.5540 LiftProj:6 715 0.48%
0 0 28.4192 6 28.5540 Cuts:2 717 0.47%
0 0 28.4442 6 28.5540 LiftProj:3 727 0.38%
0 0 28.4760 5 28.5540 LiftProj:2 743 0.27%
0 0 28.4760 5 28.5540 Fract:1 746 0.27%
0 0 28.4760 6 28.5540 LiftProj:1 750 0.27%
0 2 28.5355 2 28.5540 28.5365 750 0.06%
CPXPARAM_MIP_Cuts_LiftProj-Gomory:LiftProj 8
CPXPARAM_MIP_Cuts_LiftProj-Gomory:Gomory 1
23
Node Left Objective IInf Best_Integer Best_Bound ItCnt Gap
0+ 0 nan nan 93.3792 0.0000 nan 100.00%
0+ 0 nan nan 78.2544 0.0000 nan 100.00%
0 0 0.1756 21 78.2544 0.1756 110 99.78%
0+ 0 nan nan 32.8177 0.1756 nan 99.46%
0 0 2.3383 14 32.8177 Cuts:38 164 92.87%
0+ 0 nan nan 13.5235 2.3383 nan 82.71%
0 0 2.6796 14 13.5235 LiftProj:6 176 80.19%
0+ 0 nan nan 4.7890 2.6796 nan 44.05%
0 0 2.8465 14 4.7890 LiftProj:9 190 40.56%
0 0 2.8923 14 4.7890 LiftProj:10 205 39.60%
0 0 3.1884 14 4.7890 LiftProj:9 218 33.42%
0 0 3.2839 14 4.7890 LiftProj:10 233 31.43%
0 0 3.5095 13 4.7890 LiftProj:7 259 26.72%
0+ 0 nan nan 4.1905 3.5095 nan 16.25%
0 0 3.5651 15 4.1905 Cuts:9 276 14.92%
0 0 3.6116 13 4.1905 Cuts:12 297 13.81%
0 0 3.6234 14 4.1905 Cuts:9 309 13.53%
0 0 3.6632 14 4.1905 Cuts:12 322 12.58%
0 0 3.6896 20 4.1905 LiftProj:6 339 11.95%
0 0 3.7449 13 4.1905 Cuts:15 357 10.64%
0+ 0 nan nan 4.0841 3.7449 nan 8.31%
0 0 3.7529 14 4.0841 LiftProj:5 363 8.11%
0 0 3.7667 13 4.0841 LiftProj:5 373 7.77%
0 0 3.7735 14 4.0841 LiftProj:4 380 7.61%
0 0 3.8015 12 4.0841 LiftProj:2 395 6.92%
0 0 3.8045 14 4.0841 LiftProj:5 401 6.85%
0 0 3.8148 12 4.0841 Cuts:11 409 6.59%
0 0 3.8315 12 4.0841 LiftProj:2 415 6.18%
0 0 3.8344 13 4.0841 LiftProj:6 420 6.11%
0 0 3.8429 13 4.0841 Cuts:14 437 5.91%
0 0 3.8524 12 4.0841 Cuts:16 454 5.67%
0 0 3.8570 12 4.0841 LiftProj:5 462 5.56%
0 0 3.8606 12 4.0841 LiftProj:6 471 5.47%
0 0 3.8608 13 4.0841 LiftProj:6 478 5.47%
0 0 3.8721 12 4.0841 Cuts:15 502 5.19%
0 0 3.8727 14 4.0841 Cuts:11 512 5.18%
0+ 0 nan nan 4.0841 3.8727 nan 5.18%
0 0 3.9509 6 4.0841 3.9509 611 3.26%
0 0 3.9509 7 4.0841 Cuts:12 619 3.26%
0 2 3.9591 6 4.0841 3.9623 622 2.98%
CPXPARAM_MIP_Cuts_LiftProj-Gomory:LiftProj 11
CPXPARAM_MIP_Cuts_LiftProj-Gomory:Gomory 2
24
Node Left Objective IInf Best_Integer Best_Bound ItCnt Gap
0+ 0 nan nan 94.5045 0.0000 nan 100.00%
0+ 0 nan nan 83.7373 0.0000 nan 100.00%
0 0 13.3998 12 83.7373 13.3998 136 84.00%
0+ 0 nan nan 63.4898 13.3998 nan 78.89%
0 0 20.9057 12 63.4898 Cuts:14 160 67.07%
0 0 23.2621 12 63.4898 Cuts:15 185 63.36%
0 0 23.7889 14 63.4898 LiftProj:8 208 62.53%
0 0 24.6428 15 63.4898 LiftProj:11 231 61.19%
0+ 0 nan nan 56.5113 24.6428 nan 56.39%
0 0 25.5417 15 56.5113 LiftProj:11 253 54.80%
0+ 0 nan nan 53.3368 25.5417 nan 52.11%
0 0 26.7326 13 53.3368 Cuts:17 271 49.88%
0 0 26.9222 14 53.3368 LiftProj:11 295 49.52%
0+ 0 nan nan 53.0347 26.9222 nan 49.24%
0 0 27.6761 15 53.0347 Cuts:17 319 47.82%
0 0 28.4794 15 53.0347 LiftProj:11 349 46.30%
0+ 0 nan nan 52.8738 28.4794 nan 46.14%
0 0 29.0280 14 52.8738 LiftProj:11 371 45.10%
0 0 29.7680 14 52.8738 LiftProj:12 401 43.70%
0+ 0 nan nan 51.8847 29.7680 nan 42.63%
0 0 30.2985 15 51.8847 LiftProj:11 425 41.60%
0+ 0 nan nan 47.8988 30.2985 nan 36.74%
0 0 31.2307 14 47.8988 LiftProj:16 461 34.80%
0 0 32.9645 15 47.8988 LiftProj:14 504 31.18%
0 0 33.1195 14 47.8988 Cuts:20 519 30.86%
0 0 33.5270 15 47.8988 LiftProj:13 535 30.00%
0+ 0 nan nan 46.7411 33.5270 nan 28.27%
0 0 34.2824 14 46.7411 LiftProj:10 556 26.65%
0 0 34.9613 15 46.7411 LiftProj:13 582 25.20%
0 0 35.1497 14 46.7411 LiftProj:11 606 24.80%
0+ 0 nan nan 42.2456 35.1497 nan 16.80%
0 0 35.2037 15 42.2456 LiftProj:10 613 16.67%
0 0 35.2898 15 42.2456 LiftProj:13 624 16.47%
0 0 35.4950 15 42.2456 LiftProj:11 646 15.98%
0 0 35.7249 15 42.2456 Cuts:17 666 15.44%
0 0 36.0140 15 42.2456 LiftProj:13 692 14.75%
0 0 36.1311 15 42.2456 Cuts:14 705 14.47%
0 0 36.2346 15 42.2456 LiftProj:12 718 14.23%
0+ 0 nan nan 38.6714 36.2346 nan 6.30%
0 0 36.2564 15 38.6714 LiftProj:10 726 6.24%
0 0 36.4613 15 38.6714 LiftProj:9 744 5.72%
0 0 36.6037 14 38.6714 Cuts:13 756 5.35%
0 0 36.6794 15 38.6714 LiftProj:13 772 5.15%
0+ 0 nan nan 38.6714 36.6794 nan 5.15%
0 0 36.8401 15 38.6714 LiftProj:9 793 4.74%
0 0 36.8806 15 38.6714 LiftProj:9 815 4.63%
0 0 36.9562 14 38.6714 LiftProj:11 830 4.44%
0 0 36.9726 15 38.6714 LiftProj:12 841 4.39%
0 0 37.2658 15 38.6714 LiftProj:9 857 3.63%
0 0 37.3182 15 38.6714 LiftProj:8 873 3.50%
0 0 37.3278 15 38.6714 LiftProj:9 883 3.47%
0+ 0 nan nan 38.6714 37.3278 nan 3.47%
0 0 37.3561 15 38.6714 LiftProj:9 897 3.40%
0 0 37.3684 15 38.6714 LiftProj:7 906 3.37%
0 2 37.4809 13 38.6714 37.4917 906 3.05%
CPXPARAM_MIP_Cuts_LiftProj-Gomory:LiftProj 29
CPXPARAM_MIP_Cuts_LiftProj-Gomory:Gomory 1
25
Node Left Objective IInf Best_Integer Best_Bound ItCnt Gap
0+ 0 nan nan 94.5045 0.0000 nan 100.00%
0+ 0 nan nan 83.9802 0.0000 nan 100.00%
0 0 0.3418 26 83.9802 0.3418 117 99.59%
0+ 0 nan nan 41.4760 0.3418 nan 99.18%
0 0 2.0883 23 41.4760 Cuts:26 164 94.97%
0+ 0 nan nan 12.2243 2.0883 nan 82.92%
0 0 2.7336 22 12.2243 Cuts:26 199 77.64%
0+ 0 nan nan 11.4345 2.7336 nan 76.09%
0 0 2.8921 23 11.4345 LiftProj:13 214 74.71%
0 0 2.9030 23 11.4345 Cuts:16 221 74.61%
0 0 3.0315 23 11.4345 LiftProj:12 245 73.49%
0 0 3.0499 24 11.4345 LiftProj:14 259 73.33%
0 0 3.1677 23 11.4345 LiftProj:18 287 72.30%
0 0 3.3693 23 11.4345 Cuts:21 308 70.53%
0 0 3.5748 23 11.4345 LiftProj:15 337 68.74%
0 0 3.6518 23 11.4345 LiftProj:12 353 68.06%
0 0 3.7138 22 11.4345 LiftProj:15 376 67.52%
0 0 3.7315 24 11.4345 LiftProj:12 386 67.37%
0 0 3.7986 23 11.4345 LiftProj:15 401 66.78%
0+ 0 nan nan 9.4423 3.7986 nan 59.77%
0 0 4.0099 23 9.4423 LiftProj:11 419 57.53%
0 0 4.0420 25 9.4423 Cuts:14 432 57.19%
0+ 0 nan nan 9.3727 4.0420 nan 56.87%
0 0 4.0986 24 9.3727 LiftProj:11 446 56.27%
0 0 4.2627 24 9.3727 LiftProj:21 473 54.52%
0 0 4.3106 24 9.3727 LiftProj:16 491 54.01%
0 0 4.3462 24 9.3727 LiftProj:9 503 53.63%
0 0 4.4356 23 9.3727 LiftProj:12 528 52.68%
0 0 4.4607 24 9.3727 LiftProj:8 539 52.41%
0 0 4.5002 21 9.3727 LiftProj:18 550 51.99%
0 0 4.5091 22 9.3727 LiftProj:11 560 51.89%
0 0 4.5164 23 9.3727 LiftProj:9 568 51.81%
0+ 0 nan nan 7.5597 4.5164 nan 40.26%
0 0 4.5950 25 7.5597 LiftProj:12 591 39.22%
0 0 4.6075 26 7.5597 LiftProj:11 611 39.05%
0 0 4.6231 23 7.5597 LiftProj:11 624 38.84%
0 0 4.6412 24 7.5597 LiftProj:12 640 38.61%
0 0 4.6466 23 7.5597 LiftProj:8 646 38.53%
0 0 4.6571 24 7.5597 LiftProj:13 656 38.40%
0 0 4.6655 23 7.5597 LiftProj:8 674 38.29%
0+ 0 nan nan 7.5597 4.6655 nan 38.29%
0 0 4.6781 23 7.5597 LiftProj:8 690 38.12%
0 0 4.6816 23 7.5597 LiftProj:8 696 38.07%
0 0 4.6849 23 7.5597 LiftProj:10 704 38.03%
0 0 4.7025 24 7.5597 LiftProj:10 717 37.79%
0 0 4.7228 23 7.5597 LiftProj:12 728 37.53%
0 0 4.7371 22 7.5597 LiftProj:9 738 37.34%
0 0 4.7390 23 7.5597 LiftProj:10 742 37.31%
0 0 4.7839 24 7.5597 LiftProj:8 769 36.72%
0 0 4.8305 22 7.5597 LiftProj:13 785 36.10%
0 0 4.8377 23 7.5597 LiftProj:8 791 36.01%
0 0 4.8469 25 7.5597 LiftProj:7 800 35.89%
0 0 4.8790 23 7.5597 LiftProj:10 819 35.46%
0 0 4.9081 22 7.5597 LiftProj:11 832 35.08%
0 0 4.9134 24 7.5597 LiftProj:11 838 35.01%
0 0 4.9204 21 7.5597 LiftProj:8 847 34.91%
0 0 4.9270 22 7.5597 LiftProj:8 858 34.83%
0 0 4.9446 23 7.5597 LiftProj:7 872 34.59%
0 0 4.9477 25 7.5597 LiftProj:8 884 34.55%
0 0 4.9592 22 7.5597 LiftProj:7 895 34.40%
0 0 4.9697 23 7.5597 LiftProj:8 907 34.26%
0 0 4.9904 23 7.5597 LiftProj:10 922 33.99%
0 0 5.0128 24 7.5597 LiftProj:17 941 33.69%
0 0 5.0318 22 7.5597 LiftProj:8 952 33.44%
0 0 5.0323 23 7.5597 LiftProj:7 959 33.43%
0+ 0 nan nan 7.4258 5.0323 nan 32.23%
0 2 5.3213 14 7.4258 5.3704 959 27.68%
CPXPARAM_MIP_Cuts_LiftProj-Gomory:LiftProj 31
CPXPARAM_MIP_Cuts_LiftProj-Gomory:Gomory 0
26
Node Left Objective IInf Best_Integer Best_Bound ItCnt Gap
0+ 0 nan nan 94.5045 0.0000 nan 100.00%
0+ 0 nan nan 80.2086 0.0000 nan 100.00%
0 0 12.4465 6 80.2086 12.4465 132 84.48%
0+ 0 nan nan 40.0498 12.4465 nan 68.92%
0 0 17.3541 6 40.0498 Cuts:9 147 56.67%
0 0 21.7533 7 40.0498 Cuts:10 160 45.68%
0 0 25.4847 6 40.0498 LiftProj:5 193 36.37%
0 0 29.3496 6 40.0498 Cuts:15 230 26.72%
0+ 0 nan nan 39.8108 29.3496 nan 26.28%
0 0 29.8957 8 39.8108 LiftProj:4 241 24.91%
0 0 31.2104 8 39.8108 LiftProj:6 278 21.60%
0+ 0 nan nan 38.5282 31.2104 nan 18.99%
0 0 31.9279 7 38.5282 Cuts:7 299 17.13%
0+ 0 nan nan 37.7226 31.9279 nan 15.36%
0 0 33.2043 10 37.7226 Cuts:11 323 11.98%
0 0 33.5634 9 37.7226 Cuts:11 352 11.03%
0 0 33.9218 10 37.7226 Cuts:11 380 10.08%
0+ 0 nan nan 37.6827 33.9218 nan 9.98%
0 0 34.4666 9 37.6827 Cuts:10 406 8.53%
0 0 34.6014 10 37.6827 LiftProj:9 426 8.18%
0 0 34.7478 10 37.6827 LiftProj:10 438 7.79%
0 0 34.8393 10 37.6827 LiftProj:8 450 7.55%
0 0 35.1994 10 37.6827 LiftProj:9 464 6.59%
0 0 35.5035 9 37.6827 LiftProj:10 479 5.78%
0 0 35.6139 10 37.6827 LiftProj:7 484 5.49%
0+ 0 nan nan 37.1948 35.6139 nan 4.25%
0 0 35.9471 11 37.1948 LiftProj:8 503 3.35%
0 0 36.0172 11 37.1948 LiftProj:8 514 3.17%
0 0 36.1339 10 37.1948 LiftProj:5 527 2.85%
0+ 0 nan nan 37.0857 36.1339 nan 2.57%
0 0 36.1363 10 37.0857 LiftProj:6 532 2.56%
0 0 36.1474 11 37.0857 LiftProj:4 541 2.53%
0 0 36.2159 12 37.0857 LiftProj:10 551 2.35%
0+ 0 nan nan 36.9975 36.2159 nan 2.11%
0 0 36.3798 11 36.9975 LiftProj:8 567 1.67%
0 0 36.4166 10 36.9975 LiftProj:9 578 1.57%
0 0 36.4408 10 36.9975 LiftProj:7 586 1.50%
0 0 36.5800 9 36.9975 LiftProj:11 604 1.13%
0 0 36.5846 9 36.9975 LiftProj:2 606 1.12%
0+ 0 nan nan 36.9394 36.5846 nan 0.96%
0+ 0 nan nan 36.9351 36.5846 nan 0.95%
0+ 0 nan nan 36.9351 36.5846 nan 0.95%
0 0 36.9332 2 36.9351 36.9332 668 0.01%
CPXPARAM_MIP_Cuts_LiftProj-Gomory:LiftProj 16
CPXPARAM_MIP_Cuts_LiftProj-Gomory:Gomory 1
27
Node Left Objective IInf Best_Integer Best_Bound ItCnt Gap
0+ 0 nan nan 94.5045 0.0000 nan 100.00%
0+ 0 nan nan 84.6207 0.0000 nan 100.00%
0 0 0.1609 19 84.6207 0.1609 117 99.81%
0+ 0 nan nan 40.7896 0.1609 nan 99.61%
0 0 1.2080 17 40.7896 Cuts:13 147 97.04%
0+ 0 nan nan 14.6696 1.2080 nan 91.77%
0 0 3.0846 15 14.6696 Cuts:25 180 78.97%
0 0 3.2402 16 14.6696 LiftProj:10 201 77.91%
0+ 0 nan nan 10.2157 3.2402 nan 68.28%
0 0 3.3487 16 10.2157 LiftProj:7 217 67.22%
0+ 0 nan nan 5.5328 3.3487 nan 39.47%
0 0 3.5381 16 5.5328 LiftProj:13 236 36.05%
0 0 3.6034 15 5.5328 LiftProj:8 250 34.87%
0+ 0 nan nan 5.2580 3.6034 nan 31.47%
0 0 3.7470 14 5.2580 LiftProj:7 272 28.74%
0 0 3.8062 15 5.2580 LiftProj:7 278 27.61%
0 0 3.8260 17 5.2580 LiftProj:6 284 27.24%
0 0 3.8780 14 5.2580 LiftProj:13 308 26.25%
0+ 0 nan nan 5.0572 3.8780 nan 23.32%
0 0 3.8782 19 5.0572 LiftProj:6 316 23.31%
0 0 3.9170 15 5.0572 LiftProj:17 335 22.55%
0+ 0 nan nan 4.8400 3.9170 nan 19.07%
0 0 3.9253 15 4.8400 LiftProj:10 346 18.90%
0 0 3.9453 19 4.8400 LiftProj:12 363 18.48%
0 0 3.9477 20 4.8400 LiftProj:20 370 18.44%
0 0 3.9702 21 4.8400 LiftProj:12 378 17.97%
0 0 3.9864 15 4.8400 LiftProj:7 388 17.64%
0 0 4.0615 22 4.8400 LiftProj:7 406 16.08%
0 0 4.0919 15 4.8400 LiftProj:13 418 15.46%
0+ 0 nan nan 4.5517 4.0919 nan 10.10%
0 0 4.1101 15 4.5517 LiftProj:7 434 9.70%
0 0 4.2048 14 4.5517 LiftProj:10 453 7.62%
0 0 4.2058 17 4.5517 LiftProj:11 460 7.60%
0 0 4.2408 14 4.5517 LiftProj:18 476 6.83%
0 0 4.2481 16 4.5517 LiftProj:8 483 6.67%
0 0 4.3211 13 4.5517 LiftProj:4 503 5.07%
0 0 4.3521 11 4.5517 LiftProj:12 522 4.39%
0 0 4.3527 16 4.5517 LiftProj:3 534 4.37%
0+ 0 nan nan 4.5517 4.3527 nan 4.37%
0 0 4.5146 2 4.5517 4.5146 599 0.81%
0 0 4.5146 2 4.5517 Fract:1 603 0.81%
0 0 cutoff 4.5517 612 0.00% 0 0
CPXPARAM_MIP_Cuts_LiftProj-Gomory:LiftProj 2
CPXPARAM_MIP_Cuts_LiftProj-Gomory:Gomory 1
28
Node Left Objective IInf Best_Integer Best_Bound ItCnt Gap
0+ 0 nan nan 133.7092 0.0000 nan 100.00%
0+ 0 nan nan 130.8863 0.0000 nan 100.00%
0+ 0 nan nan 108.6480 0.0000 nan 100.00%
0 0 32.9611 14 108.6480 32.9611 141 69.66%
0 0 44.2815 15 108.6480 Cuts:20 189 59.24%
0 0 47.2093 15 108.6480 LiftProj:13 205 56.55%
0 0 47.9031 16 108.6480 LiftProj:11 213 55.91%
0 0 50.2533 16 108.6480 LiftProj:15 241 53.75%
0 0 53.0008 16 108.6480 Cuts:19 275 51.22%
0 0 55.7811 14 108.6480 Cuts:20 310 48.66%
0 0 56.7253 15 108.6480 LiftProj:11 331 47.79%
0+ 0 nan nan 96.1297 56.7253 nan 40.99%
0 0 57.1277 17 96.1297 Cuts:18 344 40.57%
0 0 58.2807 14 96.1297 Cuts:10 374 39.37%
0 0 58.8120 16 96.1297 Cuts:16 391 38.82%
0+ 0 nan nan 95.9351 58.8120 nan 38.70%
0 0 61.2902 15 95.9351 LiftProj:13 422 36.11%
0+ 0 nan nan 80.4697 61.2902 nan 23.83%
0 0 63.0810 17 80.4697 LiftProj:16 448 21.61%
0+ 0 nan nan 79.8334 63.0810 nan 20.98%
0 0 63.4184 16 79.8334 LiftProj:12 465 20.56%
0 0 63.9983 15 79.8334 Cuts:17 487 19.84%
0 0 64.4958 16 79.8334 LiftProj:12 510 19.21%
0 0 66.6098 17 79.8334 LiftProj:19 537 16.56%
0+ 0 nan nan 76.6001 66.6098 nan 13.04%
0 0 67.0380 17 76.6001 LiftProj:10 548 12.48%
0 0 67.4694 17 76.6001 LiftProj:8 563 11.92%
0 0 67.8681 17 76.6001 LiftProj:14 575 11.40%
0 0 67.9679 17 76.6001 LiftProj:11 582 11.27%
0 0 68.2426 17 76.6001 LiftProj:11 602 10.91%
0 0 68.3234 17 76.6001 LiftProj:11 611 10.81%
0 0 68.4391 17 76.6001 LiftProj:9 615 10.65%
0 0 68.4874 17 76.6001 LiftProj:12 624 10.59%
0 0 68.9664 17 76.6001 LiftProj:10 643 9.97%
0 0 69.1089 17 76.6001 LiftProj:10 654 9.78%
0 0 69.2377 17 76.6001 LiftProj:11 669 9.61%
0 0 69.3617 17 76.6001 LiftProj:10 682 9.45%
0 0 69.4817 17 76.6001 LiftProj:12 693 9.29%
0+ 0 nan nan 74.1734 69.4817 nan 6.33%
0 0 69.5802 17 74.1734 LiftProj:10 699 6.19%
0 0 69.7212 17 74.1734 LiftProj:9 709 6.00%
0 0 69.7373 16 74.1734 LiftProj:13 716 5.98%
0 0 69.7676 17 74.1734 LiftProj:8 724 5.94%
0 0 69.8373 17 74.1734 LiftProj:7 734 5.85%
0 0 69.9089 17 74.1734 LiftProj:11 746 5.75%
0 0 69.9822 17 74.1734 LiftProj:9 753 5.65%
0 0 70.0788 17 74.1734 LiftProj:8 763 5.52%
0 0 70.2463 16 74.1734 LiftProj:10 771 5.29%
0 0 70.2593 17 74.1734 LiftProj:17 774 5.28%
0 2 70.2593 17 74.1734 70.3089 774 5.21%
CPXPARAM_MIP_Cuts_LiftProj-Gomory:LiftProj 29
CPXPARAM_MIP_Cuts_LiftProj-Gomory:Gomory 0
29
Node Left Objective IInf Best_Integer Best_Bound ItCnt Gap
0+ 0 nan nan 133.7092 0.0000 nan 100.00%
0+ 0 nan nan 129.6212 0.0000 nan 100.00%
0 0 0.0000 27 129.6212 0.0000 100 100.00%
0+ 0 nan nan 76.0776 0.0000 nan 100.00%
0 0 4.0106 24 76.0776 Cuts:26 169 94.73%
0+ 0 nan nan 20.2083 4.0106 nan 80.15%
0 0 5.0545 23 20.2083 Cuts:17 187 74.99%
0+ 0 nan nan 16.8129 5.0545 nan 69.94%
0 0 5.5434 21 16.8129 Cuts:18 213 67.03%
0 0 6.0829 21 16.8129 Cuts:16 231 63.82%
0 0 6.5107 22 16.8129 Cuts:16 253 61.28%
0 0 6.9322 23 16.8129 LiftProj:14 270 58.77%
0 0 7.2809 21 16.8129 LiftProj:18 294 56.69%
0+ 0 nan nan 16.1240 7.2809 nan 54.84%
0 0 7.4322 22 16.1240 LiftProj:18 316 53.91%
0 0 7.7752 23 16.1240 LiftProj:16 352 51.78%
0 0 8.2148 23 16.1240 LiftProj:15 380 49.05%
0 0 8.4285 23 16.1240 LiftProj:17 403 47.73%
0 0 8.6443 22 16.1240 LiftProj:18 421 46.39%
0 0 8.9193 23 16.1240 LiftProj:16 434 44.68%
0 0 9.1415 22 16.1240 LiftProj:14 453 43.30%
0 0 9.4083 22 16.1240 LiftProj:16 477 41.65%
0 0 9.7846 22 16.1240 LiftProj:14 498 39.32%
0+ 0 nan nan 16.1240 9.7846 nan 39.32%
0 0 9.9939 24 16.1240 LiftProj:24 516 38.02%
0 0 10.0756 23 16.1240 LiftProj:8 530 37.51%
0 0 10.1737 22 16.1240 LiftProj:17 550 36.90%
0 0 10.2743 23 16.1240 LiftProj:12 561 36.28%
0 0 10.3726 22 16.1240 LiftProj:17 574 35.67%
0 0 10.3971 22 16.1240 LiftProj:17 582 35.52%
0 0 10.4560 23 16.1240 LiftProj:13 591 35.15%
0 0 10.5342 23 16.1240 LiftProj:11 604 34.67%
0 0 10.5506 24 16.1240 LiftProj:13 613 34.57%
0 0 10.6217 22 16.1240 LiftProj:15 625 34.12%
0 0 10.6754 23 16.1240 LiftProj:17 634 33.79%
0 0 10.6859 22 16.1240 LiftProj:20 641 33.73%
0 0 10.7054 23 16.1240 LiftProj:14 649 33.61%
0 0 10.7482 23 16.1240 LiftProj:16 662 33.34%
0 0 10.7797 22 16.1240 LiftProj:12 671 33.14%
0 0 10.7932 22 16.1240 LiftProj:11 676 33.06%
0 0 10.9994 24 16.1240 LiftProj:9 697 31.78%
0+ 0 nan nan 16.1240 10.9994 nan 31.78%
0 0 11.1181 22 16.1240 LiftProj:16 723 31.05%
0 0 11.1512 21 16.1240 LiftProj:9 736 30.84%
0 0 11.2019 22 16.1240 LiftProj:17 754 30.53%
0+ 0 nan nan 16.1240 11.2019 nan 30.53%
0 0 11.2434 22 16.1240 LiftProj:6 762 30.27%
0+ 0 nan nan 16.1240 11.2434 nan 30.27%
0 0 11.2733 22 16.1240 LiftProj:9 768 30.08%
0 0 11.2763 22 16.1240 LiftProj:7 771 30.07%
0 0 11.2847 22 16.1240 LiftProj:6 781 30.01%
0 0 11.2870 22 16.1240 LiftProj:8 786 30.00%
0+ 0 nan nan 16.1240 11.2870 nan 30.00%
0 0 12.3811 9 16.1240 12.3811 874 23.21%
0 0 12.6834 9 16.1240 Cuts:16 891 21.34%
0 0 12.8710 9 16.1240 Cuts:9 905 20.17%
0 0 12.9743 9 16.1240 Cuts:19 922 19.53%
0 0 13.0414 9 16.1240 Cuts:8 934 19.12%
0 0 13.0442 9 16.1240 LiftProj:12 940 19.10%
0 0 13.0485 9 16.1240 LiftProj:8 947 19.07%
0 0 13.0491 9 16.1240 LiftProj:10 953 19.07%
0 0 13.0520 9 16.1240 LiftProj:9 957 19.05%
0 0 13.0589 9 16.1240 LiftProj:10 965 19.01%
0 0 13.0624 9 16.1240 LiftProj:4 971 18.99%
0 0 13.0647 9 16.1240 LiftProj:7 972 18.97%
0 0 13.0667 9 16.1240 LiftProj:6 974 18.96%
0 0 13.0708 9 16.1240 LiftProj:4 979 18.94%
0 0 13.0790 9 16.1240 LiftProj:4 986 18.89%
0 0 13.0792 9 16.1240 LiftProj:5 989 18.88%
0 2 13.0963 8 16.1240 13.1130 989 18.67%
CPXPARAM_MIP_Cuts_LiftProj-Gomory:LiftProj 18
CPXPARAM_MIP_Cuts_LiftProj-Gomory:Gomory 2
30
Node Left Objective IInf Best_Integer Best_Bound ItCnt Gap
0+ 0 nan nan 133.7092 0.0000 nan 100.00%
0+ 0 nan nan 115.4430 0.0000 nan 100.00%
0 0 35.6764 9 115.4430 35.6764 127 69.10%
0+ 0 nan nan 93.6289 35.6764 nan 61.90%
0 0 44.0856 10 93.6289 Cuts:14 157 52.91%
0 0 45.0755 14 93.6289 LiftProj:8 175 51.86%
0 0 47.4233 13 93.6289 LiftProj:11 194 49.35%
0 0 49.2840 12 93.6289 LiftProj:11 214 47.36%
0 0 49.4926 14 93.6289 LiftProj:8 229 47.14%
0 0 51.5824 12 93.6289 LiftProj:11 253 44.91%
0 0 53.5367 12 93.6289 LiftProj:9 273 42.82%
0 0 55.4559 12 93.6289 LiftProj:10 302 40.77%
0+ 0 nan nan 84.9957 55.4559 nan 34.75%
0 0 57.9456 14 84.9957 LiftProj:12 331 31.83%
0 0 59.2571 14 84.9957 LiftProj:12 355 30.28%
0 0 61.5276 14 84.9957 LiftProj:7 389 27.61%
0+ 0 nan nan 78.2989 61.5276 nan 21.42%
0 0 62.3727 15 78.2989 LiftProj:12 409 20.34%
0 0 62.9091 14 78.2989 LiftProj:12 433 19.66%
0 0 63.9891 15 78.2989 LiftProj:9 459 18.28%
0 0 64.5879 12 78.2989 LiftProj:12 481 17.51%
0+ 0 nan nan 72.8020 64.5879 nan 11.28%
0 0 64.8243 12 72.8020 LiftProj:12 494 10.96%
0+ 0 nan nan 72.7073 64.8243 nan 10.84%
0 0 65.6577 11 72.7073 LiftProj:9 520 9.70%
0 0 65.8862 18 72.7073 LiftProj:9 537 9.38%
0 0 65.9967 16 72.7073 LiftProj:16 548 9.23%
0 0 66.7324 11 72.7073 LiftProj:12 576 8.22%
0+ 0 nan nan 72.4808 66.7324 nan 7.93%
0 0 67.0462 17 72.4808 LiftProj:7 600 7.50%
0 0 67.2784 18 72.4808 LiftProj:20 619 7.18%
0 0 67.3119 17 72.4808 LiftProj:12 630 7.13%
0 0 67.4238 16 72.4808 LiftProj:10 645 6.98%
0 0 67.5760 17 72.4808 LiftProj:12 662 6.77%
0 0 67.6072 17 72.4808 LiftProj:10 678 6.72%
0 0 67.6187 18 72.4808 LiftProj:14 689 6.71%
0 0 67.6725 17 72.4808 LiftProj:7 702 6.63%
0 0 67.9548 18 72.4808 LiftProj:12 725 6.24%
0+ 0 nan nan 72.0344 67.9548 nan 5.66%
0 0 68.0048 17 72.0344 LiftProj:11 738 5.59%
0+ 0 nan nan 70.1416 68.0048 nan 3.05%
0 0 68.0585 18 70.1416 LiftProj:9 762 2.97%
0+ 0 nan nan 69.6844 68.0585 nan 2.33%
0 0 68.1110 18 69.6844 LiftProj:11 773 2.26%
0 0 68.1243 17 69.6844 LiftProj:9 783 2.24%
0 2 68.1721 13 69.6844 68.1866 783 2.15%
CPXPARAM_MIP_Cuts_LiftProj-Gomory:LiftProj 29
CPXPARAM_MIP_Cuts_LiftProj-Gomory:Gomory 0
31
Node Left Objective IInf Best_Integer Best_Bound ItCnt Gap
0+ 0 nan nan 133.7092 0.0000 nan 100.00%
0+ 0 nan nan 114.7297 0.0000 nan 100.00%
0 0 0.2882 21 114.7297 0.2882 112 99.75%
0+ 0 nan nan 42.2849 0.2882 nan 99.32%
0 0 4.6767 14 42.2849 Cuts:29 148 88.94%
0+ 0 nan nan 10.2000 4.6767 nan 54.15%
0 0 4.8223 16 10.2000 LiftProj:9 155 52.72%
0 0 5.2430 15 10.2000 LiftProj:14 173 48.60%
0 0 5.5369 14 10.2000 LiftProj:10 185 45.72%
0 0 5.8916 13 10.2000 LiftProj:11 201 42.24%
0+ 0 nan nan 8.0784 5.8916 nan 27.07%
0 0 6.5971 12 8.0784 LiftProj:6 221 18.34%
0 0 7.1735 11 8.0784 Cuts:7 242 11.20%
0 0 7.5204 8 8.0784 LiftProj:2 253 6.91%
0 0 7.8378 8 8.0784 Cuts:6 261 2.98%
0 0 7.8582 8 8.0784 Cuts:4 269 2.72%
0 0 7.9304 7 8.0784 LiftProj:1 277 1.83%
0 0 8.0112 6 8.0784 LiftProj:1 289 0.83%
0+ 0 nan nan 8.0784 8.0112 nan 0.83%
0 0 8.0158 2 8.0784 8.0158 337 0.77%
0 0 8.0158 3 8.0784 Fract:1 342 0.77%
0 1 8.0272 2 8.0784 8.0280 345 0.62%
CPXPARAM_MIP_Cuts_LiftProj-Gomory:LiftProj 2
CPXPARAM_MIP_Cuts_LiftProj-Gomory:Gomory 1
32
Node Left Objective IInf Best_Integer Best_Bound ItCnt Gap
0+ 0 nan nan 110.7059 0.0000 nan 100.00%
0+ 0 nan nan 93.8685 0.0000 nan 100.00%
0+ 0 nan nan 88.1652 0.0000 nan 100.00%
0 0 26.6543 14 88.1652 26.6543 129 69.77%
0+ 0 nan nan 72.9257 26.6543 nan 63.45%
0 0 30.8222 16 72.9257 Cuts:21 158 57.73%
0+ 0 nan nan 49.9518 30.8222 nan 38.30%
0 0 31.1121 16 49.9518 LiftProj:8 167 37.72%
0 0 31.3767 17 49.9518 LiftProj:12 183 37.19%
0 0 32.0589 16 49.9518 Cuts:13 202 35.82%
0 0 33.7661 16 49.9518 Cuts:19 235 32.40%
0 0 34.4850 17 49.9518 LiftProj:13 249 30.96%
0 0 35.2292 16 49.9518 LiftProj:22 264 29.47%
0 0 35.7011 17 49.9518 LiftProj:14 278 28.53%
0 0 36.1823 17 49.9518 LiftProj:13 294 27.57%
0 0 37.1046 17 49.9518 LiftProj:15 316 25.72%
0 0 37.6397 17 49.9518 Cuts:16 332 24.65%
0 0 37.9074 17 49.9518 LiftProj:16 351 24.11%
0 0 38.7151 16 49.9518 LiftProj:12 373 22.50%
0 0 38.8562 17 49.9518 LiftProj:14 379 22.21%
0 0 39.2138 17 49.9518 Cuts:13 392 21.50%
0 0 39.3798 17 49.9518 LiftProj:16 411 21.16%
0 0 39.7473 17 49.9518 LiftProj:19 426 20.43%
0 0 40.0156 18 49.9518 LiftProj:14 444 19.89%
0 0 40.3575 16 49.9518 LiftProj:14 470 19.21%
0 0 40.7336 17 49.9518 LiftProj:17 485 18.45%
0 0 40.8738 17 49.9518 LiftProj:12 494 18.17%
0 0 41.0160 17 49.9518 LiftProj:15 511 17.89%
0 0 41.2864 18 49.9518 LiftProj:21 526 17.35%
0 0 41.3925 17 49.9518 LiftProj:11 541 17.14%
0 0 41.8389 18 49.9518 LiftProj:13 558 16.24%
0 0 41.9194 19 49.9518 LiftProj:8 572 16.08%
0 0 42.0435 19 49.9518 LiftProj:11 592 15.83%
0 0 42.4346 18 49.9518 LiftProj:15 614 15.05%
0 0 42.5301 19 49.9518 LiftProj:12 628 14.86%
0 0 42.5622 19 49.9518 LiftProj:16 636 14.79%
0 0 42.6007 19 49.9518 LiftProj:18 650 14.72%
0 0 42.7067 19 49.9518 LiftProj:12 667 14.50%
0 0 42.7761 18 49.9518 LiftProj:13 682 14.37%
0 0 42.8450 17 49.9518 LiftProj:17 693 14.23%
0 0 42.8976 17 49.9518 LiftProj:12 700 14.12%
0 0 42.9457 18 49.9518 LiftProj:12 710 14.03%
0 0 42.9536 18 49.9518 LiftProj:12 717 14.01%
0 0 42.9829 18 49.9518 LiftProj:13 732 13.95%
0 0 43.0584 19 49.9518 LiftProj:14 743 13.80%
0 0 43.1858 17 49.9518 LiftProj:13 764 13.55%
0 0 43.1888 18 49.9518 LiftProj:13 770 13.54%
0 2 43.2210 16 49.9518 43.2427 770 13.43%
CPXPARAM_MIP_Cuts_LiftProj-Gomory:LiftProj 36
CPXPARAM_MIP_Cuts_LiftProj-Gomory:Gomory 0
33
Node Left Objective IInf Best_Integer Best_Bound ItCnt Gap
0+ 0 nan nan 110.7059 0.0000 nan 100.00%
0+ 0 nan nan 93.8685 0.0000 nan 100.00%
0+ 0 nan nan 66.0679 0.0000 nan 100.00%
0 0 0.7986 24 66.0679 0.7986 121 98.79%
0 0 5.2387 22 66.0679 Cuts:28 150 92.07%
0+ 0 nan nan 17.9060 5.2387 nan 70.74%
0 0 6.1875 23 17.9060 LiftProj:17 177 65.44%
0 0 6.3977 22 17.9060 LiftProj:17 193 64.27%
0 0 6.9857 21 17.9060 LiftProj:20 215 60.99%
0 0 7.1220 23 17.9060 LiftProj:18 225 60.23%
0 0 7.3016 23 17.9060 LiftProj:19 244 59.22%
0 0 7.5396 23 17.9060 LiftProj:19 263 57.89%
0 0 7.9475 24 17.9060 LiftProj:18 304 55.62%
0 0 8.0978 23 17.9060 LiftProj:15 316 54.78%
0+ 0 nan nan 16.9128 8.0978 nan 52.12%
0 0 8.3589 25 16.9128 LiftProj:21 339 50.58%
0+ 0 nan nan 13.4230 8.3589 nan 37.73%
0 0 8.5404 24 13.4230 LiftProj:19 356 36.37%
0+ 0 nan nan 12.6343 8.5404 nan 32.40%
0 0 8.8973 25 12.6343 LiftProj:16 384 29.58%
0 0 9.2490 25 12.6343 LiftProj:23 413 26.79%
0 0 9.5711 23 12.6343 LiftProj:24 434 24.25%
0 0 9.6019 23 12.6343 LiftProj:10 443 24.00%
0 0 9.6272 23 12.6343 Cuts:21 459 23.80%
0+ 0 nan nan 11.6909 9.6272 nan 17.65%
0 0 9.6814 23 11.6909 LiftProj:19 475 17.19%
0 0 9.7780 24 11.6909 Cuts:26 491 16.36%
0 0 9.8652 23 11.6909 LiftProj:17 513 15.62%
0 0 9.9238 23 11.6909 LiftProj:12 521 15.12%
0 0 10.0035 24 11.6909 LiftProj:10 534 14.43%
0 0 10.0948 25 11.6909 LiftProj:14 553 13.65%
0 0 10.1893 25 11.6909 LiftProj:13 569 12.84%
0+ 0 nan nan 11.6909 10.1893 nan 12.84%
0 0 10.2509 24 11.6909 LiftProj:10 587 12.32%
0 0 10.2902 22 11.6909 LiftProj:8 596 11.98%
0 0 10.3375 23 11.6909 LiftProj:9 612 11.58%
0 0 10.3968 24 11.6909 LiftProj:12 633 11.07%
0 0 10.4234 25 11.6909 LiftProj:9 642 10.84%
0 0 10.5663 25 11.6909 LiftProj:9 660 9.62%
0 0 10.6040 25 11.6909 LiftProj:12 673 9.30%
0 0 10.6088 23 11.6909 LiftProj:7 680 9.26%
0 0 10.6610 24 11.6909 LiftProj:12 699 8.81%
0 0 10.6840 24 11.6909 LiftProj:17 714 8.61%
0 0 10.7313 23 11.6909 LiftProj:9 729 8.21%
0 0 10.7541 21 11.6909 LiftProj:11 739 8.01%
0 0 10.7697 22 11.6909 LiftProj:15 745 7.88%
0 0 10.7760 22 11.6909 LiftProj:11 753 7.83%
0 0 10.7806 24 11.6909 LiftProj:11 759 7.79%
0 0 10.8123 24 11.6909 LiftProj:9 773 7.52%
0 0 10.8176 24 11.6909 LiftProj:13 780 7.47%
0 0 10.8300 24 11.6909 LiftProj:5 786 7.36%
0 0 10.8354 23 11.6909 LiftProj:6 796 7.32%
0 0 10.8373 24 11.6909 LiftProj:7 799 7.30%
0 0 10.8823 24 11.6909 LiftProj:5 818 6.92%
0 0 10.8911 25 11.6909 LiftProj:10 829 6.84%
0 0 10.8948 25 11.6909 LiftProj:7 837 6.81%
0 2 11.1281 8 11.6909 11.1316 837 4.78%
CPXPARAM_MIP_Cuts_LiftProj-Gomory:LiftProj 32
CPXPARAM_MIP_Cuts_LiftProj-Gomory:Gomory 0
34
Node Left Objective IInf Best_Integer Best_Bound ItCnt Gap
0+ 0 nan nan 110.7059 0.0000 nan 100.00%
0+ 0 nan nan 76.3517 0.0000 nan 100.00%
0 0 25.6680 9 76.3517 25.6680 130 66.38%
0+ 0 nan nan 53.1922 25.6680 nan 51.74%
0 0 32.3116 10 53.1922 Cuts:15 156 39.25%
0 0 33.7549 8 53.1922 LiftProj:8 173 36.54%
0 0 34.5424 10 53.1922 LiftProj:8 192 35.06%
0 0 35.5213 7 53.1922 LiftProj:10 223 33.22%
0+ 0 nan nan 49.2481 35.5213 nan 27.87%
0 0 36.2815 11 49.2481 LiftProj:6 247 26.33%
0 0 37.2862 9 49.2481 LiftProj:11 270 24.29%
0+ 0 nan nan 47.1059 37.2862 nan 20.85%
0 0 37.9243 10 47.1059 LiftProj:10 289 19.49%
0 0 38.1750 10 47.1059 LiftProj:11 303 18.96%
0 0 39.0925 11 47.1059 LiftProj:11 323 17.01%
0 0 39.2294 13 47.1059 LiftProj:9 340 16.72%
0 0 39.3429 14 47.1059 LiftProj:14 353 16.48%
0 0 39.4358 14 47.1059 LiftProj:10 366 16.28%
0 0 39.4874 13 47.1059 LiftProj:11 378 16.17%
0 0 39.8209 14 47.1059 LiftProj:12 400 15.47%
0 0 39.8846 13 47.1059 LiftProj:16 411 15.33%
0 0 40.0126 15 47.1059 LiftProj:10 424 15.06%
0+ 0 nan nan 42.7992 40.0126 nan 6.51%
0 0 40.0562 13 42.7992 LiftProj:9 439 6.41%
0 0 40.2240 13 42.7992 LiftProj:10 456 6.02%
0 0 40.2961 14 42.7992 LiftProj:6 461 5.85%
0 0 40.3263 14 42.7992 LiftProj:9 468 5.78%
0 0 40.3917 14 42.7992 LiftProj:11 477 5.63%
0 0 40.4071 14 42.7992 LiftProj:8 482 5.59%
0 0 40.5483 15 42.7992 LiftProj:10 497 5.26%
0 0 40.5747 14 42.7992 LiftProj:10 505 5.20%
0 0 40.6418 13 42.7992 LiftProj:10 516 5.04%
0 0 40.7920 14 42.7992 LiftProj:9 524 4.69%
0 0 40.8858 14 42.7992 LiftProj:18 537 4.47%
0 0 41.0049 14 42.7992 LiftProj:11 555 4.19%
0 0 41.1015 14 42.7992 LiftProj:17 571 3.97%
0+ 0 nan nan 42.1412 41.1015 nan 2.47%
0 0 41.1154 14 42.1412 LiftProj:8 576 2.43%
0 0 41.1394 13 42.1412 LiftProj:8 595 2.38%
0 0 41.1428 18 42.1412 LiftProj:7 605 2.37%
0 0 41.1621 14 42.1412 LiftProj:27 621 2.32%
0 0 41.1946 14 42.1412 LiftProj:6 630 2.25%
0 0 41.2186 15 42.1412 LiftProj:24 640 2.19%
0 0 41.2263 14 42.1412 LiftProj:8 646 2.17%
0+ 0 nan nan 41.9256 41.2263 nan 1.67%
0+ 0 nan nan 41.9256 41.2263 nan 1.67%
0 0 41.4581 4 41.9256 41.4581 731 1.12%
0 0 41.5134 4 41.9256 Cuts:16 745 0.98%
0 0 41.5454 4 41.9256 Cuts:5 753 0.91%
0 0 41.5969 4 41.9256 Cuts:4 758 0.78%
0 0 41.6065 4 41.9256 Cuts:5 767 0.76%
0 0 41.6492 4 41.9256 Cuts:3 773 0.66%
0 0 41.6492 4 41.9256 LiftProj:1 774 0.66%
0 0 41.6552 5 41.9256 LiftProj:2 780 0.64%
0 0 41.6754 5 41.9256 Cuts:13 787 0.60%
0 0 41.6786 5 41.9256 LiftProj:2 789 0.59%
0 2 41.7110 4 41.9256 41.7185 789 0.49%
CPXPARAM_MIP_Cuts_LiftProj-Gomory:LiftProj 8
CPXPARAM_MIP_Cuts_LiftProj-Gomory:Gomory 3
35
Node Left Objective IInf Best_Integer Best_Bound ItCnt Gap
0+ 0 nan nan 110.7059 0.0000 nan 100.00%
0+ 0 nan nan 91.5929 0.0000 nan 100.00%
0 0 0.5699 21 91.5929 0.5699 111 99.38%
0+ 0 nan nan 46.2042 0.5699 nan 98.77%
0 0 5.4988 16 46.2042 Cuts:37 160 88.10%
0+ 0 nan nan 24.4932 5.4988 nan 77.55%
0 0 7.2503 14 24.4932 LiftProj:16 193 70.40%
0+ 0 nan nan 11.3197 7.2503 nan 35.95%
0 0 7.8767 15 11.3197 Cuts:13 206 30.42%
0 0 8.1059 14 11.3197 Cuts:9 217 28.39%
0 0 8.6381 15 11.3197 LiftProj:11 243 23.69%
0 0 8.8339 15 11.3197 Cuts:12 258 21.96%
0 0 9.1098 14 11.3197 Cuts:13 277 19.52%
0 0 9.3011 16 11.3197 Cuts:12 301 17.83%
0 0 9.3288 16 11.3197 Cuts:11 311 17.59%
0 0 9.4297 15 11.3197 Cuts:12 337 16.70%
0 0 9.4470 16 11.3197 LiftProj:9 343 16.54%
0 0 9.4620 17 11.3197 Cuts:9 358 16.41%
0 0 9.4827 16 11.3197 LiftProj:9 372 16.23%
0 0 9.6024 17 11.3197 LiftProj:9 389 15.17%
0 0 9.7920 18 11.3197 LiftProj:10 416 13.50%
0+ 0 nan nan 11.0334 9.7920 nan 11.25%
0 0 9.9528 15 11.0334 Cuts:9 430 9.79%
0+ 0 nan nan 11.0334 10.0567 nan 8.85%
0 0 10.0601 19 11.0334 LiftProj:5 443 8.82%
0 0 10.0636 19 11.0334 LiftProj:13 451 8.79%
0 0 10.0637 19 11.0334 LiftProj:7 453 8.79%
0 0 10.0678 19 11.0334 LiftProj:6 456 8.75%
0 0 10.1081 14 11.0334 LiftProj:8 468 8.39%
0 0 10.1128 15 11.0334 LiftProj:6 470 8.34%
0+ 0 nan nan 11.0334 10.1128 nan 8.34%
0 0 10.2912 14 11.0334 LiftProj:6 485 6.73%
0 0 10.3806 11 11.0334 LiftProj:2 503 5.92%
0 0 10.4087 13 11.0334 Cuts:17 509 5.66%
0 0 10.4379 12 11.0334 Cuts:7 518 5.40%
0 0 10.4427 13 11.0334 LiftProj:11 523 5.35%
0 0 10.5926 12 11.0334 LiftProj:6 545 4.00%
0 0 10.6742 10 11.0334 LiftProj:5 560 3.25%
0 0 10.6857 10 11.0334 LiftProj:8 566 3.15%
0 0 10.6973 11 11.0334 LiftProj:4 573 3.05%
0 0 10.7025 10 11.0334 LiftProj:5 578 3.00%
0 0 10.7048 10 11.0334 LiftProj:7 584 2.98%
0+ 0 nan nan 10.9057 10.7048 nan 1.84%
0+ 0 nan nan 10.9057 10.7048 nan 1.84%
0 0 10.7700 5 10.9057 10.7700 669 1.24%
0 0 10.8225 6 10.9057 Cuts:9 679 0.76%
0 0 10.8529 3 10.9057 LiftProj:1 689 0.48%
0 0 10.8529 2 10.9057 LiftProj:1 692 0.48%
0 0 cutoff 10.9057 10.8529 694 0.48% 0
CPXPARAM_MIP_Cuts_LiftProj-Gomory:LiftProj 7
CPXPARAM_MIP_Cuts_LiftProj-Gomory:Gomory 0
36
Node Left Objective IInf Best_Integer Best_Bound ItCnt Gap
0+ 0 nan nan 123.7135 0.0000 nan 100.00%
0+ 0 nan nan 108.6148 0.0000 nan 100.00%
0+ 0 nan nan 101.4822 0.0000 nan 100.00%
0 0 14.9500 14 101.4822 14.9500 143 85.27%
0+ 0 nan nan 85.1671 14.9500 nan 82.45%
0 0 23.9549 15 85.1671 Cuts:21 182 71.87%
0+ 0 nan nan 80.0112 23.9549 nan 70.06%
0 0 27.2115 13 80.0112 Cuts:21 214 65.99%
0+ 0 nan nan 59.9901 27.2115 nan 54.64%
0 0 27.4716 14 59.9901 LiftProj:10 224 54.21%
0 0 27.7628 14 59.9901 LiftProj:11 233 53.72%
0 0 28.5971 13 59.9901 LiftProj:11 252 52.33%
0 0 29.2089 13 59.9901 LiftProj:13 272 51.31%
0 0 30.5514 14 59.9901 LiftProj:11 293 49.07%
0 0 31.0840 15 59.9901 LiftProj:14 311 48.18%
0 0 33.1516 16 59.9901 LiftProj:11 333 44.74%
0 0 34.6578 16 59.9901 LiftProj:15 350 42.23%
0 0 35.3451 16 59.9901 Cuts:24 366 41.08%
0 0 38.6701 16 59.9901 LiftProj:11 399 35.54%
0 0 39.7570 14 59.9901 LiftProj:14 422 33.73%
0 0 40.8567 14 59.9901 LiftProj:11 451 31.89%
0 0 42.2590 14 59.9901 LiftProj:14 475 29.56%
0 0 42.8712 15 59.9901 LiftProj:19 499 28.54%
0 0 43.0880 15 59.9901 Cuts:13 517 28.17%
0 0 43.3730 16 59.9901 LiftProj:15 534 27.70%
0 0 43.4693 16 59.9901 LiftProj:18 544 27.54%
0+ 0 nan nan 59.5823 43.4693 nan 27.04%
0 0 44.0558 16 59.5823 LiftProj:19 567 26.06%
0 0 44.3916 15 59.5823 Cuts:21 589 25.50%
0 0 44.5080 15 59.5823 LiftProj:12 600 25.30%
0 0 44.8675 16 59.5823 Cuts:16 619 24.70%
0+ 0 nan nan 57.9684 44.8675 nan 22.60%
0 0 45.1084 16 57.9684 LiftProj:12 636 22.18%
0+ 0 nan nan 52.9256 45.1084 nan 14.77%
0 0 45.1434 16 52.9256 LiftProj:12 648 14.70%
0 0 45.2643 14 52.9256 LiftProj:12 662 14.48%
0 0 45.4023 16 52.9256 LiftProj:13 677 14.21%
0 0 45.4583 15 52.9256 LiftProj:11 691 14.11%
0 0 45.8248 15 52.9256 LiftProj:13 712 13.42%
0 0 46.1143 15 52.9256 LiftProj:10 727 12.87%
0 0 46.1676 15 52.9256 LiftProj:13 735 12.77%
0 0 46.2339 16 52.9256 LiftProj:11 746 12.64%
0 0 46.3818 15 52.9256 LiftProj:10 755 12.36%
0 0 46.5860 15 52.9256 LiftProj:13 769 11.98%
0 0 46.8458 16 52.9256 LiftProj:14 785 11.49%
0 0 46.9334 16 52.9256 LiftProj:11 799 11.32%
0 0 47.3496 17 52.9256 LiftProj:12 823 10.54%
0 0 47.4360 17 52.9256 LiftProj:12 839 10.37%
0 0 47.5028 16 52.9256 LiftProj:12 853 10.25%
0 0 47.5855 15 52.9256 LiftProj:11 870 10.09%
0 0 47.7289 17 52.9256 LiftProj:11 886 9.82%
0 0 47.7478 16 52.9256 LiftProj:13 892 9.78%
0 0 47.7974 16 52.9256 LiftProj:13 907 9.69%
0 0 47.8962 15 52.9256 LiftProj:9 920 9.50%
0 0 47.9110 15 52.9256 LiftProj:12 927 9.47%
0 2 47.9110 15 52.9256 47.9146 927 9.47%
CPXPARAM_MIP_Cuts_LiftProj-Gomory:LiftProj 32
CPXPARAM_MIP_Cuts_LiftProj-Gomory:Gomory 0
37
Node Left Objective IInf Best_Integer Best_Bound ItCnt Gap
0+ 0 nan nan 123.7135 0.0000 nan 100.00%
0+ 0 nan nan 108.8244 0.0000 nan 100.00%
0+ 0 nan nan 97.8424 0.0000 nan 100.00%
0 0 0.0000 28 97.8424 0.0000 113 100.00%
0+ 0 nan nan 83.8211 0.0000 nan 100.00%
0 0 2.3606 24 83.8211 Cuts:35 188 97.18%
0+ 0 nan nan 19.8086 2.3606 nan 88.08%
0 0 3.7057 24 19.8086 Cuts:24 218 81.29%
0+ 0 nan nan 11.0551 3.7057 nan 66.48%
0 0 4.4466 22 11.0551 LiftProj:16 246 59.78%
0 0 4.5905 23 11.0551 Cuts:9 255 58.48%
0 0 4.7413 22 11.0551 LiftProj:14 271 57.11%
0 0 4.8346 22 11.0551 LiftProj:12 285 56.27%
0 0 4.9464 22 11.0551 LiftProj:12 302 55.26%
0+ 0 nan nan 10.8866 4.9464 nan 54.56%
0 0 5.1789 22 10.8866 LiftProj:12 318 52.43%
0 0 5.2795 22 10.8866 LiftProj:13 334 51.50%
0 0 5.3952 23 10.8866 LiftProj:11 348 50.44%
0 0 5.6398 22 10.8866 Cuts:15 376 48.19%
0 0 5.8358 23 10.8866 LiftProj:13 397 46.39%
0 0 5.9654 23 10.8866 LiftProj:17 412 45.20%
0 0 6.0953 23 10.8866 LiftProj:15 444 44.01%
0+ 0 nan nan 10.0449 6.0953 nan 39.32%
0 0 6.3692 24 10.0449 LiftProj:15 486 36.59%
0 0 6.4343 24 10.0449 LiftProj:11 501 35.94%
0 0 6.4957 23 10.0449 LiftProj:17 526 35.33%
0 0 6.6661 22 10.0449 LiftProj:10 546 33.64%
0 0 6.7594 22 10.0449 LiftProj:9 562 32.71%
0 0 6.8620 22 10.0449 LiftProj:9 579 31.69%
0 0 6.9010 21 10.0449 LiftProj:10 591 31.30%
0 0 6.9423 21 10.0449 LiftProj:8 601 30.89%
0 0 7.0126 20 10.0449 LiftProj:11 613 30.19%
0 0 7.0218 20 10.0449 LiftProj:12 622 30.10%
0 0 7.0356 21 10.0449 LiftProj:10 627 29.96%
0 0 7.1452 22 10.0449 LiftProj:8 642 28.87%
0 0 7.1594 22 10.0449 LiftProj:6 648 28.73%
0 0 7.1786 22 10.0449 LiftProj:8 664 28.53%
0 0 7.1788 22 10.0449 LiftProj:10 666 28.53%
0 0 7.2104 22 10.0449 LiftProj:7 676 28.22%
0 0 7.2304 21 10.0449 LiftProj:10 685 28.02%
0 0 7.2631 22 10.0449 LiftProj:9 700 27.69%
0 0 7.3280 22 10.0449 LiftProj:8 717 27.05%
0 0 7.3532 21 10.0449 LiftProj:8 728 26.80%
0 0 7.3755 22 10.0449 LiftProj:11 739 26.57%
0 0 7.3838 21 10.0449 LiftProj:9 744 26.49%
0 0 7.3883 21 10.0449 LiftProj:8 752 26.45%
0 0 7.4053 22 10.0449 LiftProj:8 763 26.28%
0 0 7.4259 21 10.0449 LiftProj:7 774 26.07%
0 0 7.4372 22 10.0449 LiftProj:11 784 25.96%
0 0 7.4504 21 10.0449 LiftProj:7 793 25.83%
0 0 7.4551 22 10.0449 LiftProj:7 800 25.78%
0 0 7.4592 24 10.0449 LiftProj:6 812 25.74%
0 0 7.4875 22 10.0449 LiftProj:9 826 25.46%
0 0 7.4961 22 10.0449 LiftProj:5 829 25.37%
0 0 7.4994 22 10.0449 LiftProj:2 835 25.34%
0 2 8.3579 12 10.0449 8.4126 835 16.25%
CPXPARAM_MIP_Cuts_LiftProj-Gomory:LiftProj 35
CPXPARAM_MIP_Cuts_LiftProj-Gomory:Gomory 0
38
Node Left Objective IInf Best_Integer Best_Bound ItCnt Gap
0+ 0 nan nan 123.7135 0.0000 nan 100.00%
0+ 0 nan nan 93.6483 0.0000 nan 100.00%
0 0 20.1701 7 93.6483 20.1701 129 78.46%
0+ 0 nan nan 48.5233 20.1701 nan 58.43%
0 0 32.0217 6 48.5233 Cuts:13 151 34.01%
0 0 32.7988 8 48.5233 LiftProj:3 170 32.41%
0 0 34.7362 8 48.5233 LiftProj:4 190 28.41%
0 0 35.0399 9 48.5233 Cuts:9 204 27.79%
0 0 35.3242 9 48.5233 LiftProj:7 223 27.20%
0 0 36.5929 8 48.5233 LiftProj:8 249 24.59%
0 0 37.3642 8 48.5233 Cuts:6 272 23.00%
0 0 38.9271 10 48.5233 LiftProj:7 296 19.78%
0 0 39.3835 11 48.5233 Cuts:13 316 18.84%
0 0 39.9657 9 48.5233 Cuts:14 334 17.64%
0 0 41.6348 8 48.5233 LiftProj:9 362 14.20%
0 0 42.2128 10 48.5233 LiftProj:10 379 13.01%
0 0 42.6337 9 48.5233 Cuts:15 393 12.14%
0 0 42.7977 12 48.5233 LiftProj:9 406 11.80%
0 0 43.0092 11 48.5233 LiftProj:13 422 11.36%
0 0 43.4400 11 48.5233 LiftProj:9 434 10.48%
0 0 43.9401 12 48.5233 LiftProj:12 447 9.45%
0 0 44.3152 9 48.5233 LiftProj:11 459 8.67%
0 0 45.0615 11 48.5233 LiftProj:9 468 7.13%
0 0 45.1483 12 48.5233 LiftProj:9 476 6.96%
0 0 45.2063 11 48.5233 LiftProj:8 481 6.84%
0 0 45.4241 11 48.5233 LiftProj:9 493 6.39%
0 0 45.7433 10 48.5233 LiftProj:8 513 5.73%
0 0 45.8274 12 48.5233 LiftProj:11 524 5.56%
0 0 45.9510 9 48.5233 LiftProj:6 538 5.30%
0 0 45.9945 10 48.5233 LiftProj:14 554 5.21%
0 0 46.0722 10 48.5233 LiftProj:8 562 5.05%
0 0 46.1296 12 48.5233 LiftProj:14 573 4.93%
0 0 46.2563 11 48.5233 LiftProj:11 586 4.67%
0 0 46.3446 11 48.5233 LiftProj:14 592 4.49%
0 0 46.4602 12 48.5233 LiftProj:7 602 4.25%
0 0 46.5280 10 48.5233 LiftProj:8 612 4.11%
0 0 46.5801 9 48.5233 LiftProj:7 621 4.00%
0+ 0 nan nan 48.0944 46.5801 nan 3.15%
0 0 46.5873 10 48.0944 LiftProj:7 626 3.13%
0 0 46.5933 11 48.0944 LiftProj:5 632 3.12%
0 2 46.5984 10 48.0944 46.6019 632 3.10%
CPXPARAM_MIP_Cuts_LiftProj-Gomory:LiftProj 21
CPXPARAM_MIP_Cuts_LiftProj-Gomory:Gomory 0
39
Node Left Objective IInf Best_Integer Best_Bound ItCnt Gap
0+ 0 nan nan 123.7135 0.0000 nan 100.00%
0+ 0 nan nan 89.8836 0.0000 nan 100.00%
0 0 0.2044 22 89.8836 0.2044 126 99.77%
0+ 0 nan nan 45.3370 0.2044 nan 99.55%
0 0 2.3641 14 45.3370 Cuts:25 170 94.79%
0+ 0 nan nan 9.3048 2.3641 nan 74.59%
0 0 4.0136 14 9.3048 Cuts:19 200 56.86%
0 0 4.4318 15 9.3048 Cuts:14 221 52.37%
0 0 4.8733 15 9.3048 LiftProj:10 232 47.63%
0 0 5.0338 15 9.3048 LiftProj:13 249 45.90%
0+ 0 nan nan 7.3973 5.0338 nan 31.95%
0 0 5.0344 20 7.3973 LiftProj:8 260 31.94%
0 0 5.2060 13 7.3973 LiftProj:14 282 29.62%
0 0 5.3942 15 7.3973 Cuts:11 299 27.08%
0 0 5.4463 14 7.3973 Cuts:8 306 26.38%
0 0 5.6603 14 7.3973 Cuts:12 326 23.48%
0 0 5.7690 15 7.3973 Cuts:15 349 22.01%
0 0 5.8372 14 7.3973 LiftProj:5 365 21.09%
0 0 5.8480 21 7.3973 LiftProj:6 379 20.94%
0 0 5.8689 20 7.3973 LiftProj:16 391 20.66%
0 0 6.0032 21 7.3973 LiftProj:8 412 18.85%
0 0 6.0516 19 7.3973 LiftProj:14 429 18.19%
0+ 0 nan nan 7.1268 6.0516 nan 15.09%
0 0 6.1091 20 7.1268 LiftProj:8 440 14.28%
0 0 6.1276 18 7.1268 LiftProj:12 453 14.02%
0 0 6.1725 18 7.1268 LiftProj:9 466 13.39%
0 0 6.3636 14 7.1268 LiftProj:8 485 10.71%
0 0 6.4228 14 7.1268 Cuts:6 495 9.88%
0 0 6.4879 11 7.1268 LiftProj:7 506 8.96%
0 0 6.5033 13 7.1268 LiftProj:5 513 8.75%
0 0 6.5811 11 7.1268 LiftProj:5 532 7.66%
0 0 6.6306 19 7.1268 LiftProj:13 552 6.96%
0 0 6.6716 12 7.1268 LiftProj:31 571 6.39%
0 0 6.6724 14 7.1268 LiftProj:8 578 6.38%
0 0 6.7052 14 7.1268 LiftProj:6 586 5.92%
0 0 6.7817 13 7.1268 LiftProj:23 607 4.84%
0 0 6.7990 15 7.1268 LiftProj:5 616 4.60%
0 0 6.8147 15 7.1268 LiftProj:12 631 4.38%
0 0 6.8296 14 7.1268 LiftProj:6 641 4.17%
0 0 6.8447 14 7.1268 LiftProj:8 650 3.96%
0 0 6.8475 15 7.1268 LiftProj:4 654 3.92%
0 0 6.9184 14 7.1268 LiftProj:6 672 2.92%
0 0 6.9344 12 7.1268 LiftProj:2 678 2.70%
0 0 6.9601 11 7.1268 LiftProj:3 684 2.34%
0 0 7.0183 10 7.1268 LiftProj:4 696 1.52%
0 0 7.0472 7 7.1268 LiftProj:3 709 1.12%
0+ 0 nan nan 7.1268 7.0472 nan 1.12%
0 0 7.0472 7 7.1268 7.0472 771 1.12%
0 0 7.0928 9 7.1268 Cuts:30 800 0.48%
0 0 7.0928 9 7.1268 Cuts:14 804 0.48%
0 0 7.0928 8 7.1268 Cuts:8 805 0.48%
0+ 0 nan nan 7.1268 7.0928 nan 0.48%
0 2 7.1084 3 7.1268 7.1092 805 0.25%
CPXPARAM_MIP_Cuts_LiftProj-Gomory:LiftProj 14
CPXPARAM_MIP_Cuts_LiftProj-Gomory:Gomory 5
