0
Node Left Objective IInf Best_Integer Best_Bound ItCnt Gap
0+ 0 nan nan 136.4723 0.0000 nan 100.00%
0+ 0 nan nan 99.1655 0.0000 nan 100.00%
0 0 1.0620 26 99.1655 1.0620 177 98.93%
0 0 7.5957 28 99.1655 Cuts:29 216 92.34%
0 0 9.9756 28 99.1655 Cuts:37 249 89.94%
0+ 0 nan nan 84.6749 9.9756 nan 88.22%
0 0 11.5556 30 84.6749 Cuts:37 271 86.35%
0 0 13.6137 34 84.6749 Cuts:33 308 83.92%
0 0 14.1461 34 84.6749 Cuts:31 343 83.29%
0 0 15.0150 32 84.6749 LiftProj:16 375 82.27%
0+ 0 nan nan 81.4015 15.0150 nan 81.55%
0 0 15.6642 32 81.4015 Cuts:19 409 80.76%
0 0 15.9253 34 81.4015 Cuts:17 432 80.44%
0 0 16.1911 35 81.4015 LiftProj:14 454 80.11%
0 0 16.6059 33 81.4015 LiftProj:15 488 79.60%
0 0 16.8583 34 81.4015 Cuts:25 515 79.29%
0 0 17.2099 35 81.4015 LiftProj:14 543 78.86%
0 0 17.5570 35 81.4015 LiftProj:14 572 78.43%
0 0 17.9454 37 81.4015 LiftProj:14 600 77.95%
0 0 18.3435 35 81.4015 LiftProj:14 630 77.47%
0 0 18.9554 35 81.4015 Cuts:23 656 76.71%
0 0 19.0080 34 81.4015 Cuts:19 672 76.65%
0 0 19.5017 35 81.4015 Cuts:17 698 76.04%
0 0 19.8587 36 81.4015 Cuts:20 723 75.60%
0 0 20.0323 33 81.4015 Cuts:17 745 75.39%
0 0 20.6226 35 81.4015 LiftProj:21 816 74.67%
0 0 21.0915 37 81.4015 Cuts:34 847 74.09%
0 0 21.4214 34 81.4015 LiftProj:17 881 73.68%
0 0 21.5543 36 81.4015 LiftProj:18 904 73.52%
0 0 21.7003 35 81.4015 LiftProj:14 930 73.34%
0 0 21.8266 35 81.4015 LiftProj:15 971 73.19%
0 0 21.8460 35 81.4015 LiftProj:10 981 73.16%
0 0 21.8621 35 81.4015 LiftProj:12 994 73.14%
0 0 21.9228 38 81.4015 LiftProj:14 1013 73.07%
0 0 22.0936 36 81.4015 LiftProj:12 1036 72.86%
0 0 22.2404 35 81.4015 Cuts:20 1062 72.68%
0 0 22.4016 34 81.4015 LiftProj:9 1088 72.48%
0 0 22.5193 34 81.4015 LiftProj:12 1112 72.34%
0 0 22.6746 37 81.4015 LiftProj:15 1134 72.14%
0 0 23.0941 34 81.4015 LiftProj:13 1162 71.63%
0 0 23.3114 37 81.4015 LiftProj:21 1183 71.36%
0 0 23.3558 36 81.4015 LiftProj:12 1193 71.31%
0 0 23.4537 37 81.4015 LiftProj:13 1216 71.19%
0 0 23.5021 37 81.4015 LiftProj:8 1233 71.13%
0 0 23.5528 37 81.4015 LiftProj:16 1247 71.07%
0 0 23.6639 36 81.4015 LiftProj:19 1271 70.93%
0 0 23.7931 37 81.4015 LiftProj:12 1291 70.77%
0 0 23.9855 35 81.4015 LiftProj:14 1322 70.53%
0 0 24.1762 37 81.4015 LiftProj:14 1356 70.30%
0 0 24.1825 38 81.4015 LiftProj:12 1362 70.29%
0 0 24.1825 37 81.4015 LiftProj:8 1364 70.29%
0+ 0 nan nan 70.8931 24.1825 nan 65.89%
0+ 0 nan nan 65.0633 24.1825 nan 62.83%
0+ 0 nan nan 61.9830 24.1825 nan 60.99%
0 2 24.1825 37 61.9830 24.2160 1364 60.93%
CPXPARAM_MIP_Cuts_LiftProj-Gomory-Disjunctive:LiftProj 52
CPXPARAM_MIP_Cuts_LiftProj-Gomory-Disjunctive:Gomory 0
CPXPARAM_MIP_Cuts_LiftProj-Gomory-Disjunctive:Disjunctive 1
1
Node Left Objective IInf Best_Integer Best_Bound ItCnt Gap
0+ 0 nan nan 136.4723 0.0000 nan 100.00%
0+ 0 nan nan 99.1655 0.0000 nan 100.00%
0 0 0.0000 27 99.1655 0.0000 131 100.00%
0+ 0 nan nan 86.2827 0.0000 nan 100.00%
0 0 0.0000 20 86.2827 Cuts:2 135 100.00%
0+ 0 nan nan 77.7223 0.0000 nan 100.00%
0 0 0.0000 23 77.7223 Cuts:24 164 100.00%
0+ 0 nan nan 54.4045 0.0000 nan 100.00%
0 0 0.0000 20 54.4045 Cuts:4 172 100.00%
0 0 0.0000 21 54.4045 Cuts:19 196 100.00%
0+ 0 nan nan 54.2457 0.0000 nan 100.00%
0+ 0 nan nan 46.9763 0.0000 nan 100.00%
0 2 0.0000 20 46.9763 0.0000 196 100.00%
CPXPARAM_MIP_Cuts_LiftProj-Gomory-Disjunctive:LiftProj 0
CPXPARAM_MIP_Cuts_LiftProj-Gomory-Disjunctive:Gomory 0
CPXPARAM_MIP_Cuts_LiftProj-Gomory-Disjunctive:Disjunctive 0
2
Node Left Objective IInf Best_Integer Best_Bound ItCnt Gap
0+ 0 nan nan 136.4723 0.0000 nan 100.00%
0+ 0 nan nan 69.8576 0.0000 nan 100.00%
0 0 0.0000 23 69.8576 0.0000 131 100.00%
0 0 0.0000 24 69.8576 Cuts:26 165 100.00%
0 0 0.8466 26 69.8576 Cuts:22 238 98.79%
0 0 3.7132 28 69.8576 Cuts:36 295 94.68%
0 0 5.3487 27 69.8576 Cuts:31 333 92.34%
0 0 6.5456 27 69.8576 Cuts:26 363 90.63%
0 0 7.0726 30 69.8576 Cuts:17 388 89.88%
0 0 7.8870 28 69.8576 Cuts:15 416 88.71%
0 0 8.1842 30 69.8576 Cuts:14 435 88.28%
0 0 8.9202 30 69.8576 Cuts:15 465 87.23%
0 0 9.6530 29 69.8576 LiftProj:11 484 86.18%
0 0 10.5703 30 69.8576 Cuts:12 514 84.87%
0 0 11.1051 30 69.8576 LiftProj:8 534 84.10%
0 0 11.5021 27 69.8576 LiftProj:11 558 83.53%
0+ 0 nan nan 62.5858 11.5021 nan 81.62%
0 0 11.7267 30 62.5858 Cuts:13 578 81.26%
0 0 12.2760 30 62.5858 LiftProj:14 598 80.39%
0 0 12.5322 31 62.5858 Cuts:11 617 79.98%
0 0 12.8496 30 62.5858 LiftProj:7 636 79.47%
0 0 13.2650 31 62.5858 LiftProj:10 662 78.81%
0 0 13.9274 32 62.5858 LiftProj:9 691 77.75%
0 0 14.1999 31 62.5858 Cuts:14 723 77.31%
0 0 14.3737 30 62.5858 LiftProj:5 740 77.03%
0 0 14.5828 30 62.5858 Cuts:13 771 76.70%
0 0 15.1140 30 62.5858 LiftProj:11 794 75.85%
0 0 15.4043 31 62.5858 LiftProj:9 824 75.39%
0 0 15.6299 32 62.5858 LiftProj:13 844 75.03%
0 0 15.7907 30 62.5858 LiftProj:13 865 74.77%
0 0 15.8838 32 62.5858 Cuts:13 882 74.62%
0 0 15.9255 31 62.5858 Cuts:12 894 74.55%
0 0 16.0383 32 62.5858 LiftProj:10 914 74.37%
0 0 16.2983 31 62.5858 Cuts:19 943 73.96%
0 0 16.5990 31 62.5858 LiftProj:11 981 73.48%
0 0 16.7474 32 62.5858 LiftProj:11 1003 73.24%
0 0 16.8577 32 62.5858 LiftProj:9 1017 73.06%
0 0 16.9788 32 62.5858 LiftProj:11 1035 72.87%
0 0 17.0297 32 62.5858 LiftProj:9 1046 72.79%
0 0 17.0823 32 62.5858 LiftProj:9 1056 72.71%
0 0 17.1857 32 62.5858 LiftProj:8 1074 72.54%
0 0 17.2981 32 62.5858 LiftProj:12 1092 72.36%
0 0 17.4374 32 62.5858 LiftProj:11 1111 72.14%
0 0 17.8483 32 62.5858 LiftProj:7 1144 71.48%
0 0 17.9220 30 62.5858 LiftProj:6 1163 71.36%
0 0 17.9881 32 62.5858 LiftProj:9 1176 71.26%
0 0 18.1119 31 62.5858 LiftProj:6 1195 71.06%
0 0 18.1472 31 62.5858 LiftProj:7 1206 71.00%
0 0 18.1801 31 62.5858 LiftProj:6 1218 70.95%
0 0 18.2260 32 62.5858 LiftProj:8 1231 70.88%
0 0 18.2743 32 62.5858 LiftProj:7 1252 70.80%
0 0 18.3837 31 62.5858 LiftProj:10 1273 70.63%
0 0 18.4702 31 62.5858 LiftProj:9 1296 70.49%
0 0 18.5280 32 62.5858 LiftProj:8 1316 70.40%
0 0 18.5479 32 62.5858 LiftProj:6 1329 70.36%
0 0 18.6107 32 62.5858 LiftProj:6 1352 70.26%
0 0 18.6953 32 62.5858 LiftProj:8 1368 70.13%
0 0 18.7429 32 62.5858 LiftProj:8 1393 70.05%
0 0 18.7840 32 62.5858 LiftProj:9 1418 69.99%
0 0 18.8282 32 62.5858 LiftProj:8 1443 69.92%
0 0 18.9443 31 62.5858 LiftProj:10 1471 69.73%
0 0 18.9969 31 62.5858 LiftProj:10 1498 69.65%
0 0 19.0251 32 62.5858 LiftProj:10 1508 69.60%
0 0 19.0918 32 62.5858 LiftProj:7 1532 69.49%
0 0 19.1657 31 62.5858 LiftProj:12 1566 69.38%
0 0 19.2827 32 62.5858 LiftProj:13 1595 69.19%
0 0 19.3287 32 62.5858 LiftProj:9 1616 69.12%
0 0 19.3580 32 62.5858 LiftProj:11 1641 69.07%
0 0 19.5092 31 62.5858 LiftProj:7 1677 68.83%
0 0 19.5301 32 62.5858 LiftProj:5 1688 68.79%
0 0 19.5863 32 62.5858 LiftProj:7 1708 68.70%
0 0 19.7603 30 62.5858 LiftProj:11 1739 68.43%
0 0 19.8204 32 62.5858 LiftProj:13 1757 68.33%
0 0 19.8695 32 62.5858 LiftProj:12 1777 68.25%
0 0 19.9918 31 62.5858 LiftProj:10 1807 68.06%
0 0 20.0147 31 62.5858 LiftProj:8 1825 68.02%
0 0 20.0329 32 62.5858 LiftProj:4 1836 67.99%
0 0 20.0690 31 62.5858 LiftProj:7 1856 67.93%
0 0 20.1117 32 62.5858 LiftProj:10 1873 67.87%
0 0 20.1457 31 62.5858 LiftProj:9 1891 67.81%
0 0 20.1810 31 62.5858 LiftProj:9 1906 67.75%
0 0 20.2113 32 62.5858 LiftProj:7 1925 67.71%
0 0 20.2538 30 62.5858 LiftProj:5 1943 67.64%
0 0 20.2637 32 62.5858 LiftProj:7 1955 67.62%
0+ 0 nan nan 44.8702 20.2637 nan 54.84%
0 2 20.2637 32 44.8702 20.2772 1955 54.81%
CPXPARAM_MIP_Cuts_LiftProj-Gomory-Disjunctive:LiftProj 50
CPXPARAM_MIP_Cuts_LiftProj-Gomory-Disjunctive:Gomory 0
CPXPARAM_MIP_Cuts_LiftProj-Gomory-Disjunctive:Disjunctive 0
3
Node Left Objective IInf Best_Integer Best_Bound ItCnt Gap
0+ 0 nan nan 136.4723 0.0000 nan 100.00%
0+ 0 nan nan 69.8576 0.0000 nan 100.00%
0 0 0.0000 23 69.8576 0.0000 128 100.00%
0+ 0 nan nan 52.6772 0.0000 nan 100.00%
0 0 0.0000 16 52.6772 Fract:1 129 100.00%
0+ 0 nan nan 20.1192 0.0000 nan 100.00%
0 0 0.0000 16 20.1192 Cuts:26 174 100.00%
0 0 0.0000 15 20.1192 Fract:2 175 100.00%
0+ 0 nan nan 18.1638 0.0000 nan 100.00%
0 2 0.0000 15 18.1638 0.0000 175 100.00%
CPXPARAM_MIP_Cuts_LiftProj-Gomory-Disjunctive:LiftProj 0
CPXPARAM_MIP_Cuts_LiftProj-Gomory-Disjunctive:Gomory 1
CPXPARAM_MIP_Cuts_LiftProj-Gomory-Disjunctive:Disjunctive 0
4
Node Left Objective IInf Best_Integer Best_Bound ItCnt Gap
0+ 0 nan nan 115.1924 0.0000 nan 100.00%
0+ 0 nan nan 108.1598 0.0000 nan 100.00%
0+ 0 nan nan 98.2525 0.0000 nan 100.00%
0 0 10.9280 24 98.2525 10.9280 158 88.88%
0 0 16.0956 26 98.2525 Cuts:24 189 83.62%
0 0 17.8460 29 98.2525 Cuts:37 219 81.84%
0+ 0 nan nan 87.4798 17.8460 nan 79.60%
0 0 20.4797 28 87.4798 Cuts:30 260 76.59%
0 0 21.3899 31 87.4798 Cuts:23 293 75.55%
0 0 22.2498 32 87.4798 Cuts:17 322 74.57%
0 0 22.5105 31 87.4798 LiftProj:12 349 74.27%
0 0 22.7005 30 87.4798 LiftProj:10 367 74.05%
0 0 23.6300 32 87.4798 LiftProj:13 395 72.99%
0 0 24.2307 29 87.4798 LiftProj:15 435 72.30%
0 0 24.6540 31 87.4798 LiftProj:12 455 71.82%
0 0 24.8858 32 87.4798 LiftProj:13 468 71.55%
0 0 24.9216 34 87.4798 Cuts:13 475 71.51%
0 0 25.6697 34 87.4798 LiftProj:13 511 70.66%
0 0 25.8405 33 87.4798 LiftProj:14 530 70.46%
0 0 26.0555 34 87.4798 LiftProj:14 557 70.22%
0 0 26.1747 34 87.4798 LiftProj:13 576 70.08%
0 0 26.2956 33 87.4798 LiftProj:14 590 69.94%
0 0 26.9716 32 87.4798 LiftProj:14 615 69.17%
0 0 27.3466 35 87.4798 LiftProj:17 637 68.74%
0 0 27.5352 34 87.4798 LiftProj:8 654 68.52%
0 0 27.9649 35 87.4798 LiftProj:13 684 68.03%
0 0 28.1171 37 87.4798 Cuts:18 709 67.86%
0 0 28.4170 36 87.4798 LiftProj:13 739 67.52%
0 0 28.6351 37 87.4798 LiftProj:11 757 67.27%
0 0 28.9220 37 87.4798 LiftProj:15 777 66.94%
0 0 28.9831 37 87.4798 LiftProj:11 789 66.87%
0 0 29.2919 34 87.4798 LiftProj:13 814 66.52%
0 0 29.4498 35 87.4798 LiftProj:13 831 66.34%
0 0 29.5275 37 87.4798 LiftProj:13 850 66.25%
0 0 29.6738 36 87.4798 LiftProj:13 874 66.08%
0 0 29.7775 37 87.4798 LiftProj:12 902 65.96%
0 0 29.8809 36 87.4798 LiftProj:12 928 65.84%
0+ 0 nan nan 78.6275 29.8809 nan 62.00%
0 0 29.9060 35 78.6275 LiftProj:9 944 61.96%
0 0 29.9722 37 78.6275 LiftProj:14 960 61.88%
0 0 30.3267 36 78.6275 LiftProj:10 994 61.43%
0 0 30.5129 36 78.6275 Cuts:11 1018 61.19%
0 0 30.5630 35 78.6275 LiftProj:9 1039 61.13%
0 0 30.6027 35 78.6275 LiftProj:7 1057 61.08%
0 0 30.7786 36 78.6275 LiftProj:7 1091 60.86%
0 0 30.8596 36 78.6275 LiftProj:10 1110 60.75%
0 0 30.9072 36 78.6275 LiftProj:10 1133 60.69%
0 0 30.9704 35 78.6275 LiftProj:15 1157 60.61%
0 0 30.9704 35 78.6275 LiftProj:6 1159 60.61%
0 0 31.0000 36 78.6275 LiftProj:6 1176 60.57%
0 0 31.1013 35 78.6275 LiftProj:11 1200 60.44%
0 0 31.1646 35 78.6275 LiftProj:7 1218 60.36%
0 0 31.1956 37 78.6275 LiftProj:8 1235 60.32%
0 0 31.2401 36 78.6275 LiftProj:5 1254 60.27%
0 0 31.2542 37 78.6275 LiftProj:13 1265 60.25%
0+ 0 nan nan 60.5765 31.2542 nan 48.41%
0 2 31.2542 36 60.5765 31.2555 1265 48.40%
CPXPARAM_MIP_Cuts_LiftProj-Gomory-Disjunctive:LiftProj 48
CPXPARAM_MIP_Cuts_LiftProj-Gomory-Disjunctive:Gomory 1
CPXPARAM_MIP_Cuts_LiftProj-Gomory-Disjunctive:Disjunctive 0
5
Node Left Objective IInf Best_Integer Best_Bound ItCnt Gap
0+ 0 nan nan 115.1924 0.0000 nan 100.00%
0+ 0 nan nan 108.1598 0.0000 nan 100.00%
0+ 0 nan nan 79.8300 0.0000 nan 100.00%
0 0 0.0000 27 79.8300 0.0000 129 100.00%
0+ 0 nan nan 77.7750 0.0000 nan 100.00%
0 0 0.0000 20 77.7750 Fract:1 133 100.00%
0 0 0.0000 21 77.7750 Cuts:23 163 100.00%
0 0 0.0000 20 77.7750 Cuts:5 172 100.00%
0+ 0 nan nan 56.7740 0.0000 nan 100.00%
0 2 0.0000 20 56.7740 0.0000 172 100.00%
CPXPARAM_MIP_Cuts_LiftProj-Gomory-Disjunctive:LiftProj 0
CPXPARAM_MIP_Cuts_LiftProj-Gomory-Disjunctive:Gomory 1
CPXPARAM_MIP_Cuts_LiftProj-Gomory-Disjunctive:Disjunctive 4
6
Node Left Objective IInf Best_Integer Best_Bound ItCnt Gap
0+ 0 nan nan 115.1924 0.0000 nan 100.00%
0+ 0 nan nan 81.9438 0.0000 nan 100.00%
0 0 10.7107 19 81.9438 10.7107 153 86.93%
0+ 0 nan nan 80.6567 10.7107 nan 86.72%
0 0 15.0383 22 80.6567 Cuts:25 178 81.36%
0 0 19.2516 25 80.6567 Cuts:32 212 76.13%
0 0 20.2621 25 80.6567 Cuts:31 238 74.88%
0 0 21.8072 26 80.6567 Cuts:28 282 72.96%
0 0 22.9590 26 80.6567 Cuts:35 322 71.53%
0 0 23.0721 28 80.6567 Cuts:14 342 71.39%
0+ 0 nan nan 68.7487 23.0721 nan 66.44%
0 0 23.1717 28 68.7487 LiftProj:13 354 66.30%
0 0 23.2545 28 68.7487 LiftProj:12 366 66.17%
0 0 23.5693 25 68.7487 LiftProj:12 383 65.72%
0 0 23.8107 24 68.7487 Cuts:14 397 65.37%
0 0 23.8988 26 68.7487 LiftProj:13 409 65.24%
0 0 23.9711 26 68.7487 Cuts:16 421 65.13%
0 0 24.1008 29 68.7487 LiftProj:14 432 64.94%
0 0 24.4182 27 68.7487 Cuts:15 457 64.48%
0 0 24.7397 28 68.7487 LiftProj:14 470 64.01%
0 0 25.9496 28 68.7487 LiftProj:11 507 62.25%
0 0 26.3770 30 68.7487 LiftProj:11 522 61.63%
0 0 26.9810 30 68.7487 LiftProj:12 543 60.75%
0 0 27.1246 28 68.7487 LiftProj:7 561 60.55%
0 0 27.2601 28 68.7487 LiftProj:11 570 60.35%
0 0 27.4323 32 68.7487 Cuts:15 592 60.10%
0 0 27.4387 32 68.7487 LiftProj:12 600 60.09%
0 0 27.9440 30 68.7487 LiftProj:11 624 59.35%
0 0 28.2084 31 68.7487 Cuts:11 647 58.97%
0+ 0 nan nan 68.2137 28.2084 nan 58.65%
0 0 28.3277 32 68.2137 LiftProj:10 662 58.47%
0 0 28.5447 30 68.2137 LiftProj:10 682 58.15%
0 0 28.7608 30 68.2137 LiftProj:10 711 57.84%
0 0 28.9888 29 68.2137 LiftProj:10 735 57.50%
0 0 29.1475 30 68.2137 LiftProj:11 759 57.27%
0 0 29.2910 30 68.2137 LiftProj:14 774 57.06%
0 0 29.4530 29 68.2137 LiftProj:10 792 56.82%
0 0 29.6654 29 68.2137 LiftProj:8 818 56.51%
0 0 29.6654 29 68.2137 LiftProj:11 820 56.51%
0 0 29.7160 30 68.2137 LiftProj:11 830 56.44%
0 0 29.8361 31 68.2137 LiftProj:11 851 56.26%
0 0 29.9457 30 68.2137 LiftProj:14 870 56.10%
0 0 30.0670 30 68.2137 LiftProj:9 891 55.92%
0 0 30.1984 32 68.2137 LiftProj:8 908 55.73%
0 0 30.2484 30 68.2137 LiftProj:12 924 55.66%
0 0 30.3431 31 68.2137 LiftProj:12 943 55.52%
0 0 30.4940 31 68.2137 LiftProj:7 969 55.30%
0 0 30.5817 32 68.2137 LiftProj:11 988 55.17%
0 0 30.6579 31 68.2137 LiftProj:8 1014 55.06%
0 0 30.6887 31 68.2137 LiftProj:9 1030 55.01%
0 0 30.7775 31 68.2137 LiftProj:7 1061 54.88%
0 0 30.8082 31 68.2137 LiftProj:7 1073 54.84%
0 0 30.8553 31 68.2137 LiftProj:6 1088 54.77%
0 0 30.9689 31 68.2137 LiftProj:9 1118 54.60%
0 0 31.0866 31 68.2137 LiftProj:10 1138 54.43%
0 0 31.1901 31 68.2137 LiftProj:9 1164 54.28%
0 0 31.2520 32 68.2137 LiftProj:6 1175 54.19%
0 0 31.2934 31 68.2137 LiftProj:8 1198 54.12%
0 0 31.3198 31 68.2137 LiftProj:8 1213 54.09%
0 0 31.3980 31 68.2137 LiftProj:8 1228 53.97%
0 0 31.5153 31 68.2137 LiftProj:9 1250 53.80%
0 0 31.6260 31 68.2137 LiftProj:10 1266 53.64%
0 0 31.7153 32 68.2137 LiftProj:10 1287 53.51%
0 0 31.8682 31 68.2137 LiftProj:7 1311 53.28%
0 0 31.9518 31 68.2137 LiftProj:8 1335 53.16%
0 0 32.0286 30 68.2137 LiftProj:7 1358 53.05%
0 0 32.0738 31 68.2137 LiftProj:9 1376 52.98%
0 0 32.1203 32 68.2137 LiftProj:9 1390 52.91%
0 0 32.1318 31 68.2137 LiftProj:9 1403 52.90%
0+ 0 nan nan 53.9221 32.1318 nan 40.41%
0+ 0 nan nan 51.5215 32.1318 nan 37.63%
0 2 32.1318 31 51.5215 32.1483 1403 37.60%
CPXPARAM_MIP_Cuts_LiftProj-Gomory-Disjunctive:LiftProj 48
CPXPARAM_MIP_Cuts_LiftProj-Gomory-Disjunctive:Gomory 0
CPXPARAM_MIP_Cuts_LiftProj-Gomory-Disjunctive:Disjunctive 0
7
Node Left Objective IInf Best_Integer Best_Bound ItCnt Gap
0+ 0 nan nan 115.1924 0.0000 nan 100.00%
0+ 0 nan nan 81.9438 0.0000 nan 100.00%
0 0 0.0000 23 81.9438 0.0000 123 100.00%
0+ 0 nan nan 62.3577 0.0000 nan 100.00%
0+ 0 nan nan 41.4305 0.0000 nan 100.00%
0+ 0 nan nan 30.7090 0.0000 nan 100.00%
0 2 0.0000 16 30.7090 0.0000 123 100.00%
CPXPARAM_MIP_Cuts_LiftProj-Gomory-Disjunctive:LiftProj 0
CPXPARAM_MIP_Cuts_LiftProj-Gomory-Disjunctive:Gomory 0
CPXPARAM_MIP_Cuts_LiftProj-Gomory-Disjunctive:Disjunctive 0
8
Node Left Objective IInf Best_Integer Best_Bound ItCnt Gap
0+ 0 nan nan 131.6037 0.0000 nan 100.00%
0+ 0 nan nan 111.2422 0.0000 nan 100.00%
0+ 0 nan nan 109.8445 0.0000 nan 100.00%
0 0 16.8750 23 109.8445 16.8750 153 84.64%
0 0 18.9170 29 109.8445 Cuts:21 189 82.78%
0 0 22.6368 31 109.8445 Cuts:35 221 79.39%
0 0 24.3021 29 109.8445 Cuts:34 249 77.88%
0 0 26.0237 29 109.8445 Cuts:22 282 76.31%
0 0 26.6955 31 109.8445 Cuts:34 311 75.70%
0 0 26.9252 32 109.8445 Cuts:17 323 75.49%
0 0 27.7209 32 109.8445 Cuts:16 350 74.76%
0+ 0 nan nan 103.2988 27.7209 nan 73.16%
0 0 28.5833 32 103.2988 LiftProj:16 375 72.33%
0 0 29.1146 33 103.2988 Cuts:21 413 71.82%
0 0 29.3617 33 103.2988 LiftProj:11 424 71.58%
0 0 30.1980 33 103.2988 Cuts:16 451 70.77%
0 0 30.4743 34 103.2988 LiftProj:15 458 70.50%
0 0 30.6728 35 103.2988 LiftProj:16 481 70.31%
0 0 30.6728 35 103.2988 LiftProj:14 485 70.31%
0 0 31.0780 34 103.2988 LiftProj:13 505 69.91%
0 0 31.5193 34 103.2988 Cuts:22 523 69.49%
0 0 32.2718 34 103.2988 Cuts:17 546 68.76%
0 0 32.6416 33 103.2988 Cuts:19 569 68.40%
0 0 32.8408 34 103.2988 Cuts:16 581 68.21%
0 0 33.0926 36 103.2988 LiftProj:14 606 67.96%
0 0 33.3454 33 103.2988 LiftProj:12 629 67.72%
0 0 33.7914 36 103.2988 LiftProj:11 660 67.29%
0 0 33.9452 36 103.2988 Cuts:18 679 67.14%
0 0 34.1582 35 103.2988 LiftProj:11 695 66.93%
0 0 34.3545 35 103.2988 Cuts:15 715 66.74%
0 0 34.3825 34 103.2988 LiftProj:10 722 66.72%
0 0 34.4866 36 103.2988 LiftProj:17 733 66.61%
0 0 35.1261 33 103.2988 Cuts:17 768 66.00%
0 0 35.5930 34 103.2988 LiftProj:10 797 65.54%
0 0 35.6314 34 103.2988 LiftProj:15 809 65.51%
0 0 35.6491 36 103.2988 Cuts:13 820 65.49%
0 0 35.8438 35 103.2988 LiftProj:14 844 65.30%
0 0 35.9210 35 103.2988 LiftProj:8 858 65.23%
0 0 36.0778 35 103.2988 LiftProj:7 886 65.07%
0 0 36.1136 35 103.2988 LiftProj:13 901 65.04%
0 0 36.3412 33 103.2988 Cuts:13 925 64.82%
0 0 36.5626 36 103.2988 LiftProj:22 960 64.60%
0 0 36.7675 35 103.2988 LiftProj:14 994 64.41%
0 0 36.8959 35 103.2988 LiftProj:9 1015 64.28%
0 0 36.8959 35 103.2988 LiftProj:8 1020 64.28%
0+ 0 nan nan 78.3471 36.8959 nan 52.91%
0 2 36.8959 35 78.3471 36.9163 1020 52.88%
CPXPARAM_MIP_Cuts_LiftProj-Gomory-Disjunctive:LiftProj 48
CPXPARAM_MIP_Cuts_LiftProj-Gomory-Disjunctive:Gomory 0
CPXPARAM_MIP_Cuts_LiftProj-Gomory-Disjunctive:Disjunctive 2
9
Node Left Objective IInf Best_Integer Best_Bound ItCnt Gap
0+ 0 nan nan 131.6037 0.0000 nan 100.00%
0+ 0 nan nan 111.2422 0.0000 nan 100.00%
0 0 0.0000 27 111.2422 0.0000 128 100.00%
0+ 0 nan nan 94.5662 0.0000 nan 100.00%
0 0 0.0000 23 94.5662 Disjcuts:5 140 100.00%
0 0 0.0000 22 94.5662 Cuts:39 193 100.00%
0+ 0 nan nan 73.7393 0.0000 nan 100.00%
0 0 0.0000 22 73.7393 Cuts:5 205 100.00%
0+ 0 nan nan 72.4622 0.0000 nan 100.00%
0+ 0 nan nan 65.0940 0.0000 nan 100.00%
0 2 0.0000 21 65.0940 0.0000 205 100.00%
CPXPARAM_MIP_Cuts_LiftProj-Gomory-Disjunctive:LiftProj 0
CPXPARAM_MIP_Cuts_LiftProj-Gomory-Disjunctive:Gomory 0
CPXPARAM_MIP_Cuts_LiftProj-Gomory-Disjunctive:Disjunctive 2
10
Node Left Objective IInf Best_Integer Best_Bound ItCnt Gap
0+ 0 nan nan 131.6037 0.0000 nan 100.00%
0+ 0 nan nan 99.6733 0.0000 nan 100.00%
0 0 0.0000 23 99.6733 0.0000 139 100.00%
0 0 1.8891 26 99.6733 Cuts:31 216 98.10%
0 0 5.8327 26 99.6733 Cuts:32 256 94.15%
0 0 9.2667 30 99.6733 Cuts:34 307 90.70%
0 0 12.0546 29 99.6733 Cuts:46 349 87.91%
0 0 14.2223 28 99.6733 Cuts:41 386 85.73%
0 0 14.8872 30 99.6733 Cuts:14 414 85.06%
0 0 15.6938 30 99.6733 Cuts:13 436 84.25%
0 0 16.2862 31 99.6733 Cuts:16 459 83.66%
0 0 17.3773 29 99.6733 Cuts:13 494 82.57%
0 0 18.1505 28 99.6733 Cuts:15 518 81.79%
0 0 18.7103 30 99.6733 LiftProj:12 551 81.23%
0 0 19.3340 30 99.6733 Cuts:15 581 80.60%
0 0 19.5932 32 99.6733 Cuts:14 599 80.34%
0 0 19.8538 29 99.6733 Cuts:19 624 80.08%
0 0 20.2752 32 99.6733 Cuts:12 654 79.66%
0 0 20.9646 30 99.6733 LiftProj:11 684 78.97%
0 0 21.5074 29 99.6733 Cuts:15 713 78.42%
0 0 22.5161 31 99.6733 LiftProj:11 737 77.41%
0 0 23.3661 29 99.6733 LiftProj:13 766 76.56%
0 0 23.8984 32 99.6733 LiftProj:10 793 76.02%
0 0 24.5978 31 99.6733 LiftProj:10 818 75.32%
0 0 24.8600 28 99.6733 LiftProj:17 842 75.06%
0 0 25.4308 29 99.6733 Cuts:15 875 74.49%
0 0 26.3227 31 99.6733 Cuts:12 908 73.59%
0 0 27.0222 30 99.6733 LiftProj:11 929 72.89%
0 0 27.3475 30 99.6733 LiftProj:16 954 72.56%
0 0 27.5363 30 99.6733 LiftProj:11 972 72.37%
0 0 27.6137 31 99.6733 LiftProj:10 984 72.30%
0 0 27.7504 31 99.6733 LiftProj:8 1006 72.16%
0 0 27.8881 32 99.6733 LiftProj:12 1031 72.02%
0 0 28.2430 30 99.6733 LiftProj:9 1061 71.66%
0 0 28.6311 31 99.6733 LiftProj:11 1092 71.28%
0 0 29.0920 30 99.6733 LiftProj:11 1126 70.81%
0 0 29.2647 31 99.6733 LiftProj:11 1149 70.64%
0 0 29.4132 30 99.6733 Cuts:14 1180 70.49%
0 0 29.5830 30 99.6733 LiftProj:17 1223 70.32%
0 0 29.6141 30 99.6733 LiftProj:7 1242 70.29%
0 0 29.8985 31 99.6733 LiftProj:10 1282 70.00%
0 0 30.1771 30 99.6733 Cuts:13 1308 69.72%
0 0 30.2299 31 99.6733 LiftProj:11 1319 69.67%
0 0 30.3938 31 99.6733 LiftProj:8 1346 69.51%
0 0 30.6236 31 99.6733 Cuts:14 1371 69.28%
0 0 30.7402 32 99.6733 LiftProj:12 1391 69.16%
0 0 30.8505 32 99.6733 LiftProj:7 1408 69.05%
0 0 30.9161 31 99.6733 LiftProj:10 1423 68.98%
0 0 30.9764 32 99.6733 LiftProj:8 1438 68.92%
0 0 31.0849 31 99.6733 LiftProj:11 1467 68.81%
0 0 31.1929 31 99.6733 LiftProj:9 1493 68.70%
0 0 31.2227 31 99.6733 LiftProj:9 1508 68.67%
0 0 31.2633 32 99.6733 LiftProj:10 1530 68.63%
0 0 31.3010 32 99.6733 LiftProj:11 1547 68.60%
0 0 31.4552 29 99.6733 LiftProj:11 1575 68.44%
0 0 31.5057 32 99.6733 LiftProj:12 1597 68.39%
0 0 31.5670 32 99.6733 LiftProj:11 1625 68.33%
0 0 31.6132 32 99.6733 LiftProj:12 1642 68.28%
0 0 31.7284 33 99.6733 LiftProj:11 1673 68.17%
0 0 31.8131 32 99.6733 LiftProj:12 1701 68.08%
0 0 31.8476 33 99.6733 LiftProj:15 1725 68.05%
0 0 31.9176 31 99.6733 LiftProj:10 1755 67.98%
0 0 32.0793 31 99.6733 LiftProj:10 1790 67.82%
0 0 32.1342 31 99.6733 LiftProj:12 1811 67.76%
0 0 32.1567 31 99.6733 LiftProj:8 1821 67.74%
0 0 32.1861 32 99.6733 LiftProj:11 1836 67.71%
0 0 32.2110 32 99.6733 LiftProj:8 1847 67.68%
0 0 32.2429 32 99.6733 LiftProj:10 1868 67.65%
0 0 32.2972 31 99.6733 LiftProj:10 1889 67.60%
0 0 32.3459 31 99.6733 LiftProj:8 1909 67.55%
0 0 32.4375 32 99.6733 LiftProj:6 1930 67.46%
0 0 32.4492 31 99.6733 LiftProj:11 1945 67.44%
0 0 32.4577 32 99.6733 LiftProj:7 1952 67.44%
0+ 0 nan nan 68.5048 32.4577 nan 52.62%
0 2 32.4577 32 68.5048 32.4580 1952 52.62%
CPXPARAM_MIP_Cuts_LiftProj-Gomory-Disjunctive:LiftProj 52
CPXPARAM_MIP_Cuts_LiftProj-Gomory-Disjunctive:Gomory 0
CPXPARAM_MIP_Cuts_LiftProj-Gomory-Disjunctive:Disjunctive 0
11
Node Left Objective IInf Best_Integer Best_Bound ItCnt Gap
0+ 0 nan nan 131.6037 0.0000 nan 100.00%
0+ 0 nan nan 99.6733 0.0000 nan 100.00%
0 0 0.0000 23 99.6733 0.0000 134 100.00%
0+ 0 nan nan 80.1830 0.0000 nan 100.00%
0 0 0.0000 17 80.1830 Cuts:6 144 100.00%
0 0 0.0000 16 80.1830 Cuts:25 191 100.00%
0 0 0.0000 16 80.1830 Cuts:7 217 100.00%
0+ 0 nan nan 55.3913 0.0000 nan 100.00%
0+ 0 nan nan 49.0322 0.0000 nan 100.00%
0+ 0 nan nan 34.3996 0.0000 nan 100.00%
0 2 0.0000 15 34.3996 0.0000 217 100.00%
CPXPARAM_MIP_Cuts_LiftProj-Gomory-Disjunctive:LiftProj 0
CPXPARAM_MIP_Cuts_LiftProj-Gomory-Disjunctive:Gomory 0
CPXPARAM_MIP_Cuts_LiftProj-Gomory-Disjunctive:Disjunctive 0
12
Node Left Objective IInf Best_Integer Best_Bound ItCnt Gap
0+ 0 nan nan 110.3567 0.0000 nan 100.00%
0+ 0 nan nan 96.6816 0.0000 nan 100.00%
0 0 0.0000 27 96.6816 0.0000 148 100.00%
0 0 7.5578 29 96.6816 Cuts:37 239 92.18%
0 0 11.2361 32 96.6816 Cuts:38 276 88.38%
0+ 0 nan nan 94.3483 11.2361 nan 88.09%
0 0 13.0288 33 94.3483 Cuts:40 320 86.19%
0 0 15.2491 31 94.3483 Cuts:47 369 83.84%
0 0 16.7959 35 94.3483 Cuts:35 436 82.20%
0 0 16.8026 36 94.3483 Cuts:11 445 82.19%
0 0 17.2032 34 94.3483 LiftProj:12 469 81.77%
0 0 17.3791 34 94.3483 Cuts:18 492 81.58%
0 0 17.6722 37 94.3483 Cuts:20 508 81.27%
0 0 18.1765 33 94.3483 LiftProj:11 534 80.73%
0 0 18.5381 34 94.3483 LiftProj:12 551 80.35%
0 0 18.8057 37 94.3483 LiftProj:12 578 80.07%
0 0 19.4262 34 94.3483 Cuts:18 614 79.41%
0 0 19.6498 37 94.3483 Cuts:18 636 79.17%
0 0 20.2019 35 94.3483 LiftProj:10 669 78.59%
0 0 20.6432 37 94.3483 LiftProj:17 709 78.12%
0 0 21.1813 36 94.3483 LiftProj:10 749 77.55%
0 0 22.0745 35 94.3483 LiftProj:13 791 76.60%
0 0 22.3951 35 94.3483 Cuts:17 820 76.26%
0 0 22.5132 36 94.3483 LiftProj:10 849 76.14%
0 0 22.5959 36 94.3483 LiftProj:14 878 76.05%
0 0 22.7221 37 94.3483 LiftProj:10 913 75.92%
0 0 22.8964 37 94.3483 Cuts:12 935 75.73%
0 0 23.3605 36 94.3483 LiftProj:14 973 75.24%
0 0 23.7893 35 94.3483 LiftProj:13 1008 74.79%
0 0 23.8242 35 94.3483 LiftProj:10 1020 74.75%
0 0 23.9137 37 94.3483 LiftProj:13 1048 74.65%
0 0 23.9330 37 94.3483 LiftProj:9 1062 74.63%
0 0 24.0179 36 94.3483 LiftProj:11 1077 74.54%
0 0 24.0734 36 94.3483 LiftProj:14 1101 74.48%
0 0 24.2143 36 94.3483 LiftProj:14 1115 74.34%
0 0 24.4450 35 94.3483 LiftProj:15 1143 74.09%
0 0 24.5066 37 94.3483 LiftProj:15 1158 74.03%
0 0 24.7323 36 94.3483 LiftProj:11 1187 73.79%
0 0 24.9088 36 94.3483 LiftProj:10 1206 73.60%
0 0 25.1529 36 94.3483 LiftProj:12 1233 73.34%
0 0 25.1914 36 94.3483 LiftProj:11 1246 73.30%
0 0 25.2297 37 94.3483 LiftProj:8 1263 73.26%
0 0 25.2851 37 94.3483 LiftProj:18 1290 73.20%
0 0 25.3772 37 94.3483 LiftProj:7 1305 73.10%
0 0 25.6339 34 94.3483 LiftProj:9 1344 72.83%
0+ 0 nan nan 88.5305 25.6339 nan 71.05%
0 0 25.6619 36 88.5305 LiftProj:14 1368 71.01%
0 0 25.7000 37 88.5305 LiftProj:9 1386 70.97%
0 0 25.7783 36 88.5305 LiftProj:10 1408 70.88%
0 0 25.8997 36 88.5305 LiftProj:14 1435 70.74%
0 0 26.1374 36 88.5305 LiftProj:11 1464 70.48%
0 0 26.2003 36 88.5305 LiftProj:10 1489 70.41%
0 0 26.2777 35 88.5305 LiftProj:8 1509 70.32%
0 0 26.3267 37 88.5305 LiftProj:10 1524 70.26%
0 0 26.3662 37 88.5305 LiftProj:12 1538 70.22%
0 0 26.7114 37 88.5305 LiftProj:9 1566 69.83%
0 0 26.8772 36 88.5305 LiftProj:8 1590 69.64%
0 0 26.8949 35 88.5305 LiftProj:6 1603 69.62%
0 0 26.9124 36 88.5305 LiftProj:7 1616 69.60%
0 0 26.9641 37 88.5305 LiftProj:7 1635 69.54%
0 0 27.0150 36 88.5305 LiftProj:15 1658 69.49%
0 0 27.1109 36 88.5305 Cuts:8 1685 69.38%
0 0 27.1634 35 88.5305 LiftProj:12 1711 69.32%
0 0 27.1963 37 88.5305 LiftProj:11 1730 69.28%
0 0 27.2406 37 88.5305 LiftProj:13 1750 69.23%
0 0 27.2922 35 88.5305 LiftProj:9 1774 69.17%
0 0 27.3144 36 88.5305 LiftProj:5 1795 69.15%
0 0 27.3185 36 88.5305 LiftProj:3 1805 69.14%
0 0 27.3632 36 88.5305 LiftProj:8 1826 69.09%
0 0 27.3884 37 88.5305 LiftProj:7 1842 69.06%
0 0 27.4183 37 88.5305 LiftProj:8 1860 69.03%
0 0 27.4462 36 88.5305 LiftProj:6 1875 69.00%
0 0 27.4650 36 88.5305 LiftProj:14 1897 68.98%
0+ 0 nan nan 82.8351 27.4650 nan 66.84%
0+ 0 nan nan 68.2185 27.4650 nan 59.74%
0 2 27.4650 36 68.2185 27.4672 1897 59.74%
CPXPARAM_MIP_Cuts_LiftProj-Gomory-Disjunctive:LiftProj 59
CPXPARAM_MIP_Cuts_LiftProj-Gomory-Disjunctive:Gomory 0
CPXPARAM_MIP_Cuts_LiftProj-Gomory-Disjunctive:Disjunctive 0
13
Node Left Objective IInf Best_Integer Best_Bound ItCnt Gap
0+ 0 nan nan 110.3567 0.0000 nan 100.00%
0+ 0 nan nan 96.6816 0.0000 nan 100.00%
0 0 0.0000 27 96.6816 0.0000 129 100.00%
0+ 0 nan nan 73.2319 0.0000 nan 100.00%
0 0 0.0000 21 73.2319 Cuts:8 140 100.00%
0 0 0.0000 22 73.2319 Cuts:26 192 100.00%
0+ 0 nan nan 53.5950 0.0000 nan 100.00%
0 0 0.0000 22 53.5950 Fract:3 197 100.00%
0+ 0 nan nan 43.2248 0.0000 nan 100.00%
0 2 0.0000 21 43.2248 0.0000 197 100.00%
CPXPARAM_MIP_Cuts_LiftProj-Gomory-Disjunctive:LiftProj 0
CPXPARAM_MIP_Cuts_LiftProj-Gomory-Disjunctive:Gomory 0
CPXPARAM_MIP_Cuts_LiftProj-Gomory-Disjunctive:Disjunctive 0
14
Node Left Objective IInf Best_Integer Best_Bound ItCnt Gap
0+ 0 nan nan 110.3567 0.0000 nan 100.00%
0+ 0 nan nan 82.1268 0.0000 nan 100.00%
0 0 0.0000 23 82.1268 0.0000 134 100.00%
0 0 2.8572 25 82.1268 Cuts:33 211 96.52%
0 0 8.6275 27 82.1268 Cuts:47 258 89.49%
0 0 10.4008 28 82.1268 Cuts:23 284 87.34%
0 0 11.7267 26 82.1268 Cuts:30 319 85.72%
0 0 13.9195 26 82.1268 Cuts:25 359 83.05%
0 0 15.2913 28 82.1268 Cuts:16 397 81.38%
0 0 15.5323 29 82.1268 Cuts:11 412 81.09%
0 0 16.4595 26 82.1268 Cuts:18 436 79.96%
0 0 16.9688 30 82.1268 Cuts:16 455 79.34%
0 0 17.6171 30 82.1268 LiftProj:11 480 78.55%
0 0 18.2787 30 82.1268 LiftProj:13 510 77.74%
0 0 18.9269 31 82.1268 Cuts:12 531 76.95%
0 0 19.6922 30 82.1268 LiftProj:12 553 76.02%
0+ 0 nan nan 80.0079 19.6922 nan 75.39%
0 0 20.0503 31 80.0079 LiftProj:14 573 74.94%
0 0 20.9590 29 80.0079 LiftProj:13 616 73.80%
0 0 21.1374 30 80.0079 LiftProj:13 640 73.58%
0 0 21.3826 31 80.0079 LiftProj:13 662 73.27%
0 0 21.4946 30 80.0079 LiftProj:11 678 73.13%
0 0 21.6252 31 80.0079 LiftProj:10 698 72.97%
0 0 21.8062 30 80.0079 LiftProj:7 718 72.74%
0 0 22.2855 30 80.0079 LiftProj:11 745 72.15%
0 0 22.4408 32 80.0079 LiftProj:10 763 71.95%
0 0 22.5878 32 80.0079 LiftProj:8 779 71.77%
0 0 22.8030 32 80.0079 LiftProj:12 807 71.50%
0 0 22.9439 31 80.0079 LiftProj:11 831 71.32%
0 0 23.1138 31 80.0079 LiftProj:11 854 71.11%
0 0 23.2277 31 80.0079 LiftProj:9 871 70.97%
0 0 23.2966 31 80.0079 LiftProj:12 886 70.88%
0 0 23.4365 31 80.0079 LiftProj:8 906 70.71%
0 0 23.5615 32 80.0079 LiftProj:8 923 70.55%
0 0 23.6449 32 80.0079 LiftProj:8 943 70.45%
0 0 24.0117 30 80.0079 Cuts:12 972 69.99%
0 0 24.0898 32 80.0079 LiftProj:9 988 69.89%
0 0 24.1191 31 80.0079 LiftProj:11 1007 69.85%
0 0 24.1944 32 80.0079 LiftProj:9 1028 69.76%
0 0 24.2643 32 80.0079 LiftProj:10 1048 69.67%
0 0 24.4432 32 80.0079 LiftProj:16 1074 69.45%
0 0 24.4727 32 80.0079 LiftProj:7 1092 69.41%
0 0 24.5584 32 80.0079 LiftProj:13 1116 69.31%
0 0 24.6442 32 80.0079 LiftProj:7 1139 69.20%
0 0 24.7095 32 80.0079 LiftProj:10 1162 69.12%
0 0 24.9844 31 80.0079 LiftProj:11 1190 68.77%
0+ 0 nan nan 72.9416 24.9844 nan 65.75%
0 0 25.1779 31 72.9416 LiftProj:9 1213 65.48%
0 0 25.3174 32 72.9416 LiftProj:11 1232 65.29%
0 0 25.3619 31 72.9416 LiftProj:9 1249 65.23%
0 0 25.4181 31 72.9416 LiftProj:10 1270 65.15%
0 0 25.4503 32 72.9416 LiftProj:9 1285 65.11%
0 0 25.5054 31 72.9416 LiftProj:6 1307 65.03%
0 0 25.5465 32 72.9416 LiftProj:8 1323 64.98%
0 0 25.6143 32 72.9416 LiftProj:11 1347 64.88%
0 0 25.6486 32 72.9416 LiftProj:8 1371 64.84%
0 0 25.6615 32 72.9416 LiftProj:10 1382 64.82%
0 0 25.6829 32 72.9416 LiftProj:8 1397 64.79%
0 0 25.7011 32 72.9416 LiftProj:7 1415 64.76%
0 0 25.7409 32 72.9416 LiftProj:6 1437 64.71%
0 0 25.7568 32 72.9416 LiftProj:8 1453 64.69%
0 0 25.7649 33 72.9416 LiftProj:5 1467 64.68%
0+ 0 nan nan 52.6008 25.7649 nan 51.02%
0 2 25.7649 33 52.6008 25.7650 1467 51.02%
CPXPARAM_MIP_Cuts_LiftProj-Gomory-Disjunctive:LiftProj 50
CPXPARAM_MIP_Cuts_LiftProj-Gomory-Disjunctive:Gomory 0
CPXPARAM_MIP_Cuts_LiftProj-Gomory-Disjunctive:Disjunctive 2
15
Node Left Objective IInf Best_Integer Best_Bound ItCnt Gap
0+ 0 nan nan 110.3567 0.0000 nan 100.00%
0+ 0 nan nan 82.1268 0.0000 nan 100.00%
0 0 0.0000 23 82.1268 0.0000 126 100.00%
0+ 0 nan nan 37.4097 0.0000 nan 100.00%
0 0 0.0000 17 37.4097 Cuts:5 133 100.00%
0 0 0.0000 17 37.4097 Cuts:20 167 100.00%
0 0 0.0000 17 37.4097 Cuts:9 172 100.00%
0+ 0 nan nan 36.9275 0.0000 nan 100.00%
0 2 0.0000 16 36.9275 0.0000 172 100.00%
CPXPARAM_MIP_Cuts_LiftProj-Gomory-Disjunctive:LiftProj 0
CPXPARAM_MIP_Cuts_LiftProj-Gomory-Disjunctive:Gomory 0
CPXPARAM_MIP_Cuts_LiftProj-Gomory-Disjunctive:Disjunctive 0
16
Node Left Objective IInf Best_Integer Best_Bound ItCnt Gap
0+ 0 nan nan 109.2984 0.0000 nan 100.00%
0+ 0 nan nan 97.6971 0.0000 nan 100.00%
0 0 0.0000 27 97.6971 0.0000 150 100.00%
0 0 9.1626 31 97.6971 Cuts:35 225 90.62%
0 0 12.4374 33 97.6971 Cuts:45 281 87.27%
0 0 14.9072 33 97.6971 Cuts:41 339 84.74%
0 0 16.0888 34 97.6971 Cuts:31 379 83.53%
0 0 17.9545 35 97.6971 Cuts:38 426 81.62%
0 0 18.3477 34 97.6971 LiftProj:13 449 81.22%
0 0 18.6884 36 97.6971 Cuts:17 476 80.87%
0+ 0 nan nan 95.1823 18.6884 nan 80.37%
0 0 18.9839 36 95.1823 Cuts:17 499 80.06%
0 0 19.3980 35 95.1823 Cuts:18 525 79.62%
0 0 19.9844 36 95.1823 Cuts:15 551 79.00%
0 0 20.0756 35 95.1823 Cuts:13 562 78.91%
0 0 20.4723 35 95.1823 Cuts:16 590 78.49%
0 0 20.8151 34 95.1823 LiftProj:12 612 78.13%
0 0 21.0809 36 95.1823 Cuts:21 631 77.85%
0 0 21.5503 34 95.1823 LiftProj:15 664 77.36%
0 0 21.8588 34 95.1823 LiftProj:21 683 77.03%
0 0 22.1056 37 95.1823 Cuts:13 710 76.78%
0 0 22.6945 37 95.1823 Cuts:16 753 76.16%
0+ 0 nan nan 85.3757 22.6945 nan 73.42%
0 0 23.2359 37 85.3757 LiftProj:16 773 72.78%
0 0 24.1451 34 85.3757 Cuts:15 806 71.72%
0 0 24.7512 33 85.3757 LiftProj:13 823 71.01%
0 0 25.0672 36 85.3757 LiftProj:14 838 70.64%
0 0 25.3966 33 85.3757 Cuts:18 864 70.25%
0 0 25.8286 34 85.3757 LiftProj:10 886 69.75%
0+ 0 nan nan 83.2114 25.8286 nan 68.96%
0 0 26.4548 34 83.2114 LiftProj:9 914 68.21%
0 0 26.5187 34 83.2114 LiftProj:12 927 68.13%
0 0 26.6762 35 83.2114 LiftProj:12 947 67.94%
0 0 26.7995 35 83.2114 Cuts:14 960 67.79%
0 0 27.0169 35 83.2114 LiftProj:26 988 67.53%
0 0 27.0679 36 83.2114 LiftProj:13 1007 67.47%
0 0 27.0839 36 83.2114 LiftProj:9 1021 67.45%
0 0 27.1481 36 83.2114 LiftProj:9 1046 67.37%
0 0 27.2259 34 83.2114 LiftProj:11 1068 67.28%
0 0 27.3573 37 83.2114 LiftProj:14 1095 67.12%
0 0 27.7021 36 83.2114 LiftProj:16 1119 66.71%
0 0 28.0411 37 83.2114 LiftProj:10 1146 66.30%
0 0 28.3965 37 83.2114 LiftProj:11 1165 65.87%
0 0 28.7690 36 83.2114 LiftProj:16 1200 65.43%
0 0 28.8066 36 83.2114 LiftProj:8 1209 65.38%
0 0 29.0022 34 83.2114 LiftProj:12 1237 65.15%
0 0 29.0837 34 83.2114 LiftProj:16 1252 65.05%
0 0 29.1805 36 83.2114 LiftProj:18 1271 64.93%
0 0 29.3237 35 83.2114 LiftProj:15 1295 64.76%
0 0 29.3475 35 83.2114 LiftProj:11 1307 64.73%
0 0 29.3794 37 83.2114 LiftProj:10 1329 64.69%
0 0 29.5994 36 83.2114 LiftProj:13 1355 64.43%
0 0 29.7845 37 83.2114 LiftProj:12 1381 64.21%
0 0 29.7845 37 83.2114 LiftProj:9 1385 64.21%
0 0 29.9078 36 83.2114 LiftProj:9 1403 64.06%
0 0 29.9078 36 83.2114 LiftProj:5 1404 64.06%
0+ 0 nan nan 69.0362 29.9078 nan 56.68%
0 2 29.9078 36 69.0362 29.9117 1404 56.67%
CPXPARAM_MIP_Cuts_LiftProj-Gomory-Disjunctive:LiftProj 49
CPXPARAM_MIP_Cuts_LiftProj-Gomory-Disjunctive:Gomory 0
CPXPARAM_MIP_Cuts_LiftProj-Gomory-Disjunctive:Disjunctive 2
17
Node Left Objective IInf Best_Integer Best_Bound ItCnt Gap
0+ 0 nan nan 109.2984 0.0000 nan 100.00%
0+ 0 nan nan 97.6971 0.0000 nan 100.00%
0 0 0.0000 27 97.6971 0.0000 125 100.00%
0+ 0 nan nan 71.0845 0.0000 nan 100.00%
0 0 0.0000 21 71.0845 Disjcuts:1 130 100.00%
0+ 0 nan nan 59.5187 0.0000 nan 100.00%
0 0 0.0000 22 59.5187 Cuts:29 150 100.00%
0+ 0 nan nan 51.9458 0.0000 nan 100.00%
0+ 0 nan nan 38.8584 0.0000 nan 100.00%
0 2 0.0000 21 38.8584 0.0000 150 100.00%
CPXPARAM_MIP_Cuts_LiftProj-Gomory-Disjunctive:LiftProj 0
CPXPARAM_MIP_Cuts_LiftProj-Gomory-Disjunctive:Gomory 0
CPXPARAM_MIP_Cuts_LiftProj-Gomory-Disjunctive:Disjunctive 0
18
Node Left Objective IInf Best_Integer Best_Bound ItCnt Gap
0+ 0 nan nan 109.2984 0.0000 nan 100.00%
0+ 0 nan nan 86.6088 0.0000 nan 100.00%
0 0 11.3010 19 86.6088 11.3010 155 86.95%
0 0 15.5373 21 86.6088 Cuts:26 187 82.06%
0 0 18.9471 26 86.6088 Cuts:30 217 78.12%
0 0 21.3398 25 86.6088 Cuts:31 261 75.36%
0 0 23.1624 26 86.6088 Cuts:23 302 73.26%
0 0 24.1672 29 86.6088 Cuts:27 337 72.10%
0 0 24.7608 28 86.6088 LiftProj:13 360 71.41%
0 0 25.4514 28 86.6088 Cuts:13 378 70.61%
0 0 25.7084 30 86.6088 LiftProj:11 389 70.32%
0 0 26.8547 31 86.6088 LiftProj:11 416 68.99%
0 0 27.6658 29 86.6088 Cuts:12 450 68.06%
0 0 27.9396 30 86.6088 LiftProj:13 475 67.74%
0 0 28.5947 30 86.6088 LiftProj:12 508 66.98%
0 0 28.8861 26 86.6088 LiftProj:18 535 66.65%
0 0 29.0385 30 86.6088 LiftProj:13 559 66.47%
0 0 29.1945 31 86.6088 LiftProj:12 579 66.29%
0 0 29.8228 32 86.6088 LiftProj:11 602 65.57%
0 0 30.1373 30 86.6088 Cuts:11 630 65.20%
0 0 30.5407 29 86.6088 Cuts:19 657 64.74%
0 0 31.0672 31 86.6088 Cuts:22 689 64.13%
0 0 31.2184 30 86.6088 LiftProj:11 717 63.95%
0 0 31.4686 31 86.6088 LiftProj:10 746 63.67%
0 0 31.5175 31 86.6088 Cuts:13 757 63.61%
0 0 32.1942 30 86.6088 LiftProj:12 792 62.83%
0 0 32.3914 31 86.6088 Cuts:12 810 62.60%
0 0 32.8363 32 86.6088 LiftProj:14 838 62.09%
0 0 32.9989 31 86.6088 LiftProj:12 866 61.90%
0 0 33.2009 31 86.6088 LiftProj:11 893 61.67%
0+ 0 nan nan 76.2078 33.2009 nan 56.43%
0 0 33.3269 30 76.2078 LiftProj:10 919 56.27%
0 0 33.4604 32 76.2078 LiftProj:18 940 56.09%
0 0 33.6013 32 76.2078 Cuts:9 963 55.91%
0 0 33.6859 32 76.2078 LiftProj:6 979 55.80%
0 0 33.7087 32 76.2078 Cuts:12 991 55.77%
0 0 33.7799 32 76.2078 LiftProj:13 1004 55.67%
0 0 33.8256 32 76.2078 Cuts:10 1020 55.61%
0 0 33.9162 32 76.2078 LiftProj:12 1039 55.50%
0 0 34.0178 32 76.2078 LiftProj:10 1065 55.36%
0 0 34.0319 32 76.2078 LiftProj:10 1076 55.34%
0 0 34.0759 32 76.2078 Cuts:14 1101 55.29%
0 0 34.1484 31 76.2078 LiftProj:10 1123 55.19%
0 0 34.3360 31 76.2078 LiftProj:12 1146 54.94%
0 0 34.5681 32 76.2078 LiftProj:11 1174 54.64%
0 0 34.7010 32 76.2078 LiftProj:12 1193 54.47%
0 0 34.7803 32 76.2078 LiftProj:8 1210 54.36%
0 0 34.8502 32 76.2078 Cuts:5 1222 54.27%
0 0 34.9519 32 76.2078 LiftProj:11 1242 54.14%
0 0 35.0517 31 76.2078 LiftProj:12 1266 54.01%
0 0 35.1027 31 76.2078 LiftProj:9 1279 53.94%
0 0 35.1596 32 76.2078 LiftProj:11 1297 53.86%
0 0 35.1993 32 76.2078 Cuts:9 1310 53.81%
0 0 35.2348 32 76.2078 LiftProj:10 1326 53.76%
0 0 35.3218 32 76.2078 LiftProj:11 1356 53.65%
0 0 35.4235 32 76.2078 LiftProj:10 1378 53.52%
0 0 35.4460 32 76.2078 LiftProj:11 1395 53.49%
0 0 35.5207 32 76.2078 LiftProj:11 1409 53.39%
0 0 35.5337 32 76.2078 LiftProj:6 1422 53.37%
0 0 35.7356 32 76.2078 LiftProj:8 1461 53.11%
0 0 35.7512 32 76.2078 LiftProj:7 1473 53.09%
0+ 0 nan nan 57.5774 35.7512 nan 37.91%
0 2 35.7512 32 57.5774 35.7521 1473 37.91%
CPXPARAM_MIP_Cuts_LiftProj-Gomory-Disjunctive:LiftProj 51
CPXPARAM_MIP_Cuts_LiftProj-Gomory-Disjunctive:Gomory 0
CPXPARAM_MIP_Cuts_LiftProj-Gomory-Disjunctive:Disjunctive 1
19
Node Left Objective IInf Best_Integer Best_Bound ItCnt Gap
0+ 0 nan nan 109.2984 0.0000 nan 100.00%
0+ 0 nan nan 86.6088 0.0000 nan 100.00%
0 0 0.0000 23 86.6088 0.0000 119 100.00%
0+ 0 nan nan 49.5540 0.0000 nan 100.00%
0 0 0.0000 17 49.5540 Cuts:7 131 100.00%
0 0 0.0000 17 49.5540 Cuts:23 186 100.00%
0 0 0.0000 18 49.5540 Cuts:4 196 100.00%
0+ 0 nan nan 48.3321 0.0000 nan 100.00%
0+ 0 nan nan 39.3286 0.0000 nan 100.00%
0+ 0 nan nan 32.8388 0.0000 nan 100.00%
0 2 0.0000 15 32.8388 0.0000 196 100.00%
CPXPARAM_MIP_Cuts_LiftProj-Gomory-Disjunctive:LiftProj 0
CPXPARAM_MIP_Cuts_LiftProj-Gomory-Disjunctive:Gomory 0
CPXPARAM_MIP_Cuts_LiftProj-Gomory-Disjunctive:Disjunctive 0
20
Node Left Objective IInf Best_Integer Best_Bound ItCnt Gap
0+ 0 nan nan 93.3792 0.0000 nan 100.00%
0+ 0 nan nan 84.6822 0.0000 nan 100.00%
0 0 0.0000 27 84.6822 0.0000 133 100.00%
0+ 0 nan nan 52.3615 0.0000 nan 100.00%
0 0 6.8417 28 52.3615 Cuts:33 219 86.93%
0 0 8.8077 26 52.3615 Cuts:34 262 83.18%
0 0 9.2324 31 52.3615 Cuts:24 287 82.37%
0 0 11.7288 28 52.3615 Cuts:35 346 77.60%
0 0 13.7443 30 52.3615 Cuts:29 391 73.75%
0 0 14.0716 30 52.3615 Cuts:12 408 73.13%
0 0 14.1095 31 52.3615 LiftProj:11 417 73.05%
0 0 14.2758 30 52.3615 LiftProj:16 430 72.74%
0 0 14.4035 32 52.3615 LiftProj:11 447 72.49%
0 0 14.4831 33 52.3615 LiftProj:12 460 72.34%
0 0 15.0913 32 52.3615 LiftProj:12 493 71.18%
0 0 15.4194 33 52.3615 LiftProj:12 514 70.55%
0 0 15.8198 34 52.3615 Cuts:15 539 69.79%
0 0 16.1050 33 52.3615 LiftProj:15 563 69.24%
0 0 16.3603 33 52.3615 LiftProj:14 580 68.76%
0 0 16.4810 35 52.3615 LiftProj:11 594 68.52%
0 0 16.8225 34 52.3615 LiftProj:8 618 67.87%
0 0 17.1516 35 52.3615 LiftProj:11 632 67.24%
0 0 17.6270 32 52.3615 Cuts:12 657 66.34%
0 0 17.8544 32 52.3615 LiftProj:14 681 65.90%
0 0 18.0906 35 52.3615 LiftProj:14 709 65.45%
0 0 18.2992 33 52.3615 LiftProj:10 736 65.05%
0 0 18.4940 34 52.3615 LiftProj:13 758 64.68%
0 0 19.0146 35 52.3615 LiftProj:12 801 63.69%
0 0 19.2632 34 52.3615 LiftProj:11 825 63.21%
0 0 19.3611 35 52.3615 LiftProj:11 838 63.02%
0 0 19.5756 35 52.3615 Cuts:15 861 62.61%
0 0 19.9514 32 52.3615 LiftProj:13 902 61.90%
0 0 20.3311 34 52.3615 LiftProj:10 928 61.17%
0 0 20.4663 34 52.3615 LiftProj:10 953 60.91%
0 0 20.5106 36 52.3615 LiftProj:10 977 60.83%
0 0 20.6365 35 52.3615 LiftProj:9 1014 60.59%
0 0 20.7726 36 52.3615 LiftProj:8 1042 60.33%
0 0 20.9491 36 52.3615 LiftProj:13 1072 59.99%
0 0 21.0028 34 52.3615 LiftProj:6 1088 59.89%
0 0 21.0518 36 52.3615 LiftProj:8 1102 59.80%
0 0 21.1866 37 52.3615 LiftProj:12 1133 59.54%
0 0 21.3181 34 52.3615 LiftProj:11 1164 59.29%
0 0 21.3528 36 52.3615 LiftProj:10 1180 59.22%
0 0 21.4368 35 52.3615 LiftProj:10 1204 59.06%
0 0 21.4599 36 52.3615 LiftProj:8 1219 59.02%
0 0 21.5692 35 52.3615 LiftProj:7 1247 58.81%
0 0 21.6407 36 52.3615 LiftProj:7 1267 58.67%
0 0 21.7516 33 52.3615 LiftProj:8 1286 58.46%
0 0 21.8200 36 52.3615 LiftProj:10 1313 58.33%
0 0 21.8814 35 52.3615 LiftProj:6 1333 58.21%
0 0 21.9862 36 52.3615 LiftProj:9 1361 58.01%
0 0 22.0524 34 52.3615 LiftProj:6 1376 57.88%
0 0 22.2276 34 52.3615 LiftProj:10 1404 57.55%
0 0 22.2700 36 52.3615 LiftProj:8 1424 57.47%
0 0 22.2745 36 52.3615 LiftProj:7 1434 57.46%
0 0 22.3246 37 52.3615 LiftProj:9 1455 57.36%
0 0 22.3628 38 52.3615 LiftProj:9 1476 57.29%
0 0 22.4931 36 52.3615 LiftProj:6 1509 57.04%
0 0 22.5220 35 52.3615 LiftProj:6 1526 56.99%
0 0 22.5535 34 52.3615 LiftProj:10 1548 56.93%
0 0 22.5603 34 52.3615 LiftProj:5 1558 56.91%
0+ 0 nan nan 41.5949 22.5603 nan 45.76%
0+ 0 nan nan 38.2166 22.5603 nan 40.97%
0 2 22.5603 34 38.2166 22.5610 1558 40.97%
CPXPARAM_MIP_Cuts_LiftProj-Gomory-Disjunctive:LiftProj 47
CPXPARAM_MIP_Cuts_LiftProj-Gomory-Disjunctive:Gomory 0
CPXPARAM_MIP_Cuts_LiftProj-Gomory-Disjunctive:Disjunctive 0
21
Node Left Objective IInf Best_Integer Best_Bound ItCnt Gap
0+ 0 nan nan 93.3792 0.0000 nan 100.00%
0+ 0 nan nan 84.6822 0.0000 nan 100.00%
0 0 0.0000 27 84.6822 0.0000 121 100.00%
0+ 0 nan nan 33.7589 0.0000 nan 100.00%
0 0 0.0000 21 33.7589 Cuts:9 138 100.00%
0+ 0 nan nan 30.6520 0.0000 nan 100.00%
0 0 0.0000 20 30.6520 Cuts:25 195 100.00%
0 0 0.0000 19 30.6520 Fract:2 211 100.00%
0+ 0 nan nan 22.9449 0.0000 nan 100.00%
0+ 0 nan nan 16.5054 0.0000 nan 100.00%
0 2 0.0000 18 16.5054 0.0000 211 100.00%
CPXPARAM_MIP_Cuts_LiftProj-Gomory-Disjunctive:LiftProj 0
CPXPARAM_MIP_Cuts_LiftProj-Gomory-Disjunctive:Gomory 1
CPXPARAM_MIP_Cuts_LiftProj-Gomory-Disjunctive:Disjunctive 0
22
Node Left Objective IInf Best_Integer Best_Bound ItCnt Gap
0+ 0 nan nan 93.3792 0.0000 nan 100.00%
0+ 0 nan nan 77.4137 0.0000 nan 100.00%
0 0 0.0000 23 77.4137 0.0000 135 100.00%
0+ 0 nan nan 51.5425 0.0000 nan 100.00%
0 0 4.5108 22 51.5425 Cuts:23 168 91.25%
0 0 9.1005 26 51.5425 Cuts:28 202 82.34%
0 0 10.4882 27 51.5425 Cuts:18 249 79.65%
0+ 0 nan nan 51.0854 10.4882 nan 79.47%
0 0 11.5053 28 51.0854 Cuts:18 295 77.48%
0 0 13.0778 25 51.0854 Cuts:25 333 74.40%
0 0 13.3420 28 51.0854 Cuts:12 354 73.88%
0 0 13.5299 28 51.0854 LiftProj:9 373 73.52%
0 0 13.6925 31 51.0854 Cuts:15 392 73.20%
0 0 14.2136 29 51.0854 LiftProj:10 430 72.18%
0 0 14.4595 28 51.0854 LiftProj:13 445 71.70%
0 0 14.7336 26 51.0854 Cuts:11 463 71.16%
0 0 15.2071 29 51.0854 Cuts:14 487 70.23%
0 0 15.2468 30 51.0854 LiftProj:9 501 70.15%
0 0 15.5420 30 51.0854 LiftProj:11 524 69.58%
0 0 15.8323 27 51.0854 LiftProj:11 553 69.01%
0 0 15.9386 26 51.0854 LiftProj:8 573 68.80%
0 0 16.1119 30 51.0854 LiftProj:10 595 68.46%
0 0 16.7642 29 51.0854 LiftProj:10 634 67.18%
0 0 17.2158 31 51.0854 LiftProj:11 663 66.30%
0 0 17.8327 29 51.0854 Cuts:13 700 65.09%
0 0 18.1776 29 51.0854 LiftProj:11 723 64.42%
0 0 18.4217 28 51.0854 LiftProj:10 744 63.94%
0 0 18.5332 31 51.0854 LiftProj:9 761 63.72%
0 0 18.6902 29 51.0854 LiftProj:9 789 63.41%
0 0 18.7986 30 51.0854 LiftProj:12 815 63.20%
0 0 19.0219 27 51.0854 LiftProj:11 832 62.76%
0 0 19.1634 31 51.0854 LiftProj:11 857 62.49%
0 0 19.5777 31 51.0854 LiftProj:7 887 61.68%
0 0 20.0956 31 51.0854 LiftProj:10 932 60.66%
0+ 0 nan nan 41.2442 20.0956 nan 51.28%
0 0 20.2655 31 41.2442 LiftProj:7 955 50.86%
0 0 20.3541 30 41.2442 LiftProj:8 972 50.65%
0 0 20.4210 31 41.2442 LiftProj:6 980 50.49%
0 0 20.4649 30 41.2442 LiftProj:9 998 50.38%
0 0 20.4841 32 41.2442 LiftProj:7 1013 50.33%
0 0 20.5333 30 41.2442 LiftProj:7 1030 50.22%
0 0 20.5539 30 41.2442 LiftProj:8 1046 50.17%
0+ 0 nan nan 38.5442 20.5539 nan 46.67%
0 0 20.5539 30 38.5442 LiftProj:3 1048 46.67%
0 0 20.6019 31 38.5442 LiftProj:5 1065 46.55%
0 0 20.6521 31 38.5442 LiftProj:8 1078 46.42%
0 0 20.7345 29 38.5442 LiftProj:10 1097 46.21%
0 0 20.7589 31 38.5442 LiftProj:7 1110 46.14%
0 0 20.8166 32 38.5442 LiftProj:8 1130 45.99%
0 0 20.8455 31 38.5442 LiftProj:7 1147 45.92%
0 0 20.9862 31 38.5442 LiftProj:10 1173 45.55%
0 0 21.1288 32 38.5442 LiftProj:8 1203 45.18%
0 0 21.1456 32 38.5442 LiftProj:7 1211 45.14%
0 0 21.3590 31 38.5442 LiftProj:9 1237 44.59%
0 0 21.4341 32 38.5442 LiftProj:7 1254 44.39%
0 0 21.5763 31 38.5442 LiftProj:9 1270 44.02%
0 0 21.7227 32 38.5442 LiftProj:10 1294 43.64%
0 0 21.8993 32 38.5442 LiftProj:11 1328 43.18%
0 0 21.9893 29 38.5442 LiftProj:11 1355 42.95%
0 0 22.0638 32 38.5442 LiftProj:9 1378 42.76%
0 0 22.0835 32 38.5442 LiftProj:5 1400 42.71%
0 0 22.0835 32 38.5442 LiftProj:2 1402 42.71%
0+ 0 nan nan 31.5767 22.0835 nan 30.06%
0+ 0 nan nan 29.9751 22.0835 nan 26.33%
0 2 22.1960 29 29.9751 22.1996 1402 25.94%
CPXPARAM_MIP_Cuts_LiftProj-Gomory-Disjunctive:LiftProj 45
CPXPARAM_MIP_Cuts_LiftProj-Gomory-Disjunctive:Gomory 0
CPXPARAM_MIP_Cuts_LiftProj-Gomory-Disjunctive:Disjunctive 0
23
Node Left Objective IInf Best_Integer Best_Bound ItCnt Gap
0+ 0 nan nan 93.3792 0.0000 nan 100.00%
0+ 0 nan nan 77.4137 0.0000 nan 100.00%
0 0 0.0000 22 77.4137 0.0000 123 100.00%
0+ 0 nan nan 44.2766 0.0000 nan 100.00%
0+ 0 nan nan 39.2549 0.0000 nan 100.00%
0+ 0 nan nan 29.4715 0.0000 nan 100.00%
0+ 0 nan nan 24.9683 0.0000 nan 100.00%
0 2 0.0000 16 24.9683 0.0000 123 100.00%
CPXPARAM_MIP_Cuts_LiftProj-Gomory-Disjunctive:LiftProj 0
CPXPARAM_MIP_Cuts_LiftProj-Gomory-Disjunctive:Gomory 0
CPXPARAM_MIP_Cuts_LiftProj-Gomory-Disjunctive:Disjunctive 0
24
Node Left Objective IInf Best_Integer Best_Bound ItCnt Gap
0+ 0 nan nan 94.5045 0.0000 nan 100.00%
0+ 0 nan nan 83.7373 0.0000 nan 100.00%
0 0 0.0000 27 83.7373 0.0000 149 100.00%
0+ 0 nan nan 83.3613 0.0000 nan 100.00%
0 0 3.9655 28 83.3613 Cuts:26 206 95.24%
0 0 9.6756 30 83.3613 Cuts:42 256 88.39%
0 0 13.5874 27 83.3613 Cuts:37 324 83.70%
0 0 15.3960 31 83.3613 Cuts:31 376 81.53%
0 0 16.1063 28 83.3613 Cuts:28 410 80.68%
0 0 16.6931 31 83.3613 Cuts:9 442 79.98%
0+ 0 nan nan 79.0178 16.6931 nan 78.87%
0 0 16.7797 31 79.0178 Cuts:11 457 78.76%
0 0 16.8166 33 79.0178 Cuts:10 470 78.72%
0 0 17.2166 32 79.0178 LiftProj:10 501 78.21%
0 0 17.4421 32 79.0178 LiftProj:8 517 77.93%
0 0 17.5189 33 79.0178 LiftProj:11 538 77.83%
0 0 17.5511 35 79.0178 Cuts:13 546 77.79%
0 0 18.2131 32 79.0178 LiftProj:13 576 76.95%
0 0 18.2672 33 79.0178 Cuts:12 590 76.88%
0 0 18.6212 34 79.0178 Cuts:11 620 76.43%
0 0 18.7771 34 79.0178 LiftProj:9 642 76.24%
0 0 19.1062 34 79.0178 Cuts:12 663 75.82%
0 0 19.1820 34 79.0178 LiftProj:10 678 75.72%
0 0 19.2748 34 79.0178 LiftProj:10 695 75.61%
0 0 19.7600 35 79.0178 LiftProj:12 722 74.99%
0+ 0 nan nan 73.6072 19.7600 nan 73.15%
0 0 19.7777 35 73.6072 LiftProj:14 729 73.13%
0 0 19.9944 34 73.6072 LiftProj:7 754 72.84%
0 0 20.5103 34 73.6072 LiftProj:13 800 72.14%
0 0 20.6216 35 73.6072 LiftProj:8 817 71.98%
0 0 20.9245 34 73.6072 LiftProj:8 845 71.57%
0 0 21.0131 35 73.6072 LiftProj:9 866 71.45%
0 0 21.1908 35 73.6072 LiftProj:12 888 71.21%
0 0 21.2730 36 73.6072 LiftProj:9 908 71.10%
0 0 21.4083 36 73.6072 LiftProj:8 940 70.92%
0 0 21.8420 35 73.6072 LiftProj:7 970 70.33%
0 0 22.0352 34 73.6072 LiftProj:15 990 70.06%
0 0 22.1169 36 73.6072 LiftProj:10 1008 69.95%
0 0 22.1618 35 73.6072 LiftProj:9 1026 69.89%
0 0 22.2263 33 73.6072 LiftProj:8 1046 69.80%
0 0 22.6746 34 73.6072 LiftProj:11 1088 69.20%
0 0 22.9213 32 73.6072 LiftProj:12 1114 68.86%
0 0 23.0484 35 73.6072 LiftProj:10 1138 68.69%
0 0 23.1653 36 73.6072 LiftProj:11 1159 68.53%
0 0 23.3003 37 73.6072 LiftProj:8 1186 68.35%
0 0 23.4598 35 73.6072 LiftProj:12 1221 68.13%
0 0 23.5327 36 73.6072 LiftProj:6 1241 68.03%
0 0 23.6114 35 73.6072 LiftProj:6 1258 67.92%
0 0 23.6524 34 73.6072 LiftProj:6 1275 67.87%
0 0 23.7459 36 73.6072 LiftProj:10 1290 67.74%
0 0 23.8291 34 73.6072 LiftProj:7 1307 67.63%
0 0 23.8984 36 73.6072 LiftProj:9 1319 67.53%
0 0 23.9464 37 73.6072 LiftProj:7 1336 67.47%
0 0 24.2125 37 73.6072 LiftProj:7 1369 67.11%
0 0 24.2125 37 73.6072 LiftProj:6 1373 67.11%
0 0 24.5090 35 73.6072 LiftProj:7 1397 66.70%
0 0 24.5190 35 73.6072 LiftProj:8 1401 66.69%
0+ 0 nan nan 52.8309 24.5190 nan 53.59%
0 2 24.5190 35 52.8309 24.5338 1401 53.56%
CPXPARAM_MIP_Cuts_LiftProj-Gomory-Disjunctive:LiftProj 40
CPXPARAM_MIP_Cuts_LiftProj-Gomory-Disjunctive:Gomory 0
CPXPARAM_MIP_Cuts_LiftProj-Gomory-Disjunctive:Disjunctive 2
25
Node Left Objective IInf Best_Integer Best_Bound ItCnt Gap
0+ 0 nan nan 94.5045 0.0000 nan 100.00%
0+ 0 nan nan 83.7373 0.0000 nan 100.00%
0 0 0.0000 27 83.7373 0.0000 131 100.00%
0+ 0 nan nan 37.6521 0.0000 nan 100.00%
0 0 0.0000 19 37.6521 Disjcuts:1 143 100.00%
0 0 0.0000 21 37.6521 Cuts:14 183 100.00%
0 0 0.0000 21 37.6521 Cuts:12 218 100.00%
0+ 0 nan nan 26.7891 0.0000 nan 100.00%
0+ 0 nan nan 19.3949 0.0000 nan 100.00%
0 2 0.0000 18 19.3949 0.0000 218 100.00%
CPXPARAM_MIP_Cuts_LiftProj-Gomory-Disjunctive:LiftProj 1
CPXPARAM_MIP_Cuts_LiftProj-Gomory-Disjunctive:Gomory 0
CPXPARAM_MIP_Cuts_LiftProj-Gomory-Disjunctive:Disjunctive 1
26
Node Left Objective IInf Best_Integer Best_Bound ItCnt Gap
0+ 0 nan nan 94.5045 0.0000 nan 100.00%
0+ 0 nan nan 77.4984 0.0000 nan 100.00%
0 0 0.0000 23 77.4984 0.0000 128 100.00%
0+ 0 nan nan 57.4577 0.0000 nan 100.00%
0 0 4.4839 25 57.4577 Cuts:36 232 92.20%
0 0 10.9275 26 57.4577 Cuts:33 274 80.98%
0 0 13.1730 26 57.4577 Cuts:22 302 77.07%
0 0 15.3583 28 57.4577 Cuts:26 349 73.27%
0 0 16.4643 27 57.4577 Cuts:18 378 71.35%
0 0 16.7519 29 57.4577 LiftProj:11 392 70.84%
0 0 16.9533 29 57.4577 LiftProj:12 414 70.49%
0 0 17.2460 29 57.4577 Cuts:13 440 69.98%
0 0 18.6795 27 57.4577 Cuts:13 472 67.49%
0 0 18.7760 28 57.4577 Cuts:10 486 67.32%
0 0 18.8801 31 57.4577 LiftProj:11 503 67.14%
0 0 19.6439 26 57.4577 LiftProj:8 537 65.81%
0 0 20.0947 29 57.4577 LiftProj:11 553 65.03%
0 0 20.5367 28 57.4577 LiftProj:9 578 64.26%
0 0 20.9098 30 57.4577 LiftProj:10 615 63.61%
0 0 21.4238 30 57.4577 LiftProj:9 648 62.71%
0 0 21.5624 29 57.4577 LiftProj:10 666 62.47%
0 0 21.8724 30 57.4577 LiftProj:12 689 61.93%
0 0 22.4624 31 57.4577 Cuts:9 719 60.91%
0 0 22.9393 29 57.4577 LiftProj:11 746 60.08%
0 0 23.2392 31 57.4577 LiftProj:13 763 59.55%
0 0 23.4265 31 57.4577 LiftProj:8 778 59.23%
0 0 23.5335 31 57.4577 LiftProj:7 791 59.04%
0 0 23.6853 30 57.4577 LiftProj:7 805 58.78%
0 0 23.7723 31 57.4577 LiftProj:6 820 58.63%
0 0 23.9512 31 57.4577 LiftProj:9 849 58.32%
0 0 24.2558 32 57.4577 LiftProj:6 872 57.78%
0 0 24.4766 31 57.4577 LiftProj:6 890 57.40%
0 0 24.6465 29 57.4577 LiftProj:7 914 57.10%
0 0 24.7519 32 57.4577 LiftProj:7 933 56.92%
0 0 24.8417 32 57.4577 LiftProj:7 949 56.77%
0 0 25.0863 31 57.4577 LiftProj:9 979 56.34%
0 0 25.3942 30 57.4577 LiftProj:8 1002 55.80%
0 0 25.4692 31 57.4577 LiftProj:9 1015 55.67%
0 0 25.7569 29 57.4577 LiftProj:10 1037 55.17%
0 0 25.8465 29 57.4577 LiftProj:7 1051 55.02%
0 0 25.8917 31 57.4577 LiftProj:9 1062 54.94%
0 0 25.9926 32 57.4577 LiftProj:6 1078 54.76%
0 0 26.2111 29 57.4577 LiftProj:5 1098 54.38%
0 0 26.2203 31 57.4577 LiftProj:6 1105 54.37%
0 0 26.3075 29 57.4577 LiftProj:5 1128 54.21%
0 0 26.3695 32 57.4577 LiftProj:7 1144 54.11%
0 0 26.4023 32 57.4577 LiftProj:5 1157 54.05%
0 0 26.4557 31 57.4577 LiftProj:8 1178 53.96%
0 0 26.4841 31 57.4577 LiftProj:8 1198 53.91%
0 0 26.5084 31 57.4577 LiftProj:9 1208 53.86%
0 0 26.5377 32 57.4577 LiftProj:7 1224 53.81%
0 0 26.5831 32 57.4577 LiftProj:8 1236 53.73%
0 0 26.6136 32 57.4577 LiftProj:7 1251 53.68%
0 0 26.6545 31 57.4577 LiftProj:6 1270 53.61%
0 0 26.6958 32 57.4577 LiftProj:7 1287 53.54%
0 0 26.7189 32 57.4577 LiftProj:8 1302 53.50%
0 0 26.8537 31 57.4577 LiftProj:6 1335 53.26%
0 0 26.9167 30 57.4577 LiftProj:8 1354 53.15%
0 0 26.9291 31 57.4577 LiftProj:7 1366 53.13%
0+ 0 nan nan 47.7093 26.9291 nan 43.56%
0+ 0 nan nan 46.4517 26.9291 nan 42.03%
0 2 26.9291 31 46.4517 26.9408 1366 42.00%
CPXPARAM_MIP_Cuts_LiftProj-Gomory-Disjunctive:LiftProj 44
CPXPARAM_MIP_Cuts_LiftProj-Gomory-Disjunctive:Gomory 0
CPXPARAM_MIP_Cuts_LiftProj-Gomory-Disjunctive:Disjunctive 0
27
Node Left Objective IInf Best_Integer Best_Bound ItCnt Gap
0+ 0 nan nan 94.5045 0.0000 nan 100.00%
0+ 0 nan nan 77.4984 0.0000 nan 100.00%
0 0 0.0000 23 77.4984 0.0000 115 100.00%
0+ 0 nan nan 29.2294 0.0000 nan 100.00%
0+ 0 nan nan 18.5243 0.0000 nan 100.00%
0+ 0 nan nan 18.3372 0.0000 nan 100.00%
0+ 0 nan nan 10.2788 0.0000 nan 100.00%
0 2 0.0000 14 10.2788 0.0000 115 100.00%
CPXPARAM_MIP_Cuts_LiftProj-Gomory-Disjunctive:LiftProj 0
CPXPARAM_MIP_Cuts_LiftProj-Gomory-Disjunctive:Gomory 0
CPXPARAM_MIP_Cuts_LiftProj-Gomory-Disjunctive:Disjunctive 0
28
Node Left Objective IInf Best_Integer Best_Bound ItCnt Gap
0+ 0 nan nan 133.7092 0.0000 nan 100.00%
0+ 0 nan nan 129.6212 0.0000 nan 100.00%
0+ 0 nan nan 108.6480 0.0000 nan 100.00%
0 0 11.6826 21 108.6480 11.6826 155 89.25%
0 0 20.7020 26 108.6480 Cuts:22 195 80.95%
0 0 23.1579 29 108.6480 Cuts:29 227 78.69%
0 0 24.9690 31 108.6480 Cuts:26 249 77.02%
0 0 27.8235 31 108.6480 Cuts:22 279 74.39%
0 0 29.3893 30 108.6480 Cuts:22 308 72.95%
0 0 29.3893 30 108.6480 LiftProj:15 314 72.95%
0 0 30.3643 31 108.6480 LiftProj:17 337 72.05%
0 0 30.4552 32 108.6480 Cuts:17 354 71.97%
0 0 30.8603 34 108.6480 Cuts:17 372 71.60%
0 0 30.8603 34 108.6480 LiftProj:15 378 71.60%
0+ 0 nan nan 84.8264 30.8603 nan 63.62%
0+ 0 nan nan 79.7058 30.8603 nan 61.28%
0 2 30.8603 33 79.7058 31.1103 378 60.97%
CPXPARAM_MIP_Cuts_LiftProj-Gomory-Disjunctive:LiftProj 10
CPXPARAM_MIP_Cuts_LiftProj-Gomory-Disjunctive:Gomory 1
CPXPARAM_MIP_Cuts_LiftProj-Gomory-Disjunctive:Disjunctive 10
29
Node Left Objective IInf Best_Integer Best_Bound ItCnt Gap
0+ 0 nan nan 133.7092 0.0000 nan 100.00%
0+ 0 nan nan 129.6212 0.0000 nan 100.00%
0 0 0.0000 27 129.6212 0.0000 131 100.00%
0+ 0 nan nan 72.3650 0.0000 nan 100.00%
0+ 0 nan nan 64.1539 0.0000 nan 100.00%
0+ 0 nan nan 53.0370 0.0000 nan 100.00%
0+ 0 nan nan 41.9504 0.0000 nan 100.00%
0 2 0.0000 23 41.9504 0.0000 131 100.00%
CPXPARAM_MIP_Cuts_LiftProj-Gomory-Disjunctive:LiftProj 0
CPXPARAM_MIP_Cuts_LiftProj-Gomory-Disjunctive:Gomory 0
CPXPARAM_MIP_Cuts_LiftProj-Gomory-Disjunctive:Disjunctive 0
30
Node Left Objective IInf Best_Integer Best_Bound ItCnt Gap
0+ 0 nan nan 133.7092 0.0000 nan 100.00%
0+ 0 nan nan 114.7297 0.0000 nan 100.00%
0 0 24.4161 16 114.7297 24.4161 157 78.72%
0+ 0 nan nan 105.4216 24.4161 nan 76.84%
0 0 29.5048 20 105.4216 Cuts:18 192 72.01%
0 0 33.6552 24 105.4216 Cuts:30 228 68.08%
0+ 0 nan nan 94.2982 33.6552 nan 64.31%
0 0 34.9553 23 94.2982 Cuts:17 242 62.93%
0 0 36.0884 27 94.2982 Cuts:22 261 61.73%
0 0 36.6777 30 94.2982 Cuts:20 283 61.10%
0 0 37.1844 28 94.2982 Cuts:15 302 60.57%
0 0 37.5536 27 94.2982 Cuts:16 319 60.18%
0 0 37.7706 31 94.2982 LiftProj:13 338 59.95%
0 0 38.0036 27 94.2982 Cuts:15 353 59.70%
0 0 38.2993 30 94.2982 LiftProj:16 367 59.38%
0 0 38.5722 27 94.2982 LiftProj:14 381 59.10%
0 0 38.6770 27 94.2982 LiftProj:13 390 58.98%
0 0 39.3324 30 94.2982 Cuts:20 415 58.29%
0 0 40.0856 27 94.2982 Cuts:15 439 57.49%
0 0 40.7841 27 94.2982 LiftProj:16 468 56.75%
0 0 41.2288 30 94.2982 LiftProj:13 494 56.28%
0 0 42.0756 31 94.2982 LiftProj:16 520 55.38%
0 0 42.5798 31 94.2982 LiftProj:12 541 54.85%
0 0 42.8543 28 94.2982 LiftProj:15 562 54.55%
0 0 43.1420 28 94.2982 LiftProj:18 582 54.25%
0 0 43.2461 30 94.2982 LiftProj:11 599 54.14%
0 0 43.7140 30 94.2982 LiftProj:14 626 53.64%
0 0 43.7539 31 94.2982 LiftProj:13 639 53.60%
0 0 43.9034 30 94.2982 LiftProj:12 654 53.44%
0 0 44.3222 29 94.2982 LiftProj:15 685 53.00%
0 0 44.4487 32 94.2982 LiftProj:17 703 52.86%
0 0 44.6647 29 94.2982 LiftProj:12 727 52.63%
0 0 44.7136 30 94.2982 LiftProj:10 735 52.58%
0 0 44.7937 30 94.2982 LiftProj:15 753 52.50%
0 0 44.8251 31 94.2982 LiftProj:11 770 52.46%
0 0 44.9024 31 94.2982 LiftProj:10 784 52.38%
0 0 45.1390 30 94.2982 LiftProj:11 804 52.13%
0 0 45.3082 30 94.2982 LiftProj:13 825 51.95%
0 0 45.4366 31 94.2982 LiftProj:10 841 51.82%
0 0 45.5947 31 94.2982 LiftProj:8 855 51.65%
0 0 45.9061 30 94.2982 LiftProj:13 873 51.32%
0 0 46.0044 30 94.2982 LiftProj:10 886 51.21%
0 0 46.5500 29 94.2982 LiftProj:8 907 50.64%
0 0 46.7308 31 94.2982 LiftProj:14 922 50.44%
0 0 47.0440 31 94.2982 LiftProj:9 947 50.11%
0 0 47.0941 31 94.2982 LiftProj:10 958 50.06%
0 0 47.2414 31 94.2982 LiftProj:9 976 49.90%
0 0 47.4653 31 94.2982 LiftProj:12 1004 49.66%
0 0 47.4940 31 94.2982 LiftProj:10 1023 49.63%
0 0 47.5240 30 94.2982 LiftProj:7 1036 49.60%
0 0 47.5819 30 94.2982 LiftProj:7 1059 49.54%
0 0 47.5846 31 94.2982 LiftProj:10 1070 49.54%
0 0 47.6123 31 94.2982 LiftProj:10 1086 49.51%
0 0 47.6124 30 94.2982 LiftProj:5 1090 49.51%
0+ 0 nan nan 72.2888 47.6124 nan 34.14%
0 2 47.6124 30 72.2888 47.7176 1090 33.99%
CPXPARAM_MIP_Cuts_LiftProj-Gomory-Disjunctive:LiftProj 43
CPXPARAM_MIP_Cuts_LiftProj-Gomory-Disjunctive:Gomory 0
CPXPARAM_MIP_Cuts_LiftProj-Gomory-Disjunctive:Disjunctive 0
31
Node Left Objective IInf Best_Integer Best_Bound ItCnt Gap
0+ 0 nan nan 133.7092 0.0000 nan 100.00%
0+ 0 nan nan 114.7297 0.0000 nan 100.00%
0 0 0.0000 23 114.7297 0.0000 118 100.00%
0+ 0 nan nan 56.4594 0.0000 nan 100.00%
0+ 0 nan nan 55.7068 0.0000 nan 100.00%
0+ 0 nan nan 38.3245 0.0000 nan 100.00%
0+ 0 nan nan 35.9797 0.0000 nan 100.00%
0 2 0.0000 15 35.9797 0.0000 118 100.00%
CPXPARAM_MIP_Cuts_LiftProj-Gomory-Disjunctive:LiftProj 0
CPXPARAM_MIP_Cuts_LiftProj-Gomory-Disjunctive:Gomory 0
CPXPARAM_MIP_Cuts_LiftProj-Gomory-Disjunctive:Disjunctive 0
32
Node Left Objective IInf Best_Integer Best_Bound ItCnt Gap
0+ 0 nan nan 110.7059 0.0000 nan 100.00%
0+ 0 nan nan 93.8685 0.0000 nan 100.00%
0+ 0 nan nan 88.1652 0.0000 nan 100.00%
0 0 12.8255 21 88.1652 12.8255 166 85.45%
0 0 15.3898 27 88.1652 Cuts:24 199 82.54%
0+ 0 nan nan 61.1923 15.3898 nan 74.85%
0 0 17.9635 30 61.1923 Cuts:35 242 70.64%
0 0 19.0075 30 61.1923 Cuts:21 275 68.94%
0 0 20.6466 31 61.1923 Cuts:26 316 66.26%
0 0 21.1213 29 61.1923 Cuts:23 344 65.48%
0 0 21.2082 31 61.1923 Cuts:12 361 65.34%
0 0 21.5218 31 61.1923 LiftProj:14 385 64.83%
0 0 21.6998 31 61.1923 Cuts:16 409 64.54%
0 0 22.0331 33 61.1923 LiftProj:16 438 63.99%
0 0 22.8386 31 61.1923 Cuts:14 460 62.68%
0 0 23.1384 34 61.1923 LiftProj:14 479 62.19%
0 0 23.2372 33 61.1923 Cuts:11 487 62.03%
0 0 24.2566 33 61.1923 LiftProj:13 526 60.36%
0 0 25.1414 32 61.1923 LiftProj:17 553 58.91%
0 0 25.5309 33 61.1923 Cuts:17 574 58.28%
0 0 25.6516 33 61.1923 Cuts:20 587 58.08%
0 0 25.7355 35 61.1923 LiftProj:15 599 57.94%
0 0 26.1625 35 61.1923 LiftProj:16 634 57.25%
0 0 26.6287 33 61.1923 LiftProj:15 659 56.48%
0 0 26.9430 34 61.1923 LiftProj:15 685 55.97%
0 0 27.3153 34 61.1923 LiftProj:14 711 55.36%
0 0 27.5243 35 61.1923 LiftProj:15 735 55.02%
0 0 27.7617 35 61.1923 Cuts:22 757 54.63%
0 0 28.0934 33 61.1923 LiftProj:16 789 54.09%
0 0 28.2019 34 61.1923 LiftProj:12 807 53.91%
0 0 28.3913 35 61.1923 LiftProj:14 830 53.60%
0 0 28.3913 35 61.1923 LiftProj:10 832 53.60%
0 0 28.6928 34 61.1923 LiftProj:11 859 53.11%
0 0 29.0389 34 61.1923 LiftProj:8 891 52.54%
0 0 29.1331 36 61.1923 Cuts:12 911 52.39%
0 0 29.2825 36 61.1923 LiftProj:13 935 52.15%
0 0 29.3866 37 61.1923 LiftProj:13 963 51.98%
0 0 29.6378 37 61.1923 LiftProj:6 990 51.57%
0 0 29.7931 37 61.1923 LiftProj:14 1012 51.31%
0 0 29.9511 37 61.1923 LiftProj:9 1036 51.05%
0 0 29.9511 37 61.1923 LiftProj:5 1037 51.05%
0+ 0 nan nan 52.3335 29.9511 nan 42.77%
0+ 0 nan nan 49.9118 29.9511 nan 39.99%
0 2 29.9511 36 49.9118 29.9838 1037 39.93%
CPXPARAM_MIP_Cuts_LiftProj-Gomory-Disjunctive:LiftProj 41
CPXPARAM_MIP_Cuts_LiftProj-Gomory-Disjunctive:Gomory 0
CPXPARAM_MIP_Cuts_LiftProj-Gomory-Disjunctive:Disjunctive 2
33
Node Left Objective IInf Best_Integer Best_Bound ItCnt Gap
0+ 0 nan nan 110.7059 0.0000 nan 100.00%
0+ 0 nan nan 93.8685 0.0000 nan 100.00%
0 0 0.0000 27 93.8685 0.0000 120 100.00%
0+ 0 nan nan 49.9720 0.0000 nan 100.00%
0 0 0.0000 21 49.9720 Cuts:9 141 100.00%
0 0 0.0000 21 49.9720 Cuts:26 160 100.00%
0 0 0.0000 21 49.9720 Cuts:6 169 100.00%
0+ 0 nan nan 39.6997 0.0000 nan 100.00%
0+ 0 nan nan 34.1857 0.0000 nan 100.00%
0 2 0.0000 20 34.1857 0.0000 169 100.00%
CPXPARAM_MIP_Cuts_LiftProj-Gomory-Disjunctive:LiftProj 1
CPXPARAM_MIP_Cuts_LiftProj-Gomory-Disjunctive:Gomory 0
CPXPARAM_MIP_Cuts_LiftProj-Gomory-Disjunctive:Disjunctive 0
34
Node Left Objective IInf Best_Integer Best_Bound ItCnt Gap
0+ 0 nan nan 110.7059 0.0000 nan 100.00%
0+ 0 nan nan 74.9711 0.0000 nan 100.00%
0 0 0.0000 23 74.9711 0.0000 152 100.00%
0+ 0 nan nan 70.1819 0.0000 nan 100.00%
0 0 3.0212 24 70.1819 Cuts:33 222 95.70%
0+ 0 nan nan 60.3772 3.0212 nan 95.00%
0 0 6.8901 24 60.3772 Cuts:33 265 88.59%
0 0 8.6356 25 60.3772 Cuts:24 303 85.70%
0 0 10.1163 25 60.3772 Cuts:37 347 83.24%
0 0 11.2755 29 60.3772 Cuts:38 382 81.32%
0 0 11.4364 29 60.3772 Cuts:16 402 81.06%
0 0 11.7787 28 60.3772 Cuts:14 423 80.49%
0 0 12.1773 30 60.3772 LiftProj:16 442 79.83%
0 0 12.8394 27 60.3772 Cuts:18 475 78.73%
0 0 13.1706 31 60.3772 Cuts:17 492 78.19%
0 0 14.5607 30 60.3772 Cuts:18 522 75.88%
0 0 14.9113 27 60.3772 LiftProj:14 543 75.30%
0 0 15.2658 28 60.3772 Cuts:17 559 74.72%
0 0 15.8466 28 60.3772 LiftProj:14 580 73.75%
0 0 16.5182 28 60.3772 Cuts:21 598 72.64%
0 0 17.6314 30 60.3772 LiftProj:12 627 70.80%
0 0 18.5094 31 60.3772 LiftProj:14 647 69.34%
0 0 18.9783 30 60.3772 LiftProj:17 674 68.57%
0 0 19.5524 31 60.3772 LiftProj:11 704 67.62%
0 0 19.9433 29 60.3772 Cuts:13 728 66.97%
0 0 20.2449 31 60.3772 Cuts:15 744 66.47%
0 0 20.4912 31 60.3772 LiftProj:13 768 66.06%
0 0 20.9565 30 60.3772 LiftProj:12 793 65.29%
0 0 21.1282 30 60.3772 Cuts:14 821 65.01%
0+ 0 nan nan 60.0973 21.1282 nan 64.84%
0 0 21.7929 30 60.0973 Cuts:14 861 63.74%
0 0 22.1087 32 60.0973 LiftProj:9 883 63.21%
0 0 22.3589 29 60.0973 LiftProj:13 907 62.80%
0 0 22.6114 32 60.0973 LiftProj:9 924 62.38%
0 0 22.7586 32 60.0973 LiftProj:10 949 62.13%
0 0 23.6174 32 60.0973 LiftProj:6 976 60.70%
0 0 23.8723 30 60.0973 LiftProj:7 997 60.28%
0 0 24.0695 29 60.0973 LiftProj:9 1012 59.95%
0 0 24.3673 31 60.0973 LiftProj:12 1039 59.45%
0 0 24.5067 32 60.0973 LiftProj:11 1066 59.22%
0 0 24.7736 30 60.0973 LiftProj:10 1096 58.78%
0 0 24.7904 31 60.0973 LiftProj:10 1108 58.75%
0 0 24.9182 30 60.0973 LiftProj:8 1129 58.54%
0 0 24.9893 31 60.0973 LiftProj:12 1149 58.42%
0 0 25.0327 31 60.0973 LiftProj:11 1163 58.35%
0 0 25.1118 31 60.0973 LiftProj:10 1189 58.21%
0 0 25.1555 32 60.0973 LiftProj:14 1204 58.14%
0 0 25.2230 30 60.0973 LiftProj:9 1224 58.03%
0 0 25.2556 32 60.0973 LiftProj:8 1237 57.98%
0 0 25.2934 31 60.0973 Cuts:11 1259 57.91%
0 0 25.5461 31 60.0973 LiftProj:13 1295 57.49%
0 0 25.6114 32 60.0973 LiftProj:10 1316 57.38%
0 0 25.6932 31 60.0973 LiftProj:10 1336 57.25%
0 0 25.7712 31 60.0973 LiftProj:8 1357 57.12%
0 0 25.8888 31 60.0973 LiftProj:10 1379 56.92%
0 0 25.9226 30 60.0973 LiftProj:8 1395 56.87%
0 0 25.9442 32 60.0973 LiftProj:8 1411 56.83%
0 0 25.9848 32 60.0973 LiftProj:7 1426 56.76%
0 0 26.0375 31 60.0973 LiftProj:6 1443 56.67%
0 0 26.1235 31 60.0973 LiftProj:8 1461 56.53%
0 0 26.1669 32 60.0973 LiftProj:8 1471 56.46%
0 0 26.4446 30 60.0973 LiftProj:7 1507 56.00%
0 0 26.5697 32 60.0973 LiftProj:10 1534 55.79%
0 0 26.6294 31 60.0973 LiftProj:7 1551 55.69%
0 0 26.6501 32 60.0973 LiftProj:7 1563 55.66%
0 0 26.6863 32 60.0973 LiftProj:14 1582 55.59%
0 0 26.7219 31 60.0973 LiftProj:5 1595 55.54%
0 0 26.7479 30 60.0973 LiftProj:4 1616 55.49%
0 0 26.8078 32 60.0973 LiftProj:11 1641 55.39%
0 0 26.8594 31 60.0973 LiftProj:9 1667 55.31%
0 0 26.8737 31 60.0973 LiftProj:7 1678 55.28%
0 0 26.8878 31 60.0973 LiftProj:6 1691 55.26%
0+ 0 nan nan 47.4633 26.8878 nan 43.35%
0 2 26.8878 31 47.4633 26.8889 1691 43.35%
CPXPARAM_MIP_Cuts_LiftProj-Gomory-Disjunctive:LiftProj 44
CPXPARAM_MIP_Cuts_LiftProj-Gomory-Disjunctive:Gomory 0
CPXPARAM_MIP_Cuts_LiftProj-Gomory-Disjunctive:Disjunctive 0
35
Node Left Objective IInf Best_Integer Best_Bound ItCnt Gap
0+ 0 nan nan 110.7059 0.0000 nan 100.00%
0+ 0 nan nan 74.9711 0.0000 nan 100.00%
0 0 0.0000 23 74.9711 0.0000 115 100.00%
0+ 0 nan nan 29.6008 0.0000 nan 100.00%
0 0 0.0000 17 29.6008 Cuts:3 142 100.00%
0 0 0.0000 17 29.6008 Cuts:20 171 100.00%
0 0 0.0000 16 29.6008 Cuts:6 179 100.00%
0+ 0 nan nan 25.6853 0.0000 nan 100.00%
0+ 0 nan nan 19.0964 0.0000 nan 100.00%
0 2 0.0000 15 19.0964 0.0000 179 100.00%
CPXPARAM_MIP_Cuts_LiftProj-Gomory-Disjunctive:LiftProj 0
CPXPARAM_MIP_Cuts_LiftProj-Gomory-Disjunctive:Gomory 1
CPXPARAM_MIP_Cuts_LiftProj-Gomory-Disjunctive:Disjunctive 0
36
Node Left Objective IInf Best_Integer Best_Bound ItCnt Gap
0+ 0 nan nan 123.7135 0.0000 nan 100.00%
0+ 0 nan nan 108.6148 0.0000 nan 100.00%
0+ 0 nan nan 99.0366 0.0000 nan 100.00%
0 0 0.0000 27 99.0366 0.0000 139 100.00%
0+ 0 nan nan 98.7082 0.0000 nan 100.00%
0 0 2.8951 31 98.7082 Cuts:35 213 97.07%
0 0 7.4346 30 98.7082 Cuts:29 247 92.47%
0 0 9.2407 32 98.7082 Cuts:21 271 90.64%
0 0 9.4320 32 98.7082 Cuts:14 291 90.44%
0+ 0 nan nan 89.9455 9.4320 nan 89.51%
0 0 10.2019 32 89.9455 Cuts:20 327 88.66%
0 0 10.4616 34 89.9455 Cuts:15 339 88.37%
0 0 11.4708 33 89.9455 LiftProj:17 376 87.25%
0 0 11.8514 31 89.9455 LiftProj:15 401 86.82%
0 0 12.0618 33 89.9455 Cuts:12 416 86.59%
0 0 12.4885 33 89.9455 Cuts:13 434 86.12%
0 0 13.2660 35 89.9455 LiftProj:13 452 85.25%
0 0 13.8252 33 89.9455 LiftProj:12 476 84.63%
0 0 14.2473 35 89.9455 Cuts:16 501 84.16%
0 0 15.1377 35 89.9455 Cuts:15 521 83.17%
0 0 15.6101 34 89.9455 LiftProj:14 549 82.64%
0 0 16.1922 34 89.9455 LiftProj:18 575 82.00%
0 0 17.8981 31 89.9455 LiftProj:13 605 80.10%
0 0 18.5480 33 89.9455 LiftProj:18 627 79.38%
0 0 19.5932 36 89.9455 Cuts:15 649 78.22%
0 0 19.8067 34 89.9455 LiftProj:13 665 77.98%
0 0 19.8544 36 89.9455 LiftProj:13 674 77.93%
0 0 20.5094 33 89.9455 LiftProj:14 700 77.20%
0 0 20.9264 36 89.9455 LiftProj:20 723 76.73%
0 0 21.3975 34 89.9455 LiftProj:9 744 76.21%
0 0 21.8485 36 89.9455 LiftProj:17 767 75.71%
0 0 22.1343 36 89.9455 LiftProj:15 790 75.39%
0 0 22.3551 36 89.9455 LiftProj:12 812 75.15%
0 0 22.7718 33 89.9455 LiftProj:11 841 74.68%
0 0 22.9414 36 89.9455 LiftProj:11 857 74.49%
0 0 23.1732 35 89.9455 LiftProj:14 883 74.24%
0 0 23.2834 36 89.9455 LiftProj:11 904 74.11%
0 0 23.5162 34 89.9455 LiftProj:11 927 73.86%
0 0 23.5715 37 89.9455 LiftProj:10 945 73.79%
0 0 23.7316 37 89.9455 LiftProj:9 980 73.62%
0 0 23.7393 36 89.9455 LiftProj:10 991 73.61%
0 0 23.9573 36 89.9455 LiftProj:8 1013 73.36%
0 0 24.2343 37 89.9455 LiftProj:11 1040 73.06%
0 0 24.2543 37 89.9455 LiftProj:9 1054 73.03%
0 0 24.3219 37 89.9455 LiftProj:12 1073 72.96%
0 0 24.4843 36 89.9455 LiftProj:10 1104 72.78%
0 0 24.6107 36 89.9455 LiftProj:11 1122 72.64%
0 0 25.0009 37 89.9455 LiftProj:11 1152 72.20%
0 0 25.2363 34 89.9455 LiftProj:11 1183 71.94%
0 0 25.3247 36 89.9455 LiftProj:13 1206 71.84%
0 0 25.5969 36 89.9455 LiftProj:9 1232 71.54%
0 0 25.6262 37 89.9455 LiftProj:10 1242 71.51%
0 0 25.6623 36 89.9455 LiftProj:7 1252 71.47%
0 0 25.7682 37 89.9455 LiftProj:10 1275 71.35%
0 0 25.8225 36 89.9455 LiftProj:14 1294 71.29%
0 0 25.8646 37 89.9455 LiftProj:9 1315 71.24%
0 0 25.8874 35 89.9455 LiftProj:9 1331 71.22%
0 0 25.9192 36 89.9455 LiftProj:9 1347 71.18%
0 0 25.9626 36 89.9455 LiftProj:6 1363 71.14%
0 0 25.9832 37 89.9455 LiftProj:12 1376 71.11%
0 0 26.0083 36 89.9455 LiftProj:10 1399 71.08%
0 0 26.0412 37 89.9455 LiftProj:11 1414 71.05%
0 0 26.0575 36 89.9455 LiftProj:8 1425 71.03%
0 0 26.0733 37 89.9455 LiftProj:7 1436 71.01%
0 0 26.1019 37 89.9455 LiftProj:10 1462 70.98%
0 0 26.1177 36 89.9455 LiftProj:9 1482 70.96%
0+ 0 nan nan 66.9610 26.1177 nan 61.00%
0+ 0 nan nan 66.7748 26.1177 nan 60.89%
0 2 26.1177 36 66.7748 26.1296 1482 60.87%
CPXPARAM_MIP_Cuts_LiftProj-Gomory-Disjunctive:LiftProj 50
CPXPARAM_MIP_Cuts_LiftProj-Gomory-Disjunctive:Gomory 0
CPXPARAM_MIP_Cuts_LiftProj-Gomory-Disjunctive:Disjunctive 0
37
Node Left Objective IInf Best_Integer Best_Bound ItCnt Gap
0+ 0 nan nan 123.7135 0.0000 nan 100.00%
0+ 0 nan nan 108.6148 0.0000 nan 100.00%
0 0 0.0000 27 108.6148 0.0000 124 100.00%
0+ 0 nan nan 71.2777 0.0000 nan 100.00%
0 0 0.0000 19 71.2777 Disjcuts:1 132 100.00%
0+ 0 nan nan 58.7503 0.0000 nan 100.00%
0 0 0.0000 19 58.7503 Cuts:17 166 100.00%
0 0 0.0000 20 58.7503 Cuts:21 218 100.00%
0+ 0 nan nan 37.6817 0.0000 nan 100.00%
0 2 0.0000 19 37.6817 0.0000 218 100.00%
CPXPARAM_MIP_Cuts_LiftProj-Gomory-Disjunctive:LiftProj 0
CPXPARAM_MIP_Cuts_LiftProj-Gomory-Disjunctive:Gomory 1
CPXPARAM_MIP_Cuts_LiftProj-Gomory-Disjunctive:Disjunctive 1
38
Node Left Objective IInf Best_Integer Best_Bound ItCnt Gap
0+ 0 nan nan 123.7135 0.0000 nan 100.00%
0+ 0 nan nan 89.1896 0.0000 nan 100.00%
0 0 4.5425 20 89.1896 4.5425 153 94.91%
0+ 0 nan nan 83.5087 4.5425 nan 94.56%
0 0 11.5399 23 83.5087 Cuts:29 179 86.18%
0 0 14.3997 26 83.5087 Cuts:41 207 82.76%
0 0 16.0510 26 83.5087 Cuts:28 237 80.78%
0 0 17.3155 26 83.5087 Cuts:31 276 79.26%
0 0 18.2281 27 83.5087 Cuts:26 310 78.17%
0 0 19.2153 29 83.5087 Cuts:14 343 76.99%
0 0 19.9938 29 83.5087 Cuts:13 368 76.06%
0 0 20.9412 28 83.5087 Cuts:12 399 74.92%
0+ 0 nan nan 81.4896 20.9412 nan 74.30%
0 0 21.4911 29 81.4896 Cuts:18 427 73.63%
0 0 22.2326 27 81.4896 LiftProj:11 451 72.72%
0 0 22.6236 30 81.4896 Cuts:17 468 72.24%
0 0 23.6999 29 81.4896 Cuts:16 498 70.92%
0 0 23.8999 30 81.4896 LiftProj:12 508 70.67%
0 0 25.0245 31 81.4896 LiftProj:11 530 69.29%
0 0 26.1476 31 81.4896 LiftProj:13 549 67.91%
0 0 26.3513 30 81.4896 LiftProj:12 568 67.66%
0 0 26.5322 30 81.4896 LiftProj:11 586 67.44%
0 0 26.7297 32 81.4896 LiftProj:13 605 67.20%
0 0 27.0155 30 81.4896 LiftProj:15 633 66.85%
0 0 27.0557 31 81.4896 Cuts:14 647 66.80%
0 0 27.1509 31 81.4896 LiftProj:12 658 66.68%
0 0 27.3754 31 81.4896 LiftProj:10 687 66.41%
0 0 27.6902 30 81.4896 LiftProj:18 716 66.02%
0 0 27.7563 30 81.4896 LiftProj:13 737 65.94%
0 0 27.9335 31 81.4896 LiftProj:10 760 65.72%
0 0 28.1120 32 81.4896 LiftProj:13 788 65.50%
0 0 28.2187 32 81.4896 LiftProj:9 813 65.37%
0 0 28.4443 31 81.4896 LiftProj:9 843 65.09%
0 0 28.6617 31 81.4896 LiftProj:13 870 64.83%
0 0 28.8314 32 81.4896 LiftProj:11 889 64.62%
0 0 28.9431 31 81.4896 LiftProj:8 913 64.48%
0 0 29.0729 31 81.4896 LiftProj:9 933 64.32%
0 0 29.1887 31 81.4896 LiftProj:14 961 64.18%
0 0 29.2680 30 81.4896 LiftProj:8 986 64.08%
0 0 29.3611 31 81.4896 LiftProj:6 1007 63.97%
0 0 29.4218 32 81.4896 LiftProj:12 1018 63.90%
0 0 29.5639 31 81.4896 LiftProj:7 1039 63.72%
0 0 29.6397 31 81.4896 LiftProj:10 1056 63.63%
0 0 29.7705 31 81.4896 LiftProj:9 1083 63.47%
0 0 29.9571 31 81.4896 LiftProj:10 1115 63.24%
0 0 30.1330 32 81.4896 LiftProj:10 1145 63.02%
0 0 30.2431 32 81.4896 LiftProj:8 1165 62.89%
0 0 30.3360 31 81.4896 LiftProj:11 1189 62.77%
0 0 30.4877 31 81.4896 LiftProj:6 1212 62.59%
0 0 30.5650 32 81.4896 LiftProj:8 1232 62.49%
0 0 30.7247 32 81.4896 LiftProj:8 1259 62.30%
0 0 30.7487 32 81.4896 LiftProj:7 1273 62.27%
0 0 30.7787 32 81.4896 LiftProj:6 1290 62.23%
0 0 30.7875 32 81.4896 LiftProj:7 1297 62.22%
0 0 30.9122 32 81.4896 LiftProj:6 1322 62.07%
0 0 30.9264 32 81.4896 LiftProj:8 1333 62.05%
0+ 0 nan nan 56.6465 30.9264 nan 45.40%
0+ 0 nan nan 55.7191 30.9264 nan 44.50%
0 2 30.9264 32 55.7191 30.9326 1333 44.48%
CPXPARAM_MIP_Cuts_LiftProj-Gomory-Disjunctive:LiftProj 50
CPXPARAM_MIP_Cuts_LiftProj-Gomory-Disjunctive:Gomory 0
CPXPARAM_MIP_Cuts_LiftProj-Gomory-Disjunctive:Disjunctive 1
39
Node Left Objective IInf Best_Integer Best_Bound ItCnt Gap
0+ 0 nan nan 123.7135 0.0000 nan 100.00%
0+ 0 nan nan 89.1896 0.0000 nan 100.00%
0 0 0.0000 23 89.1896 0.0000 129 100.00%
0+ 0 nan nan 59.4311 0.0000 nan 100.00%
0+ 0 nan nan 35.2998 0.0000 nan 100.00%
0+ 0 nan nan 25.4616 0.0000 nan 100.00%
0 2 0.0000 15 25.4616 0.0000 129 100.00%
CPXPARAM_MIP_Cuts_LiftProj-Gomory-Disjunctive:LiftProj 0
CPXPARAM_MIP_Cuts_LiftProj-Gomory-Disjunctive:Gomory 0
CPXPARAM_MIP_Cuts_LiftProj-Gomory-Disjunctive:Disjunctive 0
