0
Node Left Objective IInf Best_Integer Best_Bound ItCnt Gap
0+ 0 nan nan 136.4723 0.0000 nan 100.00%
0+ 0 nan nan 99.1655 0.0000 nan 100.00%
0 0 33.3849 15 99.1655 33.3849 159 66.33%
0+ 0 nan nan 85.5351 33.3849 nan 60.97%
0 0 33.7883 23 85.5351 Cuts:17 194 60.50%
0 0 35.4399 22 85.5351 Cuts:43 219 58.57%
0+ 0 nan nan 76.9006 35.4399 nan 53.91%
0 0 36.5950 27 76.9006 Cuts:41 266 52.41%
0 0 37.0070 27 76.9006 Cuts:27 297 51.88%
0 0 37.1977 27 76.9006 Cuts:29 323 51.63%
0 0 37.3201 27 76.9006 LiftProj:17 347 51.47%
0 0 37.3913 22 76.9006 Cuts:20 370 51.38%
0 0 37.4973 22 76.9006 Cuts:19 399 51.24%
0+ 0 nan nan 76.4885 37.4973 nan 50.98%
0 0 37.5431 24 76.4885 LiftProj:16 414 50.92%
0+ 0 nan nan 65.9367 37.5431 nan 43.06%
0 0 37.7204 26 65.9367 LiftProj:14 439 42.79%
0 0 37.7545 26 65.9367 LiftProj:20 460 42.74%
0 0 37.7678 24 65.9367 LiftProj:15 473 42.72%
0 0 37.7945 26 65.9367 Cuts:26 489 42.68%
0 0 37.9073 26 65.9367 LiftProj:25 517 42.51%
0 0 37.9875 28 65.9367 Cuts:20 534 42.39%
0 0 38.2531 26 65.9367 Cuts:20 564 41.99%
0 0 38.4467 31 65.9367 Cuts:21 585 41.69%
0 0 38.5708 30 65.9367 Cuts:24 608 41.50%
0 0 38.6482 29 65.9367 LiftProj:23 631 41.39%
0 0 38.7077 30 65.9367 LiftProj:22 648 41.30%
0 0 38.7389 30 65.9367 LiftProj:20 664 41.25%
0 0 38.8476 28 65.9367 Cuts:22 685 41.08%
0 0 38.8727 32 65.9367 LiftProj:17 695 41.05%
0 0 38.9963 29 65.9367 LiftProj:16 714 40.86%
0 0 39.0779 32 65.9367 LiftProj:16 730 40.73%
0 0 39.2518 33 65.9367 LiftProj:17 750 40.47%
0 0 39.2989 31 65.9367 LiftProj:20 766 40.40%
0 0 39.4187 32 65.9367 LiftProj:15 779 40.22%
0 0 39.5554 32 65.9367 LiftProj:14 792 40.01%
0 0 39.6070 33 65.9367 LiftProj:18 808 39.93%
0 0 39.6556 32 65.9367 LiftProj:13 815 39.86%
0 0 39.7544 31 65.9367 LiftProj:17 832 39.71%
0 0 39.8260 33 65.9367 LiftProj:13 846 39.60%
0 0 39.8654 34 65.9367 LiftProj:17 859 39.54%
0 0 40.0047 33 65.9367 LiftProj:11 882 39.33%
0 0 40.0504 32 65.9367 LiftProj:23 897 39.26%
0 0 40.0639 31 65.9367 LiftProj:15 904 39.24%
0 0 40.1157 30 65.9367 LiftProj:13 912 39.16%
0 0 40.1214 30 65.9367 LiftProj:14 921 39.15%
0+ 0 nan nan 63.7525 40.1214 nan 37.07%
0+ 0 nan nan 58.6298 40.1214 nan 31.57%
0 2 40.1214 29 58.6298 40.1836 921 31.46%
CPXPARAM_MIP_Cuts_Gomory-Disjunctive-LiftProj:Gomory 38
CPXPARAM_MIP_Cuts_Gomory-Disjunctive-LiftProj:Disjunctive 0
CPXPARAM_MIP_Cuts_Gomory-Disjunctive-LiftProj:LiftProj 0
1
Node Left Objective IInf Best_Integer Best_Bound ItCnt Gap
0+ 0 nan nan 136.4723 0.0000 nan 100.00%
0+ 0 nan nan 99.1655 0.0000 nan 100.00%
0 0 0.0000 28 99.1655 0.0000 115 100.00%
0+ 0 nan nan 78.9783 0.0000 nan 100.00%
0 0 0.0000 22 78.9783 Disjcuts:1 117 100.00%
0+ 0 nan nan 68.9499 0.0000 nan 100.00%
0 0 0.0000 22 68.9499 Cuts:28 154 100.00%
0+ 0 nan nan 35.5554 0.0000 nan 100.00%
0 0 0.0000 19 35.5554 Cuts:7 166 100.00%
0+ 0 nan nan 19.6131 0.0000 nan 100.00%
0 0 0.0000 22 19.6131 Cuts:28 233 100.00%
0+ 0 nan nan 19.5621 0.0000 nan 100.00%
0+ 0 nan nan 18.6043 0.0000 nan 100.00%
0 2 0.0000 22 18.6043 0.0000 233 100.00%
CPXPARAM_MIP_Cuts_Gomory-Disjunctive-LiftProj:Gomory 2
CPXPARAM_MIP_Cuts_Gomory-Disjunctive-LiftProj:Disjunctive 0
CPXPARAM_MIP_Cuts_Gomory-Disjunctive-LiftProj:LiftProj 2
2
Node Left Objective IInf Best_Integer Best_Bound ItCnt Gap
0+ 0 nan nan 136.4723 0.0000 nan 100.00%
0+ 0 nan nan 69.8576 0.0000 nan 100.00%
0 0 24.3849 14 69.8576 24.3849 151 65.09%
0 0 25.1987 22 69.8576 Cuts:19 187 63.93%
0 0 26.4495 20 69.8576 Cuts:36 217 62.14%
0 0 27.4985 24 69.8576 Cuts:19 241 60.64%
0+ 0 nan nan 61.8311 27.4985 nan 55.53%
0 0 28.0326 25 61.8311 Cuts:19 271 54.66%
0 0 28.5692 23 61.8311 Cuts:23 295 53.79%
0 0 28.9065 23 61.8311 Cuts:16 317 53.25%
0 0 29.3113 24 61.8311 LiftProj:14 356 52.59%
0 0 29.4734 25 61.8311 Cuts:15 375 52.33%
0 0 29.5974 23 61.8311 Cuts:14 392 52.13%
0 0 29.7811 28 61.8311 Cuts:19 410 51.83%
0 0 29.9469 28 61.8311 LiftProj:11 437 51.57%
0 0 29.9823 30 61.8311 Cuts:16 453 51.51%
0 0 30.1253 32 61.8311 LiftProj:19 484 51.28%
0 0 30.4198 29 61.8311 LiftProj:13 521 50.80%
0 0 30.5695 29 61.8311 Cuts:15 541 50.56%
0 0 30.6799 31 61.8311 LiftProj:13 552 50.38%
0 0 30.9284 30 61.8311 Cuts:15 582 49.98%
0 0 31.3750 29 61.8311 LiftProj:13 619 49.26%
0 0 31.5090 31 61.8311 LiftProj:11 634 49.04%
0 0 31.6479 32 61.8311 LiftProj:17 662 48.82%
0 0 31.9052 30 61.8311 LiftProj:13 687 48.40%
0 0 32.1196 31 61.8311 LiftProj:13 709 48.05%
0 0 32.2337 33 61.8311 LiftProj:10 727 47.87%
0 0 32.3228 32 61.8311 LiftProj:11 744 47.72%
0 0 32.3598 33 61.8311 Cuts:11 755 47.66%
0 0 32.4010 31 61.8311 LiftProj:9 767 47.60%
0 0 32.4654 31 61.8311 LiftProj:10 787 47.49%
0 0 32.6303 28 61.8311 LiftProj:8 815 47.23%
0 0 32.6604 28 61.8311 Cuts:11 829 47.18%
0 0 32.6782 29 61.8311 Cuts:14 839 47.15%
0 0 32.6971 31 61.8311 LiftProj:7 852 47.12%
0 0 32.7333 31 61.8311 LiftProj:9 872 47.06%
0 0 32.7882 31 61.8311 Cuts:10 885 46.97%
0 0 32.8633 31 61.8311 LiftProj:12 907 46.85%
0 0 32.8919 32 61.8311 LiftProj:9 916 46.80%
0 0 32.9791 31 61.8311 LiftProj:7 932 46.66%
0 0 33.0270 31 61.8311 LiftProj:7 952 46.59%
0 0 33.0897 30 61.8311 LiftProj:10 979 46.48%
0 0 33.1281 30 61.8311 LiftProj:10 991 46.42%
0 0 33.1747 33 61.8311 LiftProj:8 1004 46.35%
0 0 33.2166 33 61.8311 LiftProj:6 1015 46.28%
0 0 33.3166 31 61.8311 LiftProj:9 1037 46.12%
0 0 33.3515 32 61.8311 LiftProj:8 1049 46.06%
0 0 33.3821 32 61.8311 LiftProj:5 1058 46.01%
0 0 33.3986 31 61.8311 LiftProj:6 1069 45.98%
0 0 33.4098 32 61.8311 LiftProj:5 1079 45.97%
0 0 33.4388 29 61.8311 LiftProj:7 1096 45.92%
0 0 33.4528 29 61.8311 LiftProj:10 1108 45.90%
0+ 0 nan nan 45.1778 33.4528 nan 25.95%
0 2 33.4528 29 45.1778 33.4538 1108 25.95%
CPXPARAM_MIP_Cuts_Gomory-Disjunctive-LiftProj:Gomory 44
CPXPARAM_MIP_Cuts_Gomory-Disjunctive-LiftProj:Disjunctive 0
CPXPARAM_MIP_Cuts_Gomory-Disjunctive-LiftProj:LiftProj 1
3
Node Left Objective IInf Best_Integer Best_Bound ItCnt Gap
0+ 0 nan nan 136.4723 0.0000 nan 100.00%
0+ 0 nan nan 75.0384 0.0000 nan 100.00%
0 0 0.0000 24 75.0384 0.0000 120 100.00%
0+ 0 nan nan 36.5345 0.0000 nan 100.00%
0+ 0 nan nan 33.9942 0.0000 nan 100.00%
0+ 0 nan nan 31.0672 0.0000 nan 100.00%
0 2 0.0000 22 31.0672 0.0000 120 100.00%
CPXPARAM_MIP_Cuts_Gomory-Disjunctive-LiftProj:Gomory 0
CPXPARAM_MIP_Cuts_Gomory-Disjunctive-LiftProj:Disjunctive 0
CPXPARAM_MIP_Cuts_Gomory-Disjunctive-LiftProj:LiftProj 0
4
Node Left Objective IInf Best_Integer Best_Bound ItCnt Gap
0+ 0 nan nan 115.1924 0.0000 nan 100.00%
0+ 0 nan nan 108.1598 0.0000 nan 100.00%
0+ 0 nan nan 98.2525 0.0000 nan 100.00%
0 0 43.8454 17 98.2525 43.8454 151 55.37%
0+ 0 nan nan 69.2925 43.8454 nan 36.72%
0 0 43.8454 17 69.2925 Cuts:10 171 36.72%
0+ 0 nan nan 63.6842 43.8454 nan 31.15%
0 0 44.4122 22 63.6842 Cuts:14 205 30.26%
0 0 44.5308 24 63.6842 Cuts:29 222 30.08%
0 0 44.6562 25 63.6842 Cuts:19 242 29.88%
0+ 0 nan nan 57.6130 44.6562 nan 22.49%
0 0 44.9203 25 57.6130 Cuts:24 269 22.03%
0 0 45.1302 28 57.6130 LiftProj:12 293 21.67%
0 0 45.1956 27 57.6130 LiftProj:12 307 21.55%
0 0 45.3276 29 57.6130 LiftProj:11 336 21.32%
0 0 45.3747 27 57.6130 LiftProj:9 346 21.24%
0 0 45.4309 27 57.6130 LiftProj:13 363 21.14%
0 0 45.4969 30 57.6130 LiftProj:12 381 21.03%
0 0 45.5957 28 57.6130 LiftProj:14 404 20.86%
0 0 45.6348 29 57.6130 LiftProj:12 411 20.79%
0 0 45.6761 29 57.6130 LiftProj:10 424 20.72%
0 0 45.7137 30 57.6130 LiftProj:13 437 20.65%
0 0 45.7611 31 57.6130 LiftProj:11 452 20.57%
0 0 45.8526 32 57.6130 LiftProj:11 472 20.41%
0 0 45.9227 32 57.6130 LiftProj:10 488 20.29%
0 0 46.0684 33 57.6130 LiftProj:16 513 20.04%
0 0 46.1687 34 57.6130 LiftProj:14 530 19.86%
0 0 46.2427 35 57.6130 LiftProj:11 556 19.74%
0 0 46.2551 35 57.6130 LiftProj:14 564 19.71%
0 0 46.4048 33 57.6130 LiftProj:12 587 19.45%
0 0 46.4529 37 57.6130 LiftProj:14 601 19.37%
0 0 46.5492 33 57.6130 LiftProj:12 629 19.20%
0 0 46.6120 35 57.6130 LiftProj:14 652 19.09%
0 0 46.6626 35 57.6130 LiftProj:11 667 19.01%
0 0 46.7317 36 57.6130 LiftProj:10 684 18.89%
0 0 46.8682 34 57.6130 LiftProj:13 713 18.65%
0 0 46.8879 34 57.6130 LiftProj:11 726 18.62%
0 0 46.9206 34 57.6130 LiftProj:12 741 18.56%
0 0 46.9269 34 57.6130 LiftProj:8 748 18.55%
0+ 0 nan nan 55.3179 46.9269 nan 15.17%
0+ 0 nan nan 54.5576 46.9269 nan 13.99%
0 2 47.0749 28 54.5576 47.0806 748 13.70%
CPXPARAM_MIP_Cuts_Gomory-Disjunctive-LiftProj:Gomory 38
CPXPARAM_MIP_Cuts_Gomory-Disjunctive-LiftProj:Disjunctive 0
CPXPARAM_MIP_Cuts_Gomory-Disjunctive-LiftProj:LiftProj 3
5
Node Left Objective IInf Best_Integer Best_Bound ItCnt Gap
0+ 0 nan nan 115.1924 0.0000 nan 100.00%
0+ 0 nan nan 108.1598 0.0000 nan 100.00%
0+ 0 nan nan 79.8300 0.0000 nan 100.00%
0 0 0.0000 27 79.8300 0.0000 119 100.00%
0+ 0 nan nan 36.1020 0.0000 nan 100.00%
0 0 0.0000 22 36.1020 Cuts:13 135 100.00%
0+ 0 nan nan 27.2850 0.0000 nan 100.00%
0 0 0.0000 28 27.2850 Cuts:37 208 100.00%
0 0 0.0000 23 27.2850 Cuts:9 225 100.00%
0 0 0.0000 23 27.2850 Cuts:19 281 100.00%
0+ 0 nan nan 25.8876 0.0000 nan 100.00%
0+ 0 nan nan 18.8693 0.0000 nan 100.00%
0 2 0.0000 20 18.8693 0.0000 281 100.00%
CPXPARAM_MIP_Cuts_Gomory-Disjunctive-LiftProj:Gomory 1
CPXPARAM_MIP_Cuts_Gomory-Disjunctive-LiftProj:Disjunctive 0
CPXPARAM_MIP_Cuts_Gomory-Disjunctive-LiftProj:LiftProj 0
6
Node Left Objective IInf Best_Integer Best_Bound ItCnt Gap
0+ 0 nan nan 115.1924 0.0000 nan 100.00%
0+ 0 nan nan 81.9438 0.0000 nan 100.00%
0 0 43.8454 12 81.9438 43.8454 158 46.49%
0+ 0 nan nan 60.6985 43.8454 nan 27.77%
0 0 43.8454 10 60.6985 Cuts:15 171 27.77%
0+ 0 nan nan 50.4435 43.8454 nan 13.08%
0 0 44.0912 21 50.4435 Cuts:17 209 12.59%
0 0 44.6935 21 50.4435 Cuts:19 239 11.40%
0 0 44.9754 22 50.4435 Cuts:18 261 10.84%
0 0 45.0931 20 50.4435 Cuts:17 279 10.61%
0 0 45.1283 19 50.4435 LiftProj:7 291 10.54%
0 0 45.1623 20 50.4435 LiftProj:7 305 10.47%
0 0 45.2157 19 50.4435 LiftProj:7 323 10.36%
0 0 45.2968 20 50.4435 Cuts:7 345 10.20%
0 0 45.3789 22 50.4435 LiftProj:8 360 10.04%
0 0 45.4139 21 50.4435 LiftProj:8 372 9.97%
0 0 45.4860 22 50.4435 LiftProj:9 393 9.83%
0 0 45.5038 23 50.4435 LiftProj:9 403 9.79%
0 0 45.5500 21 50.4435 Cuts:9 416 9.70%
0 0 45.5927 25 50.4435 LiftProj:9 428 9.62%
0 0 45.7987 26 50.4435 LiftProj:12 453 9.21%
0 0 45.9109 26 50.4435 LiftProj:9 469 8.99%
0 0 45.9828 24 50.4435 LiftProj:9 483 8.84%
0 0 46.0193 25 50.4435 LiftProj:8 495 8.77%
0 0 46.0438 24 50.4435 LiftProj:8 510 8.72%
0 0 46.0860 25 50.4435 LiftProj:11 523 8.64%
0 0 46.3658 23 50.4435 LiftProj:11 545 8.08%
0 0 46.4583 24 50.4435 LiftProj:10 564 7.90%
0 0 46.4774 24 50.4435 Cuts:14 577 7.86%
0 0 46.5542 27 50.4435 LiftProj:11 589 7.71%
0 0 46.6161 25 50.4435 LiftProj:9 607 7.59%
0 0 46.6621 24 50.4435 LiftProj:11 617 7.50%
0 0 46.6784 26 50.4435 LiftProj:13 628 7.46%
0 0 46.7344 24 50.4435 LiftProj:12 643 7.35%
0 0 46.7429 25 50.4435 LiftProj:11 653 7.34%
0 0 46.7546 24 50.4435 LiftProj:9 665 7.31%
0 2 47.0751 12 50.4435 47.0962 665 6.64%
CPXPARAM_MIP_Cuts_Gomory-Disjunctive-LiftProj:Gomory 28
CPXPARAM_MIP_Cuts_Gomory-Disjunctive-LiftProj:Disjunctive 1
CPXPARAM_MIP_Cuts_Gomory-Disjunctive-LiftProj:LiftProj 0
7
Node Left Objective IInf Best_Integer Best_Bound ItCnt Gap
0+ 0 nan nan 115.1924 0.0000 nan 100.00%
0+ 0 nan nan 81.9438 0.0000 nan 100.00%
0 0 0.0000 23 81.9438 0.0000 124 100.00%
0+ 0 nan nan 22.7644 0.0000 nan 100.00%
0 0 0.0000 15 22.7644 Cuts:8 135 100.00%
0+ 0 nan nan 13.2997 0.0000 nan 100.00%
0 0 0.0000 16 13.2997 Cuts:22 175 100.00%
0+ 0 nan nan 12.5629 0.0000 nan 100.00%
0 0 0.0000 20 12.5629 Cuts:20 232 100.00%
0+ 0 nan nan 11.9607 0.0000 nan 100.00%
0 2 0.0000 16 11.9607 0.0000 232 100.00%
CPXPARAM_MIP_Cuts_Gomory-Disjunctive-LiftProj:Gomory 0
CPXPARAM_MIP_Cuts_Gomory-Disjunctive-LiftProj:Disjunctive 0
CPXPARAM_MIP_Cuts_Gomory-Disjunctive-LiftProj:LiftProj 0
8
Node Left Objective IInf Best_Integer Best_Bound ItCnt Gap
0+ 0 nan nan 131.6037 0.0000 nan 100.00%
0+ 0 nan nan 111.2422 0.0000 nan 100.00%
0 0 56.1710 14 111.2422 56.1710 148 49.51%
0+ 0 nan nan 111.0462 56.1710 nan 49.42%
0 0 56.1809 20 111.0462 Cuts:16 170 49.41%
0+ 0 nan nan 90.7142 56.1809 nan 38.07%
0 0 56.6857 20 90.7142 Cuts:29 196 37.51%
0+ 0 nan nan 79.4556 56.6857 nan 28.66%
0 0 57.1150 24 79.4556 Cuts:26 213 28.12%
0 0 57.2591 27 79.4556 Cuts:31 254 27.94%
0 0 57.3967 27 79.4556 Cuts:25 287 27.76%
0+ 0 nan nan 79.4430 57.3967 nan 27.75%
0 0 57.4259 27 79.4430 Cuts:16 298 27.71%
0+ 0 nan nan 76.7492 57.4259 nan 25.18%
0 0 57.4544 27 76.7492 LiftProj:11 304 25.14%
0 0 57.5192 28 76.7492 LiftProj:12 312 25.06%
0 0 57.5557 29 76.7492 LiftProj:13 323 25.01%
0 0 57.5742 28 76.7492 Cuts:12 335 24.98%
0 0 57.6301 28 76.7492 Cuts:12 344 24.91%
0 0 57.6916 29 76.7492 LiftProj:12 354 24.83%
0 0 57.7124 29 76.7492 LiftProj:9 371 24.80%
0 0 57.7843 29 76.7492 Cuts:16 389 24.71%
0 0 57.7984 30 76.7492 LiftProj:12 394 24.69%
0 0 57.8099 32 76.7492 LiftProj:10 401 24.68%
0 0 57.8352 31 76.7492 LiftProj:13 412 24.64%
0 0 57.8861 29 76.7492 LiftProj:10 429 24.58%
0 0 57.9088 31 76.7492 LiftProj:10 443 24.55%
0 0 57.9149 31 76.7492 LiftProj:9 456 24.54%
0 0 57.9254 30 76.7492 LiftProj:12 466 24.53%
0+ 0 nan nan 70.0578 57.9254 nan 17.32%
0 2 57.9254 30 70.0578 57.9268 466 17.32%
CPXPARAM_MIP_Cuts_Gomory-Disjunctive-LiftProj:Gomory 25
CPXPARAM_MIP_Cuts_Gomory-Disjunctive-LiftProj:Disjunctive 6
CPXPARAM_MIP_Cuts_Gomory-Disjunctive-LiftProj:LiftProj 5
9
Node Left Objective IInf Best_Integer Best_Bound ItCnt Gap
0+ 0 nan nan 131.6037 0.0000 nan 100.00%
0+ 0 nan nan 111.2422 0.0000 nan 100.00%
0 0 0.0000 28 111.2422 0.0000 121 100.00%
0+ 0 nan nan 69.1407 0.0000 nan 100.00%
0 0 0.0000 23 69.1407 Cuts:3 139 100.00%
0+ 0 nan nan 51.4963 0.0000 nan 100.00%
0 0 0.0000 25 51.4963 Cuts:29 184 100.00%
0 0 0.0000 25 51.4963 Disjcuts:1 187 100.00%
0+ 0 nan nan 44.2627 0.0000 nan 100.00%
0+ 0 nan nan 40.6257 0.0000 nan 100.00%
0+ 0 nan nan 26.3549 0.0000 nan 100.00%
0 2 0.0000 23 26.3549 0.0000 187 100.00%
CPXPARAM_MIP_Cuts_Gomory-Disjunctive-LiftProj:Gomory 0
CPXPARAM_MIP_Cuts_Gomory-Disjunctive-LiftProj:Disjunctive 0
CPXPARAM_MIP_Cuts_Gomory-Disjunctive-LiftProj:LiftProj 0
10
Node Left Objective IInf Best_Integer Best_Bound ItCnt Gap
0+ 0 nan nan 131.6037 0.0000 nan 100.00%
0+ 0 nan nan 99.6733 0.0000 nan 100.00%
0 0 41.1710 14 99.6733 41.1710 157 58.69%
0 0 41.1812 19 99.6733 Cuts:19 183 58.68%
0 0 42.3183 21 99.6733 Cuts:26 212 57.54%
0+ 0 nan nan 84.9732 42.3183 nan 50.20%
0 0 43.1431 25 84.9732 Cuts:15 231 49.23%
0 0 43.7219 20 84.9732 Cuts:19 254 48.55%
0 0 44.4339 24 84.9732 Cuts:19 275 47.71%
0 0 44.9567 25 84.9732 LiftProj:14 296 47.09%
0 0 45.2315 25 84.9732 LiftProj:17 308 46.77%
0 0 45.2951 28 84.9732 LiftProj:16 327 46.69%
0 0 45.8225 28 84.9732 Cuts:18 351 46.07%
0 0 46.5464 27 84.9732 Cuts:16 382 45.22%
0 0 46.8960 28 84.9732 Cuts:21 405 44.81%
0 0 47.0741 31 84.9732 LiftProj:11 422 44.60%
0 0 47.2706 31 84.9732 LiftProj:15 435 44.37%
0+ 0 nan nan 84.0135 47.2706 nan 43.73%
0 0 47.3857 29 84.0135 LiftProj:12 458 43.60%
0 0 47.6547 32 84.0135 LiftProj:15 475 43.28%
0 0 47.9106 30 84.0135 LiftProj:9 500 42.97%
0 0 48.0408 30 84.0135 LiftProj:12 513 42.82%
0 0 48.1649 29 84.0135 LiftProj:9 530 42.67%
0 0 48.2855 31 84.0135 LiftProj:9 547 42.53%
0 0 48.4474 31 84.0135 LiftProj:11 565 42.33%
0 0 48.4955 31 84.0135 LiftProj:10 577 42.28%
0 0 48.6621 31 84.0135 LiftProj:12 596 42.08%
0 0 48.7815 29 84.0135 LiftProj:10 616 41.94%
0 0 48.8845 31 84.0135 Cuts:13 637 41.81%
0 0 48.9501 31 84.0135 LiftProj:9 652 41.74%
0 0 49.1691 31 84.0135 LiftProj:10 676 41.47%
0 0 49.2543 29 84.0135 LiftProj:11 699 41.37%
0 0 49.3147 32 84.0135 LiftProj:12 716 41.30%
0 0 49.4941 29 84.0135 LiftProj:11 741 41.09%
0 0 49.6615 33 84.0135 LiftProj:6 761 40.89%
0 0 49.7198 31 84.0135 LiftProj:10 776 40.82%
0 0 49.7389 33 84.0135 LiftProj:7 787 40.80%
0 0 49.9330 32 84.0135 Cuts:9 805 40.57%
0 0 50.0528 32 84.0135 LiftProj:10 823 40.42%
0 0 50.0863 31 84.0135 LiftProj:7 830 40.38%
0 0 50.1251 32 84.0135 LiftProj:6 848 40.34%
0 0 50.1645 32 84.0135 LiftProj:11 866 40.29%
0 0 50.1915 32 84.0135 LiftProj:7 876 40.26%
0 0 50.2663 32 84.0135 LiftProj:6 900 40.17%
0 0 50.3175 32 84.0135 LiftProj:8 918 40.11%
0 0 50.3387 32 84.0135 Cuts:39 940 40.08%
0 0 50.3586 32 84.0135 LiftProj:7 955 40.06%
0 0 50.4168 31 84.0135 LiftProj:4 968 39.99%
0 0 50.4294 31 84.0135 LiftProj:9 977 39.97%
0+ 0 nan nan 73.6510 50.4294 nan 31.53%
0+ 0 nan nan 67.4877 50.4294 nan 25.28%
0 2 50.4294 31 67.4877 50.4308 977 25.27%
CPXPARAM_MIP_Cuts_Gomory-Disjunctive-LiftProj:Gomory 44
CPXPARAM_MIP_Cuts_Gomory-Disjunctive-LiftProj:Disjunctive 1
CPXPARAM_MIP_Cuts_Gomory-Disjunctive-LiftProj:LiftProj 0
11
Node Left Objective IInf Best_Integer Best_Bound ItCnt Gap
0+ 0 nan nan 131.6037 0.0000 nan 100.00%
0+ 0 nan nan 99.6733 0.0000 nan 100.00%
0 0 0.0000 23 99.6733 0.0000 120 100.00%
0+ 0 nan nan 65.2931 0.0000 nan 100.00%
0 0 0.0000 20 65.2931 Cuts:10 133 100.00%
0+ 0 nan nan 39.6301 0.0000 nan 100.00%
0 0 0.0000 21 39.6301 Cuts:30 185 100.00%
0+ 0 nan nan 28.4263 0.0000 nan 100.00%
0+ 0 nan nan 26.9803 0.0000 nan 100.00%
0 2 0.0000 18 26.9803 0.0000 185 100.00%
CPXPARAM_MIP_Cuts_Gomory-Disjunctive-LiftProj:Gomory 0
CPXPARAM_MIP_Cuts_Gomory-Disjunctive-LiftProj:Disjunctive 0
CPXPARAM_MIP_Cuts_Gomory-Disjunctive-LiftProj:LiftProj 1
12
Node Left Objective IInf Best_Integer Best_Bound ItCnt Gap
0+ 0 nan nan 110.3567 0.0000 nan 100.00%
0+ 0 nan nan 96.6816 0.0000 nan 100.00%
0 0 34.1191 21 96.6816 34.1191 158 64.71%
0 0 34.4363 22 96.6816 Cuts:11 184 64.38%
0+ 0 nan nan 86.4363 34.4363 nan 60.16%
0 0 35.3828 26 86.4363 Cuts:36 204 59.06%
0+ 0 nan nan 86.2394 35.3828 nan 58.97%
0 0 35.9701 28 86.2394 Cuts:36 233 58.29%
0+ 0 nan nan 82.5409 35.9701 nan 56.42%
0 0 36.5502 27 82.5409 Cuts:37 275 55.72%
0+ 0 nan nan 78.3466 36.5502 nan 53.35%
0 0 37.0904 31 78.3466 Cuts:21 314 52.66%
0 0 37.5476 30 78.3466 Cuts:21 344 52.07%
0+ 0 nan nan 77.1023 37.5476 nan 51.30%
0 0 37.7116 28 77.1023 LiftProj:12 367 51.09%
0 0 38.1220 29 77.1023 LiftProj:16 389 50.56%
0 0 38.7872 30 77.1023 Cuts:21 422 49.69%
0 0 38.9169 31 77.1023 LiftProj:15 434 49.53%
0 0 39.0806 31 77.1023 LiftProj:15 450 49.31%
0 0 39.1639 31 77.1023 LiftProj:14 463 49.21%
0 0 39.2941 34 77.1023 LiftProj:16 479 49.04%
0 0 39.4904 32 77.1023 LiftProj:14 499 48.78%
0 0 39.6087 34 77.1023 LiftProj:16 513 48.63%
0 0 39.8612 35 77.1023 LiftProj:16 540 48.30%
0 0 39.9382 34 77.1023 LiftProj:16 552 48.20%
0 0 40.3177 34 77.1023 LiftProj:14 576 47.71%
0 0 40.6086 36 77.1023 LiftProj:19 601 47.33%
0 0 40.8197 36 77.1023 Cuts:21 631 47.06%
0 0 40.9854 38 77.1023 LiftProj:15 653 46.84%
0 0 41.0403 38 77.1023 LiftProj:18 673 46.77%
0 0 41.0843 37 77.1023 LiftProj:16 688 46.71%
0 0 41.1458 38 77.1023 Cuts:15 707 46.63%
0 0 41.2673 38 77.1023 LiftProj:16 733 46.48%
0 0 41.3299 39 77.1023 LiftProj:15 752 46.40%
0 0 41.3641 36 77.1023 LiftProj:14 767 46.35%
0 0 41.4100 35 77.1023 LiftProj:14 787 46.29%
0 0 41.4613 34 77.1023 LiftProj:15 802 46.23%
0 0 41.5125 37 77.1023 LiftProj:18 815 46.16%
0 0 41.5605 37 77.1023 LiftProj:19 832 46.10%
0 0 41.6415 37 77.1023 LiftProj:18 850 45.99%
0 0 41.7020 37 77.1023 LiftProj:14 871 45.91%
0 0 41.7297 38 77.1023 LiftProj:11 884 45.88%
0 0 41.7751 37 77.1023 LiftProj:13 900 45.82%
0 0 41.7988 39 77.1023 LiftProj:11 914 45.79%
0 0 41.8265 38 77.1023 LiftProj:8 929 45.75%
0 0 41.8697 38 77.1023 LiftProj:14 948 45.70%
0 0 41.9321 39 77.1023 LiftProj:9 959 45.61%
0 0 42.0096 39 77.1023 LiftProj:8 978 45.51%
0 0 42.0413 38 77.1023 LiftProj:13 1001 45.47%
0 0 42.0435 39 77.1023 LiftProj:8 1005 45.47%
0 0 42.1088 38 77.1023 LiftProj:10 1027 45.39%
0 0 42.1446 39 77.1023 LiftProj:8 1041 45.34%
0 0 42.1866 36 77.1023 LiftProj:5 1054 45.28%
0 0 42.1910 37 77.1023 LiftProj:15 1064 45.28%
0+ 0 nan nan 57.6043 42.1910 nan 26.76%
0 2 42.1910 37 57.6043 42.1924 1064 26.75%
CPXPARAM_MIP_Cuts_Gomory-Disjunctive-LiftProj:Gomory 46
CPXPARAM_MIP_Cuts_Gomory-Disjunctive-LiftProj:Disjunctive 0
CPXPARAM_MIP_Cuts_Gomory-Disjunctive-LiftProj:LiftProj 1
13
Node Left Objective IInf Best_Integer Best_Bound ItCnt Gap
0+ 0 nan nan 110.3567 0.0000 nan 100.00%
0+ 0 nan nan 96.6816 0.0000 nan 100.00%
0 0 0.0000 27 96.6816 0.0000 127 100.00%
0+ 0 nan nan 76.3632 0.0000 nan 100.00%
0 0 0.0000 23 76.3632 Disjcuts:1 137 100.00%
0+ 0 nan nan 70.4959 0.0000 nan 100.00%
0 0 0.0000 24 70.4959 Cuts:41 196 100.00%
0+ 0 nan nan 69.2319 0.0000 nan 100.00%
0 0 0.0000 27 69.2319 Cuts:49 252 100.00%
0+ 0 nan nan 56.3018 0.0000 nan 100.00%
0+ 0 nan nan 44.2133 0.0000 nan 100.00%
0+ 0 nan nan 39.8883 0.0000 nan 100.00%
0 2 0.0000 23 39.8883 0.0000 252 100.00%
CPXPARAM_MIP_Cuts_Gomory-Disjunctive-LiftProj:Gomory 1
CPXPARAM_MIP_Cuts_Gomory-Disjunctive-LiftProj:Disjunctive 0
CPXPARAM_MIP_Cuts_Gomory-Disjunctive-LiftProj:LiftProj 3
14
Node Left Objective IInf Best_Integer Best_Bound ItCnt Gap
0+ 0 nan nan 110.3567 0.0000 nan 100.00%
0+ 0 nan nan 82.1268 0.0000 nan 100.00%
0 0 31.1191 14 82.1268 31.1191 165 62.11%
0+ 0 nan nan 72.3622 31.1191 nan 57.00%
0 0 31.1191 16 72.3622 Cuts:6 182 57.00%
0 0 32.3849 23 72.3622 Cuts:25 212 55.25%
0 0 33.7810 25 72.3622 Cuts:28 239 53.32%
0 0 34.4914 26 72.3622 Cuts:17 268 52.34%
0+ 0 nan nan 66.7386 34.4914 nan 48.32%
0 0 34.9793 23 66.7386 Cuts:26 309 47.59%
0 0 35.1450 26 66.7386 Cuts:15 333 47.34%
0 0 35.4571 28 66.7386 Cuts:15 358 46.87%
0 0 35.6353 27 66.7386 LiftProj:14 377 46.60%
0 0 35.7482 28 66.7386 Cuts:11 393 46.44%
0 0 35.8768 28 66.7386 Cuts:14 408 46.24%
0 0 35.9974 30 66.7386 Cuts:14 424 46.06%
0 0 36.2010 28 66.7386 LiftProj:13 441 45.76%
0 0 36.4306 26 66.7386 LiftProj:14 462 45.41%
0 0 36.6295 28 66.7386 LiftProj:11 483 45.11%
0 0 37.0260 32 66.7386 LiftProj:15 502 44.52%
0 0 37.3954 27 66.7386 LiftProj:12 523 43.97%
0 0 37.5197 27 66.7386 LiftProj:13 533 43.78%
0 0 37.6742 30 66.7386 LiftProj:14 553 43.55%
0 0 37.9094 29 66.7386 Cuts:13 577 43.20%
0 0 38.1157 30 66.7386 LiftProj:11 601 42.89%
0 0 38.2978 31 66.7386 LiftProj:11 627 42.62%
0 0 38.4285 32 66.7386 LiftProj:9 636 42.42%
0 0 38.8203 29 66.7386 LiftProj:11 665 41.83%
0 0 39.0177 32 66.7386 LiftProj:11 690 41.54%
0 0 39.0899 30 66.7386 LiftProj:11 721 41.43%
0 0 39.1419 29 66.7386 Cuts:11 742 41.35%
0 0 39.1924 32 66.7386 LiftProj:12 761 41.27%
0 0 39.3261 32 66.7386 LiftProj:10 791 41.07%
0 0 39.4014 32 66.7386 LiftProj:8 811 40.96%
0 0 39.4788 33 66.7386 LiftProj:12 842 40.85%
0 0 39.5413 31 66.7386 LiftProj:9 858 40.75%
0 0 39.6267 29 66.7386 LiftProj:6 889 40.62%
0 0 39.6787 32 66.7386 LiftProj:10 907 40.55%
0 0 39.7987 30 66.7386 LiftProj:9 941 40.37%
0 0 39.8428 31 66.7386 LiftProj:8 956 40.30%
0 0 39.9057 33 66.7386 LiftProj:7 974 40.21%
0 0 39.9663 30 66.7386 LiftProj:8 993 40.12%
0 0 40.0054 32 66.7386 Cuts:12 1009 40.06%
0 0 40.0497 32 66.7386 LiftProj:7 1028 39.99%
0 0 40.0709 33 66.7386 LiftProj:11 1038 39.96%
0 0 40.1090 32 66.7386 LiftProj:5 1060 39.90%
0 0 40.1387 30 66.7386 LiftProj:9 1082 39.86%
0 0 40.2024 32 66.7386 LiftProj:11 1105 39.76%
0 0 40.2336 33 66.7386 LiftProj:11 1122 39.71%
0 0 40.2714 33 66.7386 LiftProj:8 1139 39.66%
0 0 40.2994 33 66.7386 LiftProj:8 1160 39.62%
0 0 40.3103 33 66.7386 LiftProj:9 1172 39.60%
0+ 0 nan nan 53.6933 40.3103 nan 24.92%
0+ 0 nan nan 53.2981 40.3103 nan 24.37%
0 2 40.3103 32 53.2981 40.3110 1172 24.37%
CPXPARAM_MIP_Cuts_Gomory-Disjunctive-LiftProj:Gomory 40
CPXPARAM_MIP_Cuts_Gomory-Disjunctive-LiftProj:Disjunctive 2
CPXPARAM_MIP_Cuts_Gomory-Disjunctive-LiftProj:LiftProj 0
15
Node Left Objective IInf Best_Integer Best_Bound ItCnt Gap
0+ 0 nan nan 110.3567 0.0000 nan 100.00%
0+ 0 nan nan 82.1268 0.0000 nan 100.00%
0 0 0.0000 23 82.1268 0.0000 113 100.00%
0+ 0 nan nan 49.7602 0.0000 nan 100.00%
0+ 0 nan nan 39.6624 0.0000 nan 100.00%
0+ 0 nan nan 24.8381 0.0000 nan 100.00%
0 2 0.0000 18 24.8381 0.0000 113 100.00%
CPXPARAM_MIP_Cuts_Gomory-Disjunctive-LiftProj:Gomory 0
CPXPARAM_MIP_Cuts_Gomory-Disjunctive-LiftProj:Disjunctive 0
CPXPARAM_MIP_Cuts_Gomory-Disjunctive-LiftProj:LiftProj 0
16
Node Left Objective IInf Best_Integer Best_Bound ItCnt Gap
0+ 0 nan nan 109.2984 0.0000 nan 100.00%
0+ 0 nan nan 97.6971 0.0000 nan 100.00%
0 0 41.5886 15 97.6971 41.5886 169 57.43%
0+ 0 nan nan 88.2052 41.5886 nan 52.85%
0 0 41.7293 27 88.2052 Cuts:22 202 52.69%
0+ 0 nan nan 80.9600 41.7293 nan 48.46%
0 0 42.5115 28 80.9600 Cuts:29 230 47.49%
0+ 0 nan nan 79.5670 42.5115 nan 46.57%
0 0 42.7501 29 79.5670 Cuts:22 250 46.27%
0 0 42.8424 27 79.5670 Cuts:26 262 46.16%
0 0 43.2092 29 79.5670 Cuts:22 286 45.69%
0 0 43.5745 30 79.5670 LiftProj:17 311 45.24%
0 0 43.7917 29 79.5670 LiftProj:17 332 44.96%
0 0 43.9980 29 79.5670 LiftProj:16 354 44.70%
0 0 44.3595 27 79.5670 Cuts:15 370 44.25%
0 0 44.4747 30 79.5670 LiftProj:15 382 44.10%
0 0 44.5856 30 79.5670 Cuts:19 396 43.96%
0+ 0 nan nan 79.5439 44.5856 nan 43.95%
0 0 44.7155 31 79.5439 LiftProj:16 416 43.79%
0 0 45.0084 33 79.5439 LiftProj:12 452 43.42%
0 0 45.1661 30 79.5439 Cuts:25 470 43.22%
0 0 45.3135 31 79.5439 LiftProj:18 487 43.03%
0 0 45.6955 33 79.5439 LiftProj:20 521 42.55%
0 0 45.8356 33 79.5439 LiftProj:19 538 42.38%
0 0 45.9114 35 79.5439 LiftProj:18 556 42.28%
0 0 46.0803 34 79.5439 Cuts:16 587 42.07%
0 0 46.2469 36 79.5439 LiftProj:21 614 41.86%
0 0 46.4208 36 79.5439 LiftProj:17 629 41.64%
0 0 46.7417 36 79.5439 LiftProj:14 653 41.24%
0 0 46.9630 36 79.5439 LiftProj:19 675 40.96%
0 0 47.0146 36 79.5439 Cuts:18 687 40.89%
0 0 47.0947 36 79.5439 LiftProj:12 709 40.79%
0 0 47.1373 36 79.5439 LiftProj:10 727 40.74%
0 0 47.1690 37 79.5439 LiftProj:16 742 40.70%
0 0 47.2338 38 79.5439 LiftProj:12 757 40.62%
0 0 47.3480 39 79.5439 LiftProj:13 775 40.48%
0 0 47.4860 36 79.5439 LiftProj:12 803 40.30%
0 0 47.5505 35 79.5439 LiftProj:12 820 40.22%
0 0 47.6216 38 79.5439 LiftProj:11 845 40.13%
0 0 47.6708 38 79.5439 LiftProj:12 859 40.07%
0 0 47.6748 38 79.5439 LiftProj:14 868 40.06%
0 0 47.7039 39 79.5439 LiftProj:6 878 40.03%
0 0 47.7629 39 79.5439 LiftProj:8 898 39.95%
0 0 47.7775 38 79.5439 LiftProj:12 908 39.94%
0+ 0 nan nan 71.8065 47.7775 nan 33.46%
0+ 0 nan nan 70.6753 47.7775 nan 32.40%
0+ 0 nan nan 70.3701 47.7775 nan 32.11%
0 2 47.7775 38 70.3701 47.7792 908 32.10%
CPXPARAM_MIP_Cuts_Gomory-Disjunctive-LiftProj:Gomory 45
CPXPARAM_MIP_Cuts_Gomory-Disjunctive-LiftProj:Disjunctive 0
CPXPARAM_MIP_Cuts_Gomory-Disjunctive-LiftProj:LiftProj 1
17
Node Left Objective IInf Best_Integer Best_Bound ItCnt Gap
0+ 0 nan nan 109.2984 0.0000 nan 100.00%
0+ 0 nan nan 97.6971 0.0000 nan 100.00%
0 0 0.0000 28 97.6971 0.0000 112 100.00%
0+ 0 nan nan 85.3739 0.0000 nan 100.00%
0 0 0.0000 25 85.3739 Cuts:5 118 100.00%
0+ 0 nan nan 64.0602 0.0000 nan 100.00%
0 0 0.0000 25 64.0602 Cuts:28 148 100.00%
0 0 0.0000 29 64.0602 Cuts:44 202 100.00%
0+ 0 nan nan 62.7762 0.0000 nan 100.00%
0+ 0 nan nan 48.7535 0.0000 nan 100.00%
0+ 0 nan nan 35.2196 0.0000 nan 100.00%
0+ 0 nan nan 34.6553 0.0000 nan 100.00%
0 2 0.0000 24 34.6553 0.0000 202 100.00%
CPXPARAM_MIP_Cuts_Gomory-Disjunctive-LiftProj:Gomory 0
CPXPARAM_MIP_Cuts_Gomory-Disjunctive-LiftProj:Disjunctive 1
CPXPARAM_MIP_Cuts_Gomory-Disjunctive-LiftProj:LiftProj 0
18
Node Left Objective IInf Best_Integer Best_Bound ItCnt Gap
0+ 0 nan nan 109.2984 0.0000 nan 100.00%
0+ 0 nan nan 86.6088 0.0000 nan 100.00%
0 0 47.5886 9 86.6088 47.5886 159 45.05%
0+ 0 nan nan 60.8649 47.5886 nan 21.81%
0 0 47.5886 12 60.8649 Cuts:16 176 21.81%
0 0 48.2074 20 60.8649 Cuts:20 199 20.80%
0 0 48.4079 17 60.8649 Cuts:13 206 20.47%
0 0 48.7642 23 60.8649 Cuts:11 213 19.88%
0 0 48.9456 21 60.8649 Cuts:16 227 19.58%
0 0 49.0004 23 60.8649 LiftProj:9 235 19.49%
0 0 49.0341 23 60.8649 LiftProj:10 241 19.44%
0 0 49.0858 23 60.8649 LiftProj:8 252 19.35%
0 0 49.1709 22 60.8649 LiftProj:10 265 19.21%
0 0 49.2698 23 60.8649 LiftProj:9 275 19.05%
0 0 49.5655 25 60.8649 Cuts:13 294 18.56%
0 0 49.8470 23 60.8649 LiftProj:12 315 18.10%
0 0 49.9088 25 60.8649 LiftProj:8 326 18.00%
0 0 50.0070 24 60.8649 LiftProj:9 337 17.84%
0 0 50.0936 25 60.8649 LiftProj:9 348 17.70%
0 0 50.1568 28 60.8649 LiftProj:10 355 17.59%
0 0 50.1905 26 60.8649 LiftProj:8 363 17.54%
0 0 50.2133 27 60.8649 LiftProj:10 372 17.50%
0 0 50.2436 27 60.8649 LiftProj:8 383 17.45%
0 0 50.2679 26 60.8649 LiftProj:8 408 17.41%
0 0 50.3518 27 60.8649 LiftProj:9 428 17.27%
0 0 50.4165 29 60.8649 LiftProj:9 446 17.17%
0 0 50.4257 26 60.8649 LiftProj:10 457 17.15%
0+ 0 nan nan 60.4447 50.4257 nan 16.58%
0 2 50.4257 26 60.4447 50.4390 457 16.55%
CPXPARAM_MIP_Cuts_Gomory-Disjunctive-LiftProj:Gomory 24
CPXPARAM_MIP_Cuts_Gomory-Disjunctive-LiftProj:Disjunctive 4
CPXPARAM_MIP_Cuts_Gomory-Disjunctive-LiftProj:LiftProj 1
19
Node Left Objective IInf Best_Integer Best_Bound ItCnt Gap
0+ 0 nan nan 109.2984 0.0000 nan 100.00%
0+ 0 nan nan 86.6088 0.0000 nan 100.00%
0 0 0.0000 23 86.6088 0.0000 120 100.00%
0+ 0 nan nan 30.7528 0.0000 nan 100.00%
0 0 0.0000 21 30.7528 Cuts:16 144 100.00%
0 0 0.0000 21 30.7528 Cuts:39 186 100.00%
0 0 0.0000 20 30.7528 Cuts:3 201 100.00%
0+ 0 nan nan 29.9870 0.0000 nan 100.00%
0+ 0 nan nan 29.3315 0.0000 nan 100.00%
0 2 0.0000 19 29.3315 0.0000 201 100.00%
CPXPARAM_MIP_Cuts_Gomory-Disjunctive-LiftProj:Gomory 1
CPXPARAM_MIP_Cuts_Gomory-Disjunctive-LiftProj:Disjunctive 0
CPXPARAM_MIP_Cuts_Gomory-Disjunctive-LiftProj:LiftProj 0
20
Node Left Objective IInf Best_Integer Best_Bound ItCnt Gap
0+ 0 nan nan 93.3792 0.0000 nan 100.00%
0+ 0 nan nan 84.6822 0.0000 nan 100.00%
0 0 25.2745 20 84.6822 25.2745 154 70.15%
0+ 0 nan nan 41.6508 25.2745 nan 39.32%
0 0 25.4670 28 41.6508 Cuts:19 188 38.86%
0 0 26.1024 23 41.6508 Cuts:32 227 37.33%
0+ 0 nan nan 34.6152 26.1024 nan 24.59%
0 0 26.3885 25 34.6152 Cuts:18 264 23.77%
0 0 26.6167 25 34.6152 Cuts:16 291 23.11%
0 0 26.8107 25 34.6152 Cuts:14 311 22.55%
0 0 26.8355 25 34.6152 LiftProj:5 323 22.47%
0 0 26.8885 26 34.6152 LiftProj:7 339 22.32%
0 0 26.9371 26 34.6152 LiftProj:4 350 22.18%
0 0 26.9702 26 34.6152 LiftProj:4 361 22.09%
0 0 27.2001 24 34.6152 LiftProj:9 392 21.42%
0+ 0 nan nan 34.4861 27.2001 nan 21.13%
0 0 27.2922 27 34.4861 LiftProj:7 402 20.86%
0 0 27.4132 24 34.4861 LiftProj:7 421 20.51%
0 0 27.5062 28 34.4861 LiftProj:7 437 20.24%
0 0 27.6024 28 34.4861 Cuts:9 458 19.96%
0 0 27.6381 24 34.4861 LiftProj:6 477 19.86%
0 0 27.6657 26 34.4861 LiftProj:8 497 19.78%
0 0 27.6841 26 34.4861 LiftProj:9 511 19.72%
0 0 27.7018 29 34.4861 LiftProj:10 522 19.67%
0 0 27.7267 32 34.4861 LiftProj:8 538 19.60%
0 0 27.7481 29 34.4861 LiftProj:9 556 19.54%
0 0 27.7592 30 34.4861 LiftProj:8 566 19.51%
0 0 27.9020 28 34.4861 LiftProj:8 596 19.09%
0 0 27.9814 27 34.4861 LiftProj:10 619 18.86%
0 0 28.0535 29 34.4861 LiftProj:9 635 18.65%
0 0 28.1087 30 34.4861 LiftProj:8 651 18.49%
0 0 28.1486 28 34.4861 LiftProj:8 663 18.38%
0 0 28.1994 30 34.4861 LiftProj:8 674 18.23%
0 0 28.2592 30 34.4861 LiftProj:10 687 18.06%
0 0 28.2609 31 34.4861 LiftProj:8 694 18.05%
0 0 28.3322 31 34.4861 LiftProj:8 709 17.84%
0 0 28.3495 31 34.4861 LiftProj:5 719 17.79%
0 0 28.3889 31 34.4861 LiftProj:6 735 17.68%
0 0 28.4224 31 34.4861 LiftProj:7 745 17.58%
0 0 28.4747 32 34.4861 Cuts:12 763 17.43%
0 0 28.4979 32 34.4861 LiftProj:6 781 17.36%
0 0 28.5150 29 34.4861 LiftProj:8 794 17.31%
0 0 28.5245 29 34.4861 LiftProj:5 807 17.29%
0 2 28.8101 17 34.4861 28.8197 807 16.43%
CPXPARAM_MIP_Cuts_Gomory-Disjunctive-LiftProj:Gomory 35
CPXPARAM_MIP_Cuts_Gomory-Disjunctive-LiftProj:Disjunctive 1
CPXPARAM_MIP_Cuts_Gomory-Disjunctive-LiftProj:LiftProj 2
21
Node Left Objective IInf Best_Integer Best_Bound ItCnt Gap
0+ 0 nan nan 93.3792 0.0000 nan 100.00%
0+ 0 nan nan 84.6822 0.0000 nan 100.00%
0 0 0.0000 27 84.6822 0.0000 119 100.00%
0+ 0 nan nan 44.4240 0.0000 nan 100.00%
0+ 0 nan nan 28.6436 0.0000 nan 100.00%
0+ 0 nan nan 21.5128 0.0000 nan 100.00%
0+ 0 nan nan 21.3939 0.0000 nan 100.00%
0 2 0.0000 22 21.3939 0.0000 119 100.00%
CPXPARAM_MIP_Cuts_Gomory-Disjunctive-LiftProj:Gomory 0
CPXPARAM_MIP_Cuts_Gomory-Disjunctive-LiftProj:Disjunctive 0
CPXPARAM_MIP_Cuts_Gomory-Disjunctive-LiftProj:LiftProj 0
22
Node Left Objective IInf Best_Integer Best_Bound ItCnt Gap
0+ 0 nan nan 93.3792 0.0000 nan 100.00%
0+ 0 nan nan 77.4137 0.0000 nan 100.00%
0 0 25.2745 12 77.4137 25.2745 170 67.35%
0+ 0 nan nan 37.8382 25.2745 nan 33.20%
0 0 25.2745 19 37.8382 Cuts:9 193 33.20%
0 0 25.7365 22 37.8382 Cuts:24 223 31.98%
0 0 26.0671 20 37.8382 Cuts:15 244 31.11%
0 0 26.2616 20 37.8382 Cuts:23 267 30.60%
0+ 0 nan nan 28.5540 26.2616 nan 8.03%
0 0 26.5290 18 28.5540 Cuts:16 298 7.09%
0 0 26.7197 15 28.5540 LiftProj:8 326 6.42%
0 0 26.7397 16 28.5540 LiftProj:3 333 6.35%
0 0 26.7464 17 28.5540 LiftProj:2 338 6.33%
0 0 26.8896 17 28.5540 Cuts:4 356 5.83%
0 0 26.9224 15 28.5540 Cuts:8 367 5.71%
0 0 27.0018 17 28.5540 Cuts:5 378 5.44%
0 0 27.0854 17 28.5540 LiftProj:8 392 5.14%
0 0 27.0963 18 28.5540 LiftProj:3 396 5.11%
0 0 27.1898 17 28.5540 LiftProj:5 410 4.78%
0+ 0 nan nan 28.5540 27.1898 nan 4.78%
0 0 27.2261 17 28.5540 Cuts:8 423 4.65%
0 0 27.2261 17 28.5540 LiftProj:5 424 4.65%
0 2 27.6674 6 28.5540 27.6892 424 3.03%
CPXPARAM_MIP_Cuts_Gomory-Disjunctive-LiftProj:Gomory 14
CPXPARAM_MIP_Cuts_Gomory-Disjunctive-LiftProj:Disjunctive 1
CPXPARAM_MIP_Cuts_Gomory-Disjunctive-LiftProj:LiftProj 5
23
Node Left Objective IInf Best_Integer Best_Bound ItCnt Gap
0+ 0 nan nan 93.3792 0.0000 nan 100.00%
0+ 0 nan nan 77.4137 0.0000 nan 100.00%
0 0 0.0000 22 77.4137 0.0000 113 100.00%
0+ 0 nan nan 17.3568 0.0000 nan 100.00%
0 0 0.0000 17 17.3568 Disjcuts:2 115 100.00%
0+ 0 nan nan 9.1238 0.0000 nan 100.00%
0 0 0.0000 17 9.1238 Cuts:29 165 100.00%
0 0 0.0000 16 9.1238 Cuts:20 174 100.00%
0+ 0 nan nan 8.6204 0.0000 nan 100.00%
0+ 0 nan nan 8.2309 0.0000 nan 100.00%
0 2 0.0000 14 8.2309 0.0000 174 100.00%
CPXPARAM_MIP_Cuts_Gomory-Disjunctive-LiftProj:Gomory 1
CPXPARAM_MIP_Cuts_Gomory-Disjunctive-LiftProj:Disjunctive 1
CPXPARAM_MIP_Cuts_Gomory-Disjunctive-LiftProj:LiftProj 0
24
Node Left Objective IInf Best_Integer Best_Bound ItCnt Gap
0+ 0 nan nan 94.5045 0.0000 nan 100.00%
0+ 0 nan nan 83.7373 0.0000 nan 100.00%
0 0 29.8402 15 83.7373 29.8402 167 64.36%
0+ 0 nan nan 51.8847 29.8402 nan 42.49%
0 0 29.9846 28 51.8847 Cuts:13 197 42.21%
0+ 0 nan nan 51.5171 29.9846 nan 41.80%
0 0 30.7956 26 51.5171 Cuts:40 239 40.22%
0+ 0 nan nan 49.2379 30.7956 nan 37.46%
0 0 31.4332 28 49.2379 Cuts:28 264 36.16%
0 0 31.6637 24 49.2379 Cuts:15 291 35.69%
0 0 31.9649 29 49.2379 Cuts:15 318 35.08%
0 0 31.9910 30 49.2379 Cuts:10 325 35.03%
0 0 32.1463 30 49.2379 LiftProj:10 337 34.71%
0 0 32.2944 32 49.2379 LiftProj:10 350 34.41%
0 0 32.4811 30 49.2379 LiftProj:9 374 34.03%
0 0 32.5845 29 49.2379 LiftProj:7 386 33.82%
0 0 32.6373 26 49.2379 LiftProj:10 405 33.72%
0 0 32.8132 32 49.2379 Cuts:15 431 33.36%
0 0 33.0847 29 49.2379 LiftProj:11 451 32.81%
0 0 33.4654 29 49.2379 Cuts:11 485 32.03%
0 0 33.6028 32 49.2379 LiftProj:11 504 31.75%
0 0 33.6837 27 49.2379 LiftProj:9 523 31.59%
0 0 33.7626 28 49.2379 LiftProj:12 545 31.43%
0 0 33.8129 30 49.2379 LiftProj:10 564 31.33%
0 0 33.8612 32 49.2379 Cuts:14 582 31.23%
0 0 33.8612 32 49.2379 LiftProj:7 585 31.23%
0 0 33.8967 31 49.2379 LiftProj:7 601 31.16%
0 0 33.8967 31 49.2379 LiftProj:7 604 31.16%
0+ 0 nan nan 41.4045 33.8967 nan 18.13%
0 2 34.6470 21 41.4045 34.6472 604 16.32%
CPXPARAM_MIP_Cuts_Gomory-Disjunctive-LiftProj:Gomory 27
CPXPARAM_MIP_Cuts_Gomory-Disjunctive-LiftProj:Disjunctive 1
CPXPARAM_MIP_Cuts_Gomory-Disjunctive-LiftProj:LiftProj 5
25
Node Left Objective IInf Best_Integer Best_Bound ItCnt Gap
0+ 0 nan nan 94.5045 0.0000 nan 100.00%
0+ 0 nan nan 83.7373 0.0000 nan 100.00%
0 0 0.0000 27 83.7373 0.0000 118 100.00%
0+ 0 nan nan 36.3258 0.0000 nan 100.00%
0+ 0 nan nan 18.8427 0.0000 nan 100.00%
0+ 0 nan nan 15.2937 0.0000 nan 100.00%
0 2 0.0000 18 15.2937 0.0000 118 100.00%
CPXPARAM_MIP_Cuts_Gomory-Disjunctive-LiftProj:Gomory 0
CPXPARAM_MIP_Cuts_Gomory-Disjunctive-LiftProj:Disjunctive 0
CPXPARAM_MIP_Cuts_Gomory-Disjunctive-LiftProj:LiftProj 0
26
Node Left Objective IInf Best_Integer Best_Bound ItCnt Gap
0+ 0 nan nan 94.5045 0.0000 nan 100.00%
0+ 0 nan nan 77.5045 0.0000 nan 100.00%
0 0 29.8490 11 77.5045 29.8490 180 61.49%
0+ 0 nan nan 39.9570 29.8490 nan 25.30%
0 0 29.8490 20 39.9570 Cuts:9 203 25.30%
0 0 31.6113 23 39.9570 Cuts:24 232 20.89%
0 0 32.8376 22 39.9570 Cuts:27 272 17.82%
0 0 33.4139 22 39.9570 Cuts:24 301 16.38%
0 0 33.6594 25 39.9570 Cuts:19 327 15.76%
0 0 33.9021 24 39.9570 Cuts:13 353 15.15%
0 0 34.1462 22 39.9570 LiftProj:7 382 14.54%
0 0 34.3924 21 39.9570 LiftProj:7 415 13.93%
0 0 34.4953 24 39.9570 Cuts:8 437 13.67%
0 0 34.5712 22 39.9570 LiftProj:7 454 13.48%
0 0 34.7700 23 39.9570 LiftProj:6 485 12.98%
0+ 0 nan nan 37.0802 34.7700 nan 6.23%
0 0 34.7853 24 37.0802 LiftProj:4 494 6.19%
0 0 34.8599 24 37.0802 Cuts:8 514 5.99%
0 0 34.8977 23 37.0802 LiftProj:6 529 5.89%
0 0 35.0240 23 37.0802 LiftProj:7 560 5.55%
0 0 35.0818 24 37.0802 LiftProj:6 577 5.39%
0 0 35.1230 27 37.0802 LiftProj:6 596 5.28%
0 0 35.1389 26 37.0802 LiftProj:6 612 5.24%
0 0 35.2211 27 37.0802 LiftProj:5 634 5.01%
0 0 35.2419 26 37.0802 LiftProj:6 649 4.96%
0 0 35.2751 25 37.0802 LiftProj:5 663 4.87%
0 0 35.3062 26 37.0802 LiftProj:3 671 4.78%
0 0 35.3179 28 37.0802 LiftProj:6 682 4.75%
0 0 35.3283 28 37.0802 LiftProj:5 691 4.72%
0 0 35.3814 23 37.0802 Cuts:8 704 4.58%
0 0 35.3902 26 37.0802 LiftProj:5 713 4.56%
0 2 36.3136 8 37.0802 36.3741 713 1.90%
CPXPARAM_MIP_Cuts_Gomory-Disjunctive-LiftProj:Gomory 25
CPXPARAM_MIP_Cuts_Gomory-Disjunctive-LiftProj:Disjunctive 0
CPXPARAM_MIP_Cuts_Gomory-Disjunctive-LiftProj:LiftProj 7
27
Node Left Objective IInf Best_Integer Best_Bound ItCnt Gap
0+ 0 nan nan 94.5045 0.0000 nan 100.00%
0+ 0 nan nan 78.5671 0.0000 nan 100.00%
0 0 0.0000 22 78.5671 0.0000 116 100.00%
0+ 0 nan nan 24.3492 0.0000 nan 100.00%
0+ 0 nan nan 17.6947 0.0000 nan 100.00%
0+ 0 nan nan 15.7430 0.0000 nan 100.00%
0+ 0 nan nan 13.8807 0.0000 nan 100.00%
0 2 0.0000 14 13.8807 0.0000 116 100.00%
CPXPARAM_MIP_Cuts_Gomory-Disjunctive-LiftProj:Gomory 0
CPXPARAM_MIP_Cuts_Gomory-Disjunctive-LiftProj:Disjunctive 0
CPXPARAM_MIP_Cuts_Gomory-Disjunctive-LiftProj:LiftProj 0
28
Node Left Objective IInf Best_Integer Best_Bound ItCnt Gap
0+ 0 nan nan 133.7092 0.0000 nan 100.00%
0+ 0 nan nan 129.6212 0.0000 nan 100.00%
0+ 0 nan nan 108.6480 0.0000 nan 100.00%
0 0 56.4662 14 108.6480 56.4662 159 48.03%
0+ 0 nan nan 85.0734 56.4662 nan 33.63%
0 0 56.4662 17 85.0734 Cuts:12 177 33.63%
0 0 57.7000 25 85.0734 Cuts:13 213 32.18%
0 0 58.5894 29 85.0734 Cuts:28 239 31.13%
0 0 59.1554 27 85.0734 Cuts:30 279 30.47%
0 0 59.5963 27 85.0734 Cuts:27 317 29.95%
0 0 59.6897 29 85.0734 Cuts:17 341 29.84%
0 0 59.7540 29 85.0734 Cuts:18 360 29.76%
0 0 59.7792 32 85.0734 Cuts:18 372 29.73%
0 0 59.8370 30 85.0734 LiftProj:16 397 29.66%
0 0 59.8743 32 85.0734 LiftProj:15 415 29.62%
0 0 60.2292 29 85.0734 LiftProj:13 449 29.20%
0 0 60.2894 32 85.0734 LiftProj:15 468 29.13%
0 0 60.3446 29 85.0734 LiftProj:11 489 29.07%
0 0 60.4365 33 85.0734 LiftProj:17 507 28.96%
0 0 60.4365 34 85.0734 LiftProj:12 513 28.96%
0+ 0 nan nan 77.4151 60.4365 nan 21.93%
0 2 60.4365 32 77.4151 60.5189 513 21.83%
CPXPARAM_MIP_Cuts_Gomory-Disjunctive-LiftProj:Gomory 20
CPXPARAM_MIP_Cuts_Gomory-Disjunctive-LiftProj:Disjunctive 2
CPXPARAM_MIP_Cuts_Gomory-Disjunctive-LiftProj:LiftProj 4
29
Node Left Objective IInf Best_Integer Best_Bound ItCnt Gap
0+ 0 nan nan 133.7092 0.0000 nan 100.00%
0+ 0 nan nan 129.6212 0.0000 nan 100.00%
0 0 0.0000 27 129.6212 0.0000 120 100.00%
0+ 0 nan nan 34.2931 0.0000 nan 100.00%
0 0 0.0000 27 34.2931 Cuts:17 160 100.00%
0+ 0 nan nan 24.5549 0.0000 nan 100.00%
0 0 0.0000 25 24.5549 Cuts:21 200 100.00%
0+ 0 nan nan 17.6277 0.0000 nan 100.00%
0 0 0.0000 29 17.6277 Cuts:47 260 100.00%
0 2 0.0000 22 17.6277 0.0000 260 100.00%
CPXPARAM_MIP_Cuts_Gomory-Disjunctive-LiftProj:Gomory 2
CPXPARAM_MIP_Cuts_Gomory-Disjunctive-LiftProj:Disjunctive 0
CPXPARAM_MIP_Cuts_Gomory-Disjunctive-LiftProj:LiftProj 2
30
Node Left Objective IInf Best_Integer Best_Bound ItCnt Gap
0+ 0 nan nan 133.7092 0.0000 nan 100.00%
0+ 0 nan nan 114.7297 0.0000 nan 100.00%
0 0 62.4662 6 114.7297 62.4662 162 45.55%
0+ 0 nan nan 72.5749 62.4662 nan 13.93%
0 0 62.4662 15 72.5749 Cuts:12 181 13.93%
0+ 0 nan nan 72.4362 62.4662 nan 13.76%
0 0 62.5988 22 72.4362 Cuts:12 205 13.58%
0 0 63.4771 20 72.4362 Cuts:19 226 12.37%
0 0 63.9533 23 72.4362 Cuts:18 246 11.71%
0 0 64.4043 22 72.4362 Cuts:20 278 11.09%
0 0 64.4495 23 72.4362 LiftProj:7 288 11.03%
0 0 64.5791 25 72.4362 LiftProj:8 311 10.85%
0 0 64.6379 24 72.4362 LiftProj:8 329 10.77%
0 0 64.6809 25 72.4362 LiftProj:10 344 10.71%
0 0 64.6972 25 72.4362 LiftProj:10 351 10.68%
0 0 64.7641 23 72.4362 LiftProj:10 367 10.59%
0 0 64.7826 25 72.4362 LiftProj:10 379 10.57%
0 0 64.7907 23 72.4362 LiftProj:9 392 10.55%
0+ 0 nan nan 70.7546 64.7907 nan 8.43%
0+ 0 nan nan 69.9726 64.7907 nan 7.41%
0+ 0 nan nan 69.9378 64.7907 nan 7.36%
0 2 65.1281 15 69.9378 65.1485 392 6.85%
CPXPARAM_MIP_Cuts_Gomory-Disjunctive-LiftProj:Gomory 15
CPXPARAM_MIP_Cuts_Gomory-Disjunctive-LiftProj:Disjunctive 2
CPXPARAM_MIP_Cuts_Gomory-Disjunctive-LiftProj:LiftProj 6
31
Node Left Objective IInf Best_Integer Best_Bound ItCnt Gap
0+ 0 nan nan 133.7092 0.0000 nan 100.00%
0+ 0 nan nan 114.7297 0.0000 nan 100.00%
0 0 0.0000 23 114.7297 0.0000 132 100.00%
0+ 0 nan nan 51.7630 0.0000 nan 100.00%
0 0 0.0000 21 51.7630 Cuts:13 145 100.00%
0+ 0 nan nan 39.4231 0.0000 nan 100.00%
0 0 0.0000 27 39.4231 Cuts:32 206 100.00%
0+ 0 nan nan 38.1264 0.0000 nan 100.00%
0 0 0.0000 17 38.1264 Disjcuts:1 208 100.00%
0+ 0 nan nan 8.0784 0.0000 nan 100.00%
0 0 0.0000 19 8.0784 Cuts:22 248 100.00%
0 2 0.0000 16 8.0784 0.0000 248 100.00%
CPXPARAM_MIP_Cuts_Gomory-Disjunctive-LiftProj:Gomory 0
CPXPARAM_MIP_Cuts_Gomory-Disjunctive-LiftProj:Disjunctive 1
CPXPARAM_MIP_Cuts_Gomory-Disjunctive-LiftProj:LiftProj 0
32
Node Left Objective IInf Best_Integer Best_Bound ItCnt Gap
0+ 0 nan nan 110.7059 0.0000 nan 100.00%
0+ 0 nan nan 93.8685 0.0000 nan 100.00%
0+ 0 nan nan 89.9070 0.0000 nan 100.00%
0 0 38.4698 13 89.9070 38.4698 148 57.21%
0+ 0 nan nan 82.2491 38.4698 nan 53.23%
0 0 38.4698 14 82.2491 Cuts:18 168 53.23%
0+ 0 nan nan 61.4219 38.4698 nan 37.37%
0 0 38.7202 27 61.4219 Cuts:18 203 36.96%
0 0 39.2360 26 61.4219 Cuts:21 231 36.12%
0 0 39.4149 25 61.4219 Cuts:17 250 35.83%
0+ 0 nan nan 56.0588 39.4149 nan 29.69%
0 0 39.5423 25 56.0588 Cuts:15 272 29.46%
0 0 39.5527 25 56.0588 LiftProj:7 285 29.44%
0 0 39.7400 27 56.0588 Cuts:13 304 29.11%
0 0 39.7988 25 56.0588 LiftProj:9 313 29.01%
0 0 39.8229 29 56.0588 LiftProj:10 324 28.96%
0 0 39.9645 25 56.0588 LiftProj:10 350 28.71%
0 0 40.0497 27 56.0588 Cuts:14 366 28.56%
0 0 40.0920 26 56.0588 LiftProj:15 382 28.48%
0 0 40.1313 30 56.0588 LiftProj:16 401 28.41%
0 0 40.1584 28 56.0588 LiftProj:13 411 28.36%
0 0 40.2248 30 56.0588 LiftProj:11 428 28.25%
0 0 40.2574 29 56.0588 LiftProj:10 438 28.19%
0 0 40.2938 30 56.0588 LiftProj:11 447 28.12%
0 0 40.3384 29 56.0588 LiftProj:10 464 28.04%
0 0 40.4278 30 56.0588 LiftProj:12 488 27.88%
0 0 40.4592 31 56.0588 LiftProj:13 503 27.83%
0 0 40.4783 29 56.0588 LiftProj:12 514 27.79%
0 0 40.5232 30 56.0588 LiftProj:12 532 27.71%
0 0 40.5741 31 56.0588 LiftProj:13 553 27.62%
0 0 40.6635 31 56.0588 LiftProj:12 572 27.46%
0 0 40.6692 31 56.0588 LiftProj:14 580 27.45%
0+ 0 nan nan 49.5438 40.6692 nan 17.91%
0 2 40.6692 31 49.5438 40.6736 580 17.90%
CPXPARAM_MIP_Cuts_Gomory-Disjunctive-LiftProj:Gomory 29
CPXPARAM_MIP_Cuts_Gomory-Disjunctive-LiftProj:Disjunctive 2
CPXPARAM_MIP_Cuts_Gomory-Disjunctive-LiftProj:LiftProj 4
33
Node Left Objective IInf Best_Integer Best_Bound ItCnt Gap
0+ 0 nan nan 110.7059 0.0000 nan 100.00%
0+ 0 nan nan 93.8685 0.0000 nan 100.00%
0 0 0.0000 27 93.8685 0.0000 121 100.00%
0+ 0 nan nan 63.7992 0.0000 nan 100.00%
0+ 0 nan nan 33.7500 0.0000 nan 100.00%
0+ 0 nan nan 25.4909 0.0000 nan 100.00%
0+ 0 nan nan 21.6186 0.0000 nan 100.00%
0 2 0.0000 22 21.6186 0.0000 121 100.00%
CPXPARAM_MIP_Cuts_Gomory-Disjunctive-LiftProj:Gomory 0
CPXPARAM_MIP_Cuts_Gomory-Disjunctive-LiftProj:Disjunctive 0
CPXPARAM_MIP_Cuts_Gomory-Disjunctive-LiftProj:LiftProj 0
34
Node Left Objective IInf Best_Integer Best_Bound ItCnt Gap
0+ 0 nan nan 110.7059 0.0000 nan 100.00%
0+ 0 nan nan 74.9711 0.0000 nan 100.00%
0 0 29.4698 13 74.9711 29.4698 166 60.69%
0+ 0 nan nan 57.9034 29.4698 nan 49.11%
0 0 29.8563 22 57.9034 Cuts:17 191 48.44%
0+ 0 nan nan 53.6524 29.8563 nan 44.35%
0 0 30.8931 22 53.6524 Cuts:30 216 42.42%
0 0 31.8151 20 53.6524 Cuts:27 255 40.70%
0 0 32.3517 22 53.6524 Cuts:23 282 39.70%
0 0 32.9084 24 53.6524 Cuts:23 320 38.66%
0 0 33.0874 26 53.6524 LiftProj:11 338 38.33%
0 0 33.2479 26 53.6524 Cuts:11 360 38.03%
0 0 33.3632 26 53.6524 LiftProj:10 376 37.82%
0 0 33.4200 27 53.6524 Cuts:15 384 37.71%
0 0 33.5273 25 53.6524 LiftProj:11 409 37.51%
0 0 33.6461 26 53.6524 LiftProj:11 431 37.29%
0 0 33.7147 27 53.6524 LiftProj:13 446 37.16%
0 0 33.8017 25 53.6524 Cuts:12 468 37.00%
0 0 33.9663 27 53.6524 Cuts:17 494 36.69%
0 0 34.0240 28 53.6524 LiftProj:14 517 36.58%
0 0 34.3080 27 53.6524 LiftProj:8 540 36.06%
0 0 34.4467 28 53.6524 Cuts:18 567 35.80%
0 0 34.5488 27 53.6524 LiftProj:15 585 35.61%
0 0 34.6159 30 53.6524 Cuts:18 603 35.48%
0 0 34.6868 31 53.6524 LiftProj:15 621 35.35%
0 0 34.8079 30 53.6524 LiftProj:8 640 35.12%
0 0 34.9820 29 53.6524 LiftProj:13 662 34.80%
0 0 35.1298 31 53.6524 LiftProj:8 675 34.52%
0 0 35.2069 28 53.6524 LiftProj:10 691 34.38%
0 0 35.3877 31 53.6524 LiftProj:8 710 34.04%
0 0 35.5167 30 53.6524 LiftProj:9 726 33.80%
0 0 35.5971 28 53.6524 LiftProj:9 746 33.65%
0 0 35.7070 29 53.6524 LiftProj:11 762 33.45%
0 0 35.7627 29 53.6524 LiftProj:11 774 33.34%
0 0 35.9157 31 53.6524 LiftProj:13 792 33.06%
0 0 36.0607 29 53.6524 LiftProj:11 807 32.79%
0 0 36.1455 31 53.6524 Cuts:13 823 32.63%
0 0 36.1725 32 53.6524 LiftProj:11 836 32.58%
0 0 36.2355 31 53.6524 LiftProj:9 849 32.46%
0 0 36.3002 31 53.6524 LiftProj:12 869 32.34%
0 0 36.4655 30 53.6524 LiftProj:11 889 32.03%
0 0 36.4879 32 53.6524 LiftProj:10 902 31.99%
0 0 36.5284 31 53.6524 LiftProj:7 921 31.92%
0 0 36.5809 31 53.6524 LiftProj:13 942 31.82%
0 0 36.6619 32 53.6524 LiftProj:8 963 31.67%
0 0 36.7011 32 53.6524 LiftProj:7 976 31.59%
0 0 36.7295 31 53.6524 LiftProj:5 988 31.54%
0 0 36.8584 30 53.6524 LiftProj:11 1007 31.30%
0 0 36.8877 32 53.6524 LiftProj:10 1023 31.25%
0 0 36.9686 30 53.6524 LiftProj:7 1035 31.10%
0 0 37.0176 32 53.6524 LiftProj:10 1050 31.00%
0 0 37.0825 29 53.6524 LiftProj:7 1068 30.88%
0 0 37.1499 30 53.6524 LiftProj:12 1084 30.76%
0 0 37.1853 28 53.6524 LiftProj:8 1106 30.69%
0 0 37.2067 31 53.6524 LiftProj:9 1118 30.65%
0 0 37.2647 30 53.6524 LiftProj:8 1137 30.54%
0 0 37.2721 29 53.6524 LiftProj:6 1148 30.53%
0 0 37.3284 29 53.6524 LiftProj:8 1170 30.43%
0 0 37.3586 30 53.6524 LiftProj:13 1184 30.37%
0 0 37.3656 31 53.6524 LiftProj:7 1195 30.36%
0+ 0 nan nan 42.1052 37.3656 nan 11.26%
0+ 0 nan nan 41.9256 37.3656 nan 10.88%
0 2 37.9380 20 41.9256 37.9417 1195 9.50%
CPXPARAM_MIP_Cuts_Gomory-Disjunctive-LiftProj:Gomory 46
CPXPARAM_MIP_Cuts_Gomory-Disjunctive-LiftProj:Disjunctive 0
CPXPARAM_MIP_Cuts_Gomory-Disjunctive-LiftProj:LiftProj 0
35
Node Left Objective IInf Best_Integer Best_Bound ItCnt Gap
0+ 0 nan nan 110.7059 0.0000 nan 100.00%
0+ 0 nan nan 74.9711 0.0000 nan 100.00%
0 0 0.0000 24 74.9711 0.0000 110 100.00%
0+ 0 nan nan 44.1599 0.0000 nan 100.00%
0 0 0.0000 18 44.1599 Cuts:3 122 100.00%
0+ 0 nan nan 25.9021 0.0000 nan 100.00%
0 0 0.0000 20 25.9021 Cuts:28 174 100.00%
0+ 0 nan nan 22.6898 0.0000 nan 100.00%
0 0 0.0000 18 22.6898 LiftProj:7 180 100.00%
0+ 0 nan nan 17.7488 0.0000 nan 100.00%
0+ 0 nan nan 13.0851 0.0000 nan 100.00%
0+ 0 nan nan 11.2734 0.0000 nan 100.00%
0 2 0.0000 16 11.2734 0.0000 180 100.00%
CPXPARAM_MIP_Cuts_Gomory-Disjunctive-LiftProj:Gomory 2
CPXPARAM_MIP_Cuts_Gomory-Disjunctive-LiftProj:Disjunctive 0
CPXPARAM_MIP_Cuts_Gomory-Disjunctive-LiftProj:LiftProj 0
36
Node Left Objective IInf Best_Integer Best_Bound ItCnt Gap
0+ 0 nan nan 123.7135 0.0000 nan 100.00%
0+ 0 nan nan 108.6148 0.0000 nan 100.00%
0+ 0 nan nan 99.0366 0.0000 nan 100.00%
0 0 33.0392 17 99.0366 33.0392 162 66.64%
0+ 0 nan nan 69.6923 33.0392 nan 52.59%
0 0 33.0392 22 69.6923 Cuts:7 182 52.59%
0+ 0 nan nan 67.1396 33.0392 nan 50.79%
0 0 34.2739 28 67.1396 Cuts:24 209 48.95%
0 0 35.6757 29 67.1396 Cuts:42 256 46.86%
0 0 36.5747 30 67.1396 Cuts:28 291 45.52%
0 0 37.5858 25 67.1396 Cuts:28 337 44.02%
0 0 37.6883 27 67.1396 Cuts:12 355 43.87%
0 0 37.8167 27 67.1396 Cuts:14 371 43.67%
0 0 37.8485 28 67.1396 LiftProj:14 381 43.63%
0 0 37.8878 30 67.1396 LiftProj:14 394 43.57%
0 0 38.0703 33 67.1396 LiftProj:14 420 43.30%
0 0 38.2328 33 67.1396 LiftProj:12 441 43.05%
0 0 38.4934 31 67.1396 Cuts:16 470 42.67%
0 0 38.6633 34 67.1396 LiftProj:13 490 42.41%
0 0 38.7893 29 67.1396 Cuts:13 520 42.23%
0 0 38.8646 33 67.1396 Cuts:16 540 42.11%
0 0 38.9710 34 67.1396 LiftProj:14 572 41.96%
0 0 39.0236 36 67.1396 LiftProj:17 587 41.88%
0 0 39.2271 35 67.1396 Cuts:14 616 41.57%
0 0 39.6294 36 67.1396 Cuts:19 647 40.97%
0 0 39.8493 33 67.1396 Cuts:15 676 40.65%
0 0 39.9337 35 67.1396 LiftProj:18 697 40.52%
0 0 39.9997 37 67.1396 LiftProj:15 718 40.42%
0 0 40.0783 36 67.1396 LiftProj:14 739 40.31%
0 0 40.1466 39 67.1396 LiftProj:14 767 40.20%
0 0 40.3370 36 67.1396 LiftProj:15 801 39.92%
0 0 40.4387 35 67.1396 LiftProj:17 820 39.77%
0 0 40.5690 35 67.1396 LiftProj:17 839 39.58%
0 0 40.6515 37 67.1396 LiftProj:21 859 39.45%
0 0 40.6871 37 67.1396 LiftProj:12 880 39.40%
0 0 40.7118 36 67.1396 LiftProj:16 901 39.36%
0 0 40.8070 36 67.1396 LiftProj:14 919 39.22%
0 0 40.8264 38 67.1396 LiftProj:17 934 39.19%
0 0 40.8989 37 67.1396 LiftProj:13 947 39.08%
0 0 40.9480 34 67.1396 LiftProj:20 967 39.01%
0 0 40.9776 36 67.1396 Cuts:16 979 38.97%
0 0 41.0545 38 67.1396 LiftProj:13 1006 38.85%
0 0 41.1229 39 67.1396 Cuts:15 1024 38.75%
0 0 41.2061 36 67.1396 LiftProj:11 1045 38.63%
0 0 41.2287 38 67.1396 LiftProj:18 1065 38.59%
0 0 41.2931 37 67.1396 LiftProj:11 1102 38.50%
0 0 41.3511 39 67.1396 LiftProj:13 1119 38.41%
0 0 41.3955 39 67.1396 LiftProj:11 1135 38.34%
0 0 41.4312 37 67.1396 LiftProj:12 1158 38.29%
0 0 41.4460 38 67.1396 LiftProj:9 1170 38.27%
0+ 0 nan nan 54.9941 41.4460 nan 24.64%
0+ 0 nan nan 53.0744 41.4460 nan 21.91%
0 2 41.4460 38 53.0744 41.4462 1170 21.91%
CPXPARAM_MIP_Cuts_Gomory-Disjunctive-LiftProj:Gomory 48
CPXPARAM_MIP_Cuts_Gomory-Disjunctive-LiftProj:Disjunctive 0
CPXPARAM_MIP_Cuts_Gomory-Disjunctive-LiftProj:LiftProj 2
37
Node Left Objective IInf Best_Integer Best_Bound ItCnt Gap
0+ 0 nan nan 123.7135 0.0000 nan 100.00%
0+ 0 nan nan 108.6148 0.0000 nan 100.00%
0+ 0 nan nan 79.9437 0.0000 nan 100.00%
0 0 0.0000 27 79.9437 0.0000 123 100.00%
0+ 0 nan nan 60.3094 0.0000 nan 100.00%
0 0 0.0000 21 60.3094 Cuts:7 135 100.00%
0+ 0 nan nan 56.3559 0.0000 nan 100.00%
0 0 0.0000 24 56.3559 Cuts:33 195 100.00%
0+ 0 nan nan 44.5471 0.0000 nan 100.00%
0 0 0.0000 20 44.5471 LiftProj:1 199 100.00%
0+ 0 nan nan 40.5277 0.0000 nan 100.00%
0 0 0.0000 21 40.5277 Cuts:22 235 100.00%
0+ 0 nan nan 28.4299 0.0000 nan 100.00%
0+ 0 nan nan 26.1265 0.0000 nan 100.00%
0+ 0 nan nan 23.7715 0.0000 nan 100.00%
0 2 0.0000 21 23.7715 0.0000 235 100.00%
CPXPARAM_MIP_Cuts_Gomory-Disjunctive-LiftProj:Gomory 1
CPXPARAM_MIP_Cuts_Gomory-Disjunctive-LiftProj:Disjunctive 0
CPXPARAM_MIP_Cuts_Gomory-Disjunctive-LiftProj:LiftProj 3
38
Node Left Objective IInf Best_Integer Best_Bound ItCnt Gap
0+ 0 nan nan 123.7135 0.0000 nan 100.00%
0+ 0 nan nan 89.1896 0.0000 nan 100.00%
0 0 42.0392 9 89.1896 42.0392 158 52.87%
0+ 0 nan nan 50.0222 42.0392 nan 15.96%
0 0 42.0392 11 50.0222 Cuts:15 174 15.96%
0+ 0 nan nan 48.4832 42.0392 nan 13.29%
0 0 42.4797 20 48.4832 Cuts:9 207 12.38%
0 0 42.8863 24 48.4832 Cuts:25 228 11.54%
0 0 43.2592 22 48.4832 Cuts:21 251 10.77%
0 0 43.3454 21 48.4832 Cuts:19 280 10.60%
0 0 43.4330 23 48.4832 Cuts:8 306 10.42%
0 0 43.4998 24 48.4832 Cuts:13 332 10.28%
0 0 43.5652 24 48.4832 LiftProj:10 348 10.14%
0 0 43.6660 24 48.4832 Cuts:13 373 9.94%
0 0 43.7451 22 48.4832 Cuts:14 398 9.77%
0 0 43.8170 23 48.4832 LiftProj:10 410 9.62%
0 0 43.9076 21 48.4832 LiftProj:10 423 9.44%
0 0 44.3199 21 48.4832 LiftProj:14 450 8.59%
0 0 44.4301 23 48.4832 LiftProj:9 460 8.36%
0 0 44.6248 23 48.4832 LiftProj:8 480 7.96%
0 0 44.7069 21 48.4832 Cuts:12 496 7.79%
0 0 44.7509 21 48.4832 LiftProj:9 508 7.70%
0 0 44.8632 22 48.4832 LiftProj:9 531 7.47%
0 0 44.8961 23 48.4832 LiftProj:7 539 7.40%
0 0 44.9393 22 48.4832 Cuts:12 552 7.31%
0 0 44.9848 21 48.4832 LiftProj:7 571 7.22%
0 0 45.0059 22 48.4832 Cuts:9 587 7.17%
0 0 45.1454 22 48.4832 LiftProj:7 603 6.88%
0 0 45.1766 21 48.4832 LiftProj:9 619 6.82%
0 0 45.1833 21 48.4832 Cuts:7 627 6.81%
0 2 45.3532 13 48.4832 45.3927 627 6.37%
CPXPARAM_MIP_Cuts_Gomory-Disjunctive-LiftProj:Gomory 25
CPXPARAM_MIP_Cuts_Gomory-Disjunctive-LiftProj:Disjunctive 0
CPXPARAM_MIP_Cuts_Gomory-Disjunctive-LiftProj:LiftProj 1
39
Node Left Objective IInf Best_Integer Best_Bound ItCnt Gap
0+ 0 nan nan 123.7135 0.0000 nan 100.00%
0+ 0 nan nan 89.1896 0.0000 nan 100.00%
0 0 0.0000 24 89.1896 0.0000 125 100.00%
0+ 0 nan nan 42.3458 0.0000 nan 100.00%
0 0 0.0000 15 42.3458 LiftProj:2 137 100.00%
0+ 0 nan nan 13.9847 0.0000 nan 100.00%
0 0 0.0000 17 13.9847 Cuts:20 191 100.00%
0+ 0 nan nan 12.7963 0.0000 nan 100.00%
0 0 0.0000 14 12.7963 Cuts:15 223 100.00%
0 0 0.0000 17 12.7963 Cuts:18 274 100.00%
0+ 0 nan nan 12.5022 0.0000 nan 100.00%
0 2 0.0000 15 12.5022 0.0000 274 100.00%
CPXPARAM_MIP_Cuts_Gomory-Disjunctive-LiftProj:Gomory 0
CPXPARAM_MIP_Cuts_Gomory-Disjunctive-LiftProj:Disjunctive 0
CPXPARAM_MIP_Cuts_Gomory-Disjunctive-LiftProj:LiftProj 0
