Instance0
20;0.03828609580697937
26;0.08028663605274025
22;0.09622082800307835
25;0.14128397016336255
10;0.15485700342328887
2;0.1581011880643289
Instance1
1;0.0
11;0.0
2;0.0
Instance2
16;0.0
10;0.005514074345525755
25;0.03572556376341185
17;0.057710858835285594
17;0.08472853272271874
Instance4
14;0.048482384668678276
15;0.06554861464995504
17;0.112812620182574
23;0.1271727527097584
10;0.1444795098334302
1;0.14495024951143737
Instance6
13;0.05635138366379364
17;0.08807104841295521
10;0.11694107781279904
8;0.14308555508424142
13;0.1670706990629578
Instance8
11;0.014087415765385428
22;0.044414566067366074
15;0.053499265888275145
12;0.08318427011008982
12;0.09786005087690046
6;0.1049505482980977
1;0.1061853618659883
1;0.10665755973733322
Instance9
5;0.0
20;0.0
Instance10
20;0.008447598303658044
24;0.04858873941165798
10;0.06400309812156324
13;0.08371650181141799
21;0.1050150842803439
2;0.10534516264636573
Instance11
3;0.0
11;0.0
9;0.0
Instance12
20;0.07283081785986156
16;0.10717861516565719
15;0.12615637308443384
16;0.13882165789560774
17;0.15352249031873688
3;0.1568137060205872
Instance13
3;0.0
13;0.0
11;0.0
Instance14
20;0.03479010505705815
19;0.09028721440504206
12;0.10658518291227714
9;0.12076569402436221
10;0.13418518680869096
Instance15
3;0.0
14;0.0
9;0.0
Instance16
21;0.09332006784234126
24;0.12697920409101193
13;0.15461154937045207
19;0.17420271430779433
13;0.1811855213716682
4;0.18375775739505062
Instance17
1;0.0
15;0.0
12;0.0
Instance18
16;0.050830060100016256
17;0.09333694517699356
13;0.12525926929215844
12;0.14021920704097052
15;0.15635432186307388
Instance19
1;0.0
11;0.0
2;0.0
Instance20
19;0.12976328027271955
21;0.20626987385770068
17;0.24912387918604317
18;0.2706454169571154
15;0.279934684835232
Instance21
6;0.0
12;0.0
4;0.0
Instance22
14;0.08735509530969587
17;0.16628219430567004
8;0.1755580346316148
3;0.17728088470679526
5;0.1851481786874909
1;0.1856914197021875
1;0.1874390726117443
Instance24
17;0.047570035496087626
24;0.11438401272532939
13;0.1422506606782763
11;0.15759351161750124
9;0.18813433485829478
Instance25
1;0.0
7;0.0
10;0.0
Instance26
21;0.07245852166028222
19;0.175929422862384
15;0.19240241081700105
12;0.205152660130844
9;0.23278342154315257
Instance28
13;0.08196119440542701
21;0.11811635903115959
13;0.1327834464664714
12;0.15277201971012339
15;0.17194896323843345
Instance30
11;0.08195915837346675
14;0.121736762835889
11;0.14154482894171436
14;0.15216705200552078
14;0.179575159048774
1;0.2392019538734961
Instance32
13;0.02678800154500204
20;0.12636001215410958
6;0.152380823115882
6;0.174088139439014
13;0.2055428548780242
3;0.2084878846023604
Instance33
6;0.0
12;0.0
4;0.0
Instance34
20;0.04126847520514543
19;0.12084528596887567
10;0.13478101005015142
12;0.14460922334921122
9;0.15612019106550146
2;0.15644316066329667
1;0.15677441153283034
Instance35
2;0.0
12;0.0
2;0.0
Instance36
22;0.029329883434203063
15;0.07452673638056406
13;0.08056473524995889
7;0.08869374580835232
9;0.09334178923331593
Instance37
1;0.0
11;0.0
14;0.0
Instance38
17;0.0726527564281615
19;0.1232145260848489
15;0.14295194935586833
18;0.16810729089868726
10;0.20730645480487847

