Instance0
23;0.1451626276816588
49;0.25178126689462277
65;0.27189692353063477
92;0.44042774019402153
106;0.44199109361658706
119;0.48635395361869554
137;0.512853010662126
152;0.6062038316505534
165;0.6137152901309963
177;0.6167142437186047
191;0.6186500303664905
200;0.6207200662002476
220;0.6296346452039904
235;0.6691417104296752
252;0.6730240110895614
266;0.6873422414746637
282;0.6921748969835849
296;0.7026355404282791
308;0.7040891564739656
320;0.7116875018627018
331;0.7124379002541381
344;0.7145857471469922
354;0.7494033856362402
368;0.7522362870255828
380;0.7555044878967027
393;0.7604447915390927
403;0.7640101015803142
416;0.7645329215928188
426;0.7664307352064923
443;0.7678587017604698
458;0.7688099117391677
470;0.7698509454204546
479;0.7709541647419955
489;0.7714332244891363
500;0.7723222488275805
514;0.7727713673405251
525;0.773630450444773
535;0.7738907088650945
543;0.7779949601270558
553;0.7804012309470152
563;0.780715293165359
Instance1
35;0.039941404338340945
63;0.26533292271823455
75;0.5020200192647156
86;0.5281538032128864
99;0.5534401437903169
113;0.5961718337573223
125;0.5989880849590742
133;0.606418194512632
145;0.6162365535655476
159;0.6198660080018478
170;0.6265599546272882
179;0.6340671044872769
196;0.6370973565402256
207;0.6443477053787778
219;0.647146836512434
234;0.6495778861820313
246;0.6540975841593106
261;0.6597900068011494
269;0.662049855789789
281;0.6673399568313774
291;0.6738969429120517
303;0.6791014436131615
314;0.6814040927720405
322;0.6906831696799398
335;0.6943297441843358
343;0.6954596686786557
354;0.6967436737858373
362;0.6983101600165988
371;0.7050469068122788
379;0.7055177086849119
393;0.7097806056407551
400;0.7127509374553685
409;0.7132302993620497
418;0.7180153583948132
429;0.719915685953442
436;0.7211140907201451
443;0.7247264250883494
451;0.7316686127011783
457;0.7356747086355849
464;0.7370528741172933
468;0.7376606365346926
471;0.738062958134943
477;0.7382855190201877
480;0.7386964006544858
487;0.7390131219142573
Instance2
15;0.13131306995804784
24;0.2216675148669008
36;0.30525895761663757
50;0.32648452502173764
68;0.33121809196397867
91;0.3604717304640215
103;0.37933781928525767
114;0.3925668167345902
129;0.502839443730572
150;0.5393922183445079
162;0.5443925793708823
170;0.687676705425004
178;0.8222168951154375
193;0.8339387837459709
203;0.8431850744314526
213;0.8493808332228945
226;0.8532159808590817
241;0.8541663128571141
250;0.8556273214804235
268;0.858999139993015
281;0.8621071652819533
289;0.8642648585728595
301;0.8844948743427791
306;0.8855444858031379
315;0.8882420214455589
352;0.8933669972731748
360;0.8958252078269144
368;0.8966320752687538
381;0.8990937047523319
385;0.9688024467350328
389;0.9689243261801677
394;0.9710249542639628
403;0.9710249542639628
418;0.9823812507988837
441;0.9825712393457116
444;0.9854533297541954
445;0.9919774647584743
446;0.9921782073739908
456;0.9930134400421208
464;0.9941856335291535
Instance3
31;0.05880096937301593
51;0.22580896328448538
78;0.2701799789816752
86;0.9164168755319407
94;0.948652507587832
95;0.9744292430337111
96;0.9932321356706024
99;0.9980137789468072
100;0.9983080339176504
Instance4
19;0.13865214873327933
49;0.26404493569702653
64;0.29442548193552
83;0.31286482759578155
97;0.3189443813826153
111;0.33565626807043664
129;0.35634642587702103
149;0.40277336138120245
168;0.4267295577917171
193;0.4340171523633782
212;0.46728746127449866
227;0.4776423776434653
241;0.48991756731209213
271;0.49644374204054786
286;0.5038198738032794
301;0.5292851374482606
317;0.5371964273436842
331;0.5541267057694792
343;0.568939961582124
360;0.5736639125990135
375;0.6896629794979278
387;0.6934291895400548
400;0.6986966314757896
418;0.7060014595528493
442;0.7086318979436899
453;0.771226509419893
468;0.7758603658221638
486;0.7770419992047429
499;0.7864116568501344
515;0.7933670753099429
532;0.7980333687070295
561;0.8008275841175986
577;0.8033066972928135
591;0.8051579229255206
610;0.8080123784693193
622;0.8145692852785325
634;0.8159409067736046
649;0.8187003682611569
659;0.8250950900962906
673;0.826842657271199
686;0.8283261411921451
702;0.8328948080799335
713;0.833643503871286
732;0.8346703528978159
742;0.8397304238344178
758;0.8415384198630709
774;0.8443199522148446
789;0.8448275818690435
800;0.8620059504189742
Instance5
39;0.10395307802213112
55;0.3560794360572859
73;0.3700272820978775
94;0.39420674532424
107;0.401387458498554
126;0.42301351286660466
143;0.4311772285121936
156;0.43977850013585007
172;0.4495905430960771
193;0.46028369192994695
209;0.4739018725076106
228;0.4811904761970645
244;0.4958396105860657
264;0.5003530304694198
283;0.5068923944704019
296;0.509547699926346
306;0.5135756124915706
332;0.5430854725400874
345;0.545630258994245
359;0.5473288726126605
373;0.5536783028541915
384;0.5555148113050983
394;0.5562983046715262
406;0.5567182571159316
419;0.6521029041576428
433;0.6636201121546073
444;0.6700761754832797
458;0.6729025289993389
472;0.6738008274036678
481;0.6757873084278747
489;0.6784529906846231
501;0.6919712861839136
520;0.6941987740970869
536;0.6943594453563976
546;0.6946880911140789
560;0.6957835769730165
570;0.6970616438084437
579;0.6976166899769722
589;0.7000340621056945
600;0.7005087726445676
611;0.7021812143892123
631;0.70362725572301
640;0.7045036444101601
648;0.707052474841955
660;0.7088417684115533
670;0.7090973817786387
Instance6
8;0.1627446709680744
20;0.2960718709917152
39;0.3623554686940236
59;0.40136921719941626
72;0.4141408226533295
88;0.42365917487280774
104;0.4619877859479094
116;0.4980471666750342
138;0.5313843906321437
157;0.5408383675226013
180;0.5659447458406454
198;0.5868978758608372
210;0.6029526391337403
221;0.8171410848000383
241;0.8224037949551966
255;0.8412159574907084
274;0.8487642314409928
287;0.8541635096011632
302;0.8769725908490782
316;0.8860609559014748
331;0.8914154500022556
343;0.8951521199575834
350;0.8977859824504398
373;0.9043076610990647
382;0.9052873123982143
391;0.9079071798725116
403;0.9089120222050678
414;0.9091695305465585
436;0.9191115917310715
446;0.9197861516256287
451;0.9199876798928824
Instance7
27;0.08824957301343254
39;0.3586350737535212
58;0.477606989827424
75;0.5438104211911752
89;0.5516208835257868
108;0.5817692681373875
119;0.6282219928724898
136;0.6406992064520317
149;0.6489197180592102
160;0.6629980764173475
177;0.6791364442162388
190;0.6979791845984892
202;0.7165387957211098
211;0.7361918715705763
221;0.7393843980498487
231;0.7632941758716785
244;0.7700697519469538
253;0.7748829493606583
264;0.7789443897746563
277;0.782293125500621
295;0.7856223350707492
310;0.7992808810784011
325;0.8071694480363589
339;0.8120802762292458
349;0.8144429410854658
359;0.8232394742898221
377;0.8253873514318403
386;0.8291070841186989
394;0.8294195026120835
409;0.8412425899711018
420;0.8424629747108848
438;0.8428437347496971
448;0.8457824212030948
459;0.8488382645915116
477;0.8494631015782803
486;0.8556724191342965
495;0.8566584900040414
511;0.8570685392766084
523;0.8574883516270939
533;0.8634340660793169
541;0.8638636415077203
550;0.8671733249220122
562;0.8688428112460354
574;0.8696140944015782
594;0.8702096421545924
601;0.8715374207514763
608;0.8732557224650909
617;0.8735974301922301
626;0.8737536394389223
Instance8
26;0.240011385560313
45;0.27862765723716204
64;0.2848965621878374
96;0.3176445079654679
117;0.33891308205059595
134;0.34047452803308625
149;0.34247744889359233
169;0.3475526006675034
186;0.5104742600153025
203;0.5138126587876594
222;0.5174817774383994
236;0.5259910543092482
253;0.5276238537088123
270;0.549734164759782
288;0.5525003953157496
300;0.5596368052374473
314;0.564108420101028
329;0.5664203041562065
341;0.5719527652681415
357;0.767211544002717
372;0.77359637632776
390;0.7768374573708079
402;0.7837868023099552
413;0.792507548900258
424;0.7953860765833852
438;0.7978655522461974
453;0.7996418203854052
464;0.8037102043973992
480;0.8131049595829903
504;0.8151123859046979
521;0.819314598338139
536;0.8215702155505304
556;0.822689507802634
568;0.8231956225601069
579;0.8255680354857611
590;0.8380870760011371
607;0.8399120090208713
617;0.8430022289342878
627;0.844929358203127
642;0.8465158333082825
652;0.849863977088488
660;0.8508567406512232
669;0.8512436264514069
Instance9
39;0.07366993908081719
61;0.12385779309328306
85;0.19840046305955417
105;0.21529411126473397
123;0.23617071668552028
149;0.2528533073546725
167;0.3549816800252641
196;0.3753451616198651
213;0.44315926547786655
231;0.5161870188468651
243;0.5287306117756212
268;0.542506557693869
282;0.5516787849442295
299;0.5542667262221622
321;0.5569735015383677
336;0.5614187748218916
354;0.563799856848017
370;0.5698515902785573
381;0.5815281348539921
395;0.600545982238257
418;0.605713062272769
430;0.6155498798853198
451;0.6216764347473649
467;0.6375517820084257
480;0.6425252065731604
498;0.6479630400603833
508;0.6604875422718739
530;0.6681338016410323
544;0.6712991411142923
557;0.6880375770055533
573;0.6923278176850868
584;0.6974645232962001
602;0.7001420255271447
617;0.70369717823978
631;0.7122910248346086
646;0.7132622319666316
660;0.7133112378310916
675;0.725912721623981
687;0.7329471952672745
707;0.7366968088641807
721;0.7382715563314733
729;0.7789615796378235
740;0.7791517120367415
Instance10
10;0.19442273695231624
20;0.4610656924499295
27;0.5129671497407161
41;0.5385893881500917
54;0.5521778258340687
71;0.563981791806874
91;0.57059062507012
104;0.6007834751759278
117;0.8260578857894961
132;0.8447100389551074
149;0.8530678891901552
163;0.8578061782339744
175;0.8742434509201297
190;0.8948671737990505
199;0.94387971786872
210;0.9543236442510797
215;0.97427637424795
226;0.9770610768549702
231;0.9805768284766355
236;0.9806181598696896
240;0.9819433476594868
247;0.9828862200635337
253;0.9832323704803618
255;0.9940198640674837
267;0.9966130469785346
268;0.9966130469785346
Instance11
28;0.08118257955498617
42;0.23696586628435817
58;0.2587474376417792
68;0.29619257300643687
76;0.44671041440187953
87;0.4631792725588502
98;0.4678831606393876
128;0.4929460643185009
146;0.51362007242247
169;0.5498967092935786
189;0.5698199852596939
206;0.5965313497170313
220;0.614512171899889
238;0.6213055102662008
256;0.636561647277408
273;0.6551199557201532
291;0.6691738713357767
303;0.6909766025840709
315;0.6973867000688211
328;0.7033505581709312
337;0.7126218375796688
366;0.7326186117970426
381;0.7422836318375218
397;0.8342580788129083
413;0.8401807675188967
428;0.8541851546069484
439;0.859956129119483
450;0.8774966239472678
473;0.8779284258824828
484;0.8794047216880149
491;0.8821064013637515
498;0.8830225216857616
510;0.8944010861948035
526;0.8976979523217824
531;0.9068881612192788
537;0.9077073096743751
573;0.9085382444381777
593;0.9094811491346914
635;0.9099997467177738
641;0.910035105643893
642;0.9609413519103043
643;0.9609413519103043
647;0.964243774116197
649;0.964243774116197
Instance12
47;0.23146049517215783
63;0.27862627695804826
89;0.29702669615443367
106;0.4454614586761758
124;0.6439207282722725
139;0.6525837764100778
151;0.6707719661234799
165;0.6782087606644268
179;0.686765285762505
192;0.6934514644653751
210;0.7089592372256444
226;0.7320970323663654
243;0.7538227779107043
260;0.7636080338856344
273;0.7824378391173927
285;0.7889976765405863
294;0.7914155018143919
303;0.7944328288466616
312;0.7950075578051893
323;0.7963378571617811
333;0.7967416538007466
341;0.8015104177885288
368;0.8054071792185454
382;0.8072973438537028
394;0.8167506443094834
409;0.8177688063868749
420;0.8186853999845267
447;0.8210734978984083
458;0.8245169170895863
470;0.8251659644479236
480;0.8294467042769564
493;0.8307175489137005
503;0.8311015273127166
514;0.8328158050683246
527;0.8340371041051957
545;0.83412133162498
Instance13
32;0.05464437970612612
56;0.11288173484872205
78;0.2950472348087116
107;0.36611162701116534
127;0.3931260950561891
148;0.4333871979847686
175;0.4393136323358554
195;0.4755515530517901
217;0.4879080515505978
237;0.5094938588807424
261;0.5185650513805781
290;0.526371313228403
311;0.5547502666526787
328;0.5958867139389306
348;0.6237753941983668
365;0.6438297625641465
379;0.6480930003108117
398;0.6646497986286806
411;0.6752221382130835
427;0.6905844949208951
442;0.6965689536543609
456;0.7156248913409645
470;0.7324083272976646
486;0.7334373846847907
500;0.7392809605616856
510;0.7436973318481019
524;0.7490998831305141
538;0.7536326359071411
552;0.7625940106533646
565;0.7666489867859686
576;0.7675494119997041
590;0.7688357337336117
598;0.769215504912194
607;0.7726395708610244
619;0.7731908516041278
630;0.7738523884958516
640;0.7765352881122877
672;0.7774847160587434
690;0.7782136317079577
706;0.7785689015201799
720;0.7839163247282817
741;0.7866972298101582
754;0.7903601840810001
769;0.791499497616747
779;0.7929022008408653
790;0.7939373835695814
803;0.7966141578444274
815;0.7999647196941774
824;0.8023291015479315
833;0.805097755946628
845;0.8054469004172601
853;0.8073335056269914
863;0.8091466067376422
873;0.8106228140608409
884;0.810806574308542
Instance14
12;0.15156900803389475
26;0.2057013494081617
37;0.3463767602538664
52;0.38676095709384145
62;0.40184164017994395
76;0.42073838777794365
90;0.4396695556812219
102;0.44724661221657036
114;0.4523431120848348
126;0.4761436058415381
136;0.7484630496601259
147;0.7560937772829933
161;0.7593752210451719
173;0.7693378805588399
187;0.7751330776339977
192;0.905594313498879
204;0.9195619496296673
215;0.9254634987150095
219;0.9270455213123208
225;0.9279304353607163
242;0.9291527626793631
249;0.961596105421824
256;0.9658216714778232
262;0.967320122209989
271;0.9683700128531334
277;0.9701382497257975
287;0.9756022316797471
300;0.976320577909267
315;0.9771624406850391
322;0.9773964720358327
332;0.9784951192103926
340;0.9789956862662571
344;0.9794604985324168
345;0.9916203774674113
348;0.9943474927912445
Instance15
27;0.11525307280862265
41;0.32799450935542546
56;0.40143530383922077
65;0.40577397709881563
80;0.5254037061807487
93;0.6201493819317772
107;0.7219373685491468
120;0.7318630784025248
134;0.73785041438007
145;0.7565597896366915
154;0.7661580014492219
166;0.7705330393795181
186;0.7741271204431779
201;0.7808702211303712
219;0.7903844590862742
232;0.7917532329493034
245;0.8135192565871682
259;0.8205394710012325
267;0.826006169067687
276;0.8408023626054638
298;0.8449842606655166
308;0.8507868541584812
318;0.9001250071924889
327;0.908268483227455
339;0.9110154664383793
347;0.9135231962728683
353;0.9226148245774115
372;0.9241566796699949
380;0.9316089792841478
393;0.9328141074024887
404;0.9379802080862594
410;0.9385739109092656
416;0.9402132395996561
422;0.9405854115185553
427;0.9413740615371756
433;0.941710788511418
444;0.9419589031240175
Instance16
22;0.1665046385306149
37;0.51716815779575
57;0.5608215200349108
117;0.5623133061867113
136;0.6091174162576507
149;0.6161320724347341
166;0.616812914019049
180;0.6635873013753305
199;0.6722356799433495
213;0.6808943114794394
231;0.6849391073835098
243;0.6890069724657405
262;0.6969607124469385
275;0.708890040797727
288;0.7145599321410753
300;0.7474258212931613
316;0.750555539796881
328;0.7520242774730741
344;0.7555205395853377
359;0.7570456685859219
373;0.7575019256650883
389;0.7591577800085797
403;0.7617133323003151
415;0.7703668373523694
426;0.7723174645279067
440;0.7741783782328213
449;0.776170017280643
461;0.7767851953649124
474;0.7778643202544013
482;0.7784154172882257
493;0.7787793976547519
500;0.7796508999408
510;0.7806608172958087
523;0.7810171079362812
Instance17
37;0.0621218020096698
58;0.12495292330780605
93;0.1674593952554401
113;0.2364815815094542
137;0.2717856053798979
162;0.31048483613318495
190;0.37720894110944203
203;0.4388812524118163
229;0.48990464197227546
245;0.507360376657635
259;0.5357605799155608
278;0.5448024657658079
292;0.5696145457828545
307;0.5792844686482361
322;0.5917851760009525
341;0.5988367386635302
356;0.6103122679474239
382;0.6148840079840656
397;0.6202407942896258
413;0.6253112696029919
439;0.6339329248034061
453;0.6496338501817719
472;0.654316420279908
491;0.6564360452059873
501;0.6656857374215362
515;0.667108056544047
529;0.6755542308137619
549;0.6774337239399368
566;0.6838572495873799
576;0.6874130473936568
599;0.6895742335927966
612;0.6932223897836521
627;0.6965334378707957
644;0.6971522390474725
654;0.699258010215865
668;0.7054737294980061
680;0.7071130908242768
693;0.7152129211518217
720;0.7177296871315892
732;0.7202095097575251
749;0.7235898266331028
760;0.7244995567212021
770;0.7285310002080589
781;0.7295423245191949
790;0.7315880627376112
801;0.7321930101566012
809;0.732811811333278
812;0.7328441367678806
816;0.7337446310175222
822;0.7343357246788252
828;0.7355502374360341
833;0.7362429253203738
843;0.7363260478664945
Instance18
16;0.21751200949667318
31;0.3632196204488265
52;0.37751093145940046
70;0.44241865777567985
91;0.451514948359367
112;0.5093453104327155
134;0.5364102588765228
152;0.5405726954026023
168;0.5416686214673175
182;0.559700640114067
205;0.5636808561543268
222;0.5779148792466361
244;0.5803852684043905
263;0.7569103474054533
281;0.7643295742140969
299;0.7724927903405988
310;0.7745800937045906
325;0.8033388236460937
346;0.8273324791470272
360;0.8313269932226718
368;0.8369984356020607
386;0.8468592464022476
403;0.8541751413611886
417;0.8549073213247953
427;0.8741388547237227
439;0.8778824200215182
450;0.8851746962719559
463;0.8888562624599298
474;0.8922868798700545
489;0.8958798759011407
502;0.9076321371151443
512;0.9099763181378903
527;0.9104011823790217
540;0.9125195614274599
549;0.9147448993058337
556;0.918966802009664
565;0.922870799302298
576;0.924020606724101
583;0.9250010626651736
591;0.9250218602154389
Instance19
30;0.05953551625302011
46;0.1432242702866595
61;0.1877470309603259
87;0.25336579646719976
105;0.3229546992502505
125;0.3681946384970528
144;0.41071228436360907
167;0.43063756321639135
183;0.4492371153470847
203;0.466821589591558
219;0.5002303506826625
232;0.556903982780844
243;0.7199178900770268
255;0.7647147935831566
268;0.7780181800259617
280;0.7880887281046522
297;0.7932266319333343
310;0.8061194992187916
323;0.8079219348940222
351;0.8183709303208927
367;0.8278256996635613
382;0.8391791201089639
396;0.8465171500465575
425;0.8533741028466338
439;0.8599424093642002
453;0.8604170721398836
466;0.8712894154477693
478;0.8795575278512291
491;0.8900706668964352
512;0.8948301233769373
530;0.9018089490518514
544;0.9038551304767574
559;0.9075754603402225
583;0.9162989924338653
599;0.9182104722602664
605;0.9183515882206047
613;0.9189481238711258
627;0.9273894240440919
636;0.9290699868444849
645;0.9318794773275845
660;0.9353881332505422
667;0.9404362360135545
680;0.9444772839686978
688;0.9469403989127851
696;0.9487300058643486
703;0.9496216021592135
712;0.9498461048233882
Instance20
22;0.29846694132915913
42;0.3532056589390613
62;0.3970922563132635
75;0.4620832305081265
94;0.46867184378032084
108;0.4769449624466955
123;0.4863313194605285
143;0.49491497303435206
160;0.5137023349350109
176;0.5670938319940331
190;0.6019088965234936
205;0.6932882391789111
221;0.7115168133762114
235;0.7217600310636271
248;0.7306192935544553
260;0.7531946566086418
272;0.7649387834529192
283;0.7950544282237222
299;0.8119347831567417
314;0.8152614735823407
326;0.8209077508867264
334;0.8318884282680977
353;0.8351923776458654
366;0.8383111499198646
377;0.843700778255869
385;0.8492203554366234
391;0.8504321284139169
404;0.8606591024957385
414;0.864044269901475
425;0.8680466943197737
435;0.8748527650635527
446;0.8765843334198459
461;0.8806939656350633
470;0.8812494969463694
481;0.8813924406755944
492;0.8853363881137557
501;0.8903719058478164
513;0.8931170751931594
521;0.8934906781218155
Instance21
38;0.07900930784434682
66;0.26008257723313033
77;0.29352410075344476
91;0.3037872353639634
106;0.36344104057681254
120;0.3773733787527498
135;0.39251814941117336
157;0.4093326735761785
176;0.42014884756467336
198;0.43719734992805315
212;0.4498215372676238
227;0.47668648859008
244;0.4827486510025107
259;0.4912250430072604
276;0.508624512668202
286;0.5161118150161866
298;0.5211742523991989
309;0.536063774113941
322;0.5406050782369374
337;0.5582172553509467
349;0.5802005706254981
363;0.5893895325980248
372;0.6117270561440358
388;0.6170479632812452
404;0.6221170579407678
416;0.6226973214763072
427;0.6363718338515636
435;0.6412767029821601
444;0.6476924469788778
454;0.6545899191937791
465;0.6569985602846968
473;0.6615968750946312
485;0.6665893311739882
493;0.6701584993359847
504;0.6730269719078961
511;0.6781617567789892
518;0.6788952974748597
525;0.6796507349079203
528;0.6800777212831285
534;0.6806579848186677
540;0.6858584599013314
547;0.6871284706583608
556;0.6878948564600165
564;0.6900626334418426
573;0.7012518661460158
582;0.702905069803873
595;0.7035400751823877
602;0.7036386104997434
611;0.7043064609840434
621;0.709375555643566
630;0.7113681587278707
640;0.7141161992452363
651;0.71461982420061
658;0.7158022480088788
665;0.7162511311212771
669;0.717192690820454
674;0.718386062997318
677;0.7188239977411214
Instance22
6;0.4363328546249611
15;0.5332563837028111
25;0.5791498517821232
40;0.6169204206110598
49;0.6454509633713671
63;0.7237301569563331
74;0.8315492534135132
86;0.8838932367136404
95;0.9067739051076437
105;0.938508448435558
108;0.9478055792622443
111;0.9515933759391997
114;0.9521997384009991
120;0.953369151720184
131;0.9535896471608383
135;0.9535975219980046
142;0.9536644581139175
Instance23
39;0.07948490268219413
48;0.6875484353002107
56;0.7164285850657959
59;0.7262235206892309
69;0.7339998278937848
75;0.7533144316289896
84;0.7928382585123122
91;0.841309976033166
99;0.8455155842575545
110;0.8909170366799283
117;0.8992087756223301
125;0.901604762509599
132;0.9080145640767909
154;0.912080482981353
160;0.9369560562516933
168;0.941275143094707
172;0.9497169946515063
176;0.950355041571497
177;0.9510912495561015
179;0.9550667726729662
180;0.9551403934714268
183;0.9552876350683477
185;0.9739136970788438
188;0.9758278378388158
191;0.9781100825910901
194;0.9803923273433642
198;0.986036588558666
204;0.986429232817122
206;0.9871654408017264
209;0.9876071655924893
213;0.9879507293186381
215;0.9879752695847916
217;0.9879998098509449
Instance24
15;0.23490217286836287
39;0.3472947602772799
49;0.3523882484767006
66;0.4854627567750533
83;0.5086088349668727
96;0.5236246688699555
113;0.5581700843507165
122;0.565932930572916
138;0.5944450199814331
151;0.6037224459881314
167;0.6109704350558645
182;0.6158940690087727
200;0.7535629411058267
214;0.7793499043258859
229;0.7882298229666408
246;0.7922591253985399
258;0.8114351081339669
269;0.8165679466817677
280;0.8844292404745387
292;0.9078352361771594
307;0.9139522575451863
320;0.9177757807153368
332;0.9266111361890342
346;0.9298405047924868
357;0.9342181617554126
373;0.9359790758080102
393;0.9366317222750569
405;0.9457903224612065
423;0.948902707263962
437;0.9544163385020776
453;0.9579443236494147
464;0.960450239801188
471;0.9622234679380696
481;0.9627498950412061
492;0.9631747309490007
502;0.9667242657438345
509;0.9678602400190242
519;0.9686575769764066
529;0.9690700987999171
538;0.9706339875039725
549;0.9710218811589152
Instance25
35;0.051499321727614025
49;0.28629341467024383
60;0.299495658189129
76;0.3464254179592342
94;0.3646174858002177
106;0.3710395745110664
124;0.37527861508099714
138;0.378431906840101
160;0.38788023159814816
175;0.3998003674787165
189;0.40889062613957605
205;0.4302013341818709
228;0.43714319625960496
244;0.4495831055070584
257;0.464229163933958
273;0.47029318654761915
286;0.4738853980387594
298;0.48625600417062803
311;0.49132668212757524
326;0.4926665423622128
336;0.49377539221156797
347;0.5740298871706243
358;0.5837258175240728
372;0.5897426071817606
383;0.5951351383098429
395;0.597446223079021
404;0.6000627960648147
415;0.600633926208922
423;0.601723058111638
433;0.6095860591653934
446;0.6105689342971129
455;0.61226904263306
465;0.6149387440043519
476;0.6160013117143189
489;0.6176881379538914
496;0.6185116279291158
504;0.6191757327478452
512;0.6217391773481404
521;0.6226157957088632
528;0.6236650813224555
537;0.6273575041145907
550;0.6295490500163975
559;0.6299342308112605
568;0.6305053609553677
575;0.632909420399168
582;0.6329891129774156
590;0.6344767077713691
597;0.636508868516681
603;0.6379964633106348
610;0.6384879008764945
616;0.6388066711894845
Instance26
11;0.4543875835119262
25;0.5647673445113418
49;0.7564386503815346
64;0.7906872023525424
74;0.8193084465091907
88;0.8300872236094897
103;0.8452194799170112
114;0.854623940770631
122;0.8999416345137162
129;0.9270857322234276
136;0.9277038890746556
143;0.9351186334373548
149;0.9584052354923339
154;0.9644344336319121
159;0.9677921448245197
162;0.9678910887855188
165;0.9685613543277694
168;0.9689635136531197
170;0.9690273484666672
Instance27
22;0.05192669074933841
34;0.4993327754355761
45;0.5228280362001722
55;0.5332498625821822
64;0.6088028709002311
72;0.6457441356950988
80;0.7057737571112346
99;0.7123667420240972
110;0.723742499229239
122;0.7342417324286243
132;0.8039457872708207
142;0.8183147780210398
148;0.8220177112115723
158;0.8257810183128201
165;0.8348572295570061
170;0.8467710146048069
175;0.9018102860054661
177;0.9395339506616898
178;0.9672026161215572
181;0.9813120946893974
185;0.9853182180893145
187;0.9865288597761027
189;0.9877174897958583
192;0.9894123881573617
Instance28
23;0.1876652366525779
68;0.23408542297279974
95;0.2883290911844173
136;0.33226760806993183
170;0.4533401238061469
206;0.47577389155127325
228;0.4983755565224239
244;0.5109798411332507
263;0.5955590499299822
281;0.6007574780292255
304;0.6081780111194088
320;0.6145133769189968
336;0.7854604755527304
353;0.8086101232136793
366;0.8123231045221292
381;0.8180865100926998
391;0.8197415357367807
403;0.8344578957301095
414;0.8381501656823763
428;0.8491930842290593
440;0.8518196607631808
451;0.8548397530647799
464;0.8596221934924996
474;0.8622996069917976
483;0.8628418679536806
492;0.8658468974507829
502;0.8674868602903671
512;0.868561967961323
523;0.8730921064137219
533;0.875089810860104
544;0.9123880541360971
558;0.9145691600117019
567;0.9164560972155299
576;0.9186004320071625
584;0.9221111028663874
598;0.9227013755301492
607;0.9231793996217856
613;0.9235683989838058
Instance29
33;0.06551205611112854
49;0.33475582437275975
63;0.3408266129032257
79;0.3782393281349441
96;0.40451082204735656
115;0.423305913911342
133;0.44657376181384534
147;0.4555965954713346
162;0.47812096663871195
179;0.5026048127015629
197;0.5136194492681716
214;0.5184879682460928
227;0.5198027784668817
243;0.5526544281815926
256;0.5619263210121558
270;0.5657963284544778
283;0.5767179359960308
300;0.5938848920863309
315;0.6080004961548003
325;0.6171855618953113
338;0.6270094269412056
351;0.6336392954601835
363;0.6360580501116349
371;0.6415777722649467
386;0.6467191763830316
401;0.657764822624659
412;0.6585896799801538
429;0.6623046390473828
440;0.6634519970230712
448;0.6640225750434136
459;0.6668072438600844
473;0.6674460431654677
482;0.6691825849665096
491;0.669684941701811
502;0.6727673033986604
517;0.6750062019350038
529;0.6764264450508559
541;0.6771458695112875
548;0.6792421235425453
556;0.6809724634085836
566;0.6847370379558422
576;0.6872922351773754
582;0.6884830066980898
589;0.6892458447035477
598;0.6906412800793849
605;0.691373108409824
611;0.6922971967253784
618;0.6939841230463906
623;0.6945547010667328
627;0.6951376829570826
634;0.6952803274621682
638;0.6954973951872985
Instance30
14;0.23573640474765212
29;0.28032174538389465
69;0.3218836174899581
99;0.4206450723562825
133;0.4655722701622419
164;0.49491602610750596
190;0.5375606009801249
215;0.6178028398146274
242;0.6702762829170009
262;0.6908129352346539
286;0.7183117824274785
313;0.7242861475585816
326;0.7385768726937177
335;0.754473276803992
351;0.7637063865520599
366;0.7706066142477144
380;0.7981801883022831
393;0.9439085340799349
401;0.9448264395372736
416;0.9465919603944066
430;0.948332672995936
450;0.9488185013348428
459;0.9518864556111724
467;0.954131602743311
474;0.9546629128841579
481;0.9568046922846145
498;0.9598995221711818
509;0.9606871842866006
524;0.9649666083782463
535;0.9665047202256785
548;0.9678174904180433
564;0.9681234589038228
570;0.9682475001818415
Instance31
32;0.10861602652947838
45;0.47290142319481154
62;0.5549703246534128
71;0.6207845112042072
83;0.649958211915724
88;0.6720888826161695
94;0.6728347405598534
100;0.6858126687799511
107;0.6981299799642146
113;0.6991635259718906
117;0.7018912350230769
123;0.7020723719522574
125;0.7020723719522574
126;0.7021256475196632
127;0.99223142619109
128;0.99223142619109
Instance32
21;0.1863029301110726
42;0.33762829774681496
59;0.3421916465180662
74;0.43953228827689605
93;0.47719423752896134
106;0.4923535670673863
122;0.5095127868485401
138;0.5300877007320133
151;0.5459979984773309
167;0.5727448481973824
186;0.5844158092908855
207;0.5851990772056017
225;0.5897452610817381
239;0.5924449783273061
254;0.609730705297435
273;0.6131652408959845
290;0.6223598910563644
306;0.6314091925315392
321;0.6334386908397729
337;0.6358450190726123
353;0.642854055670279
366;0.6550148956657698
380;0.663227096379856
392;0.6649820471715914
407;0.6656711076051561
420;0.6704057064435952
447;0.670720628594873
458;0.6761012215897791
473;0.6892364361046075
493;0.6933358073558541
502;0.6960489828130154
517;0.6972010057253815
527;0.7000649131523851
544;0.7016126074855873
559;0.7067428777448624
569;0.7075153790903042
581;0.7081129236850361
594;0.7106834420993109
608;0.7127560066846427
622;0.7181796659566464
636;0.7193801384307477
651;0.7206236771819465
658;0.7211108644416153
671;0.724502333763067
681;0.7257889387913636
694;0.727799595603367
709;0.7283406157094081
Instance33
31;0.06769491935718641
54;0.3155359190284655
69;0.3322043544644619
94;0.36916713378611576
120;0.3754520417655279
138;0.40924382510094665
155;0.4181465015795114
173;0.4301542299572927
188;0.47056573567144744
206;0.48002984219821
222;0.5987769186332347
242;0.6109301141206341
258;0.6624021669117385
273;0.6642195605360744
293;0.7113426827100526
309;0.7226313157573627
336;0.7269897376010368
355;0.7473958045786797
369;0.7555197747064103
382;0.787959572583315
396;0.8008024957734058
407;0.8071157980028455
420;0.8096315047287896
430;0.8164896096886884
446;0.8230993486979367
456;0.8316319208735118
469;0.8332422936503104
481;0.8387383917840611
490;0.8401484694393674
495;0.8412861457294442
504;0.8424158102146612
514;0.849954918587634
524;0.8544255056993437
530;0.8571815665710788
541;0.8574780033508875
547;0.8615239648050335
559;0.8634868569956587
566;0.8641838840184521
572;0.8643841791399445
575;0.9992900178101444
Instance34
15;0.42167919215913735
27;0.4531093937967951
36;0.6320069008824123
45;0.638168281227992
53;0.6618147466731493
66;0.6848187324159523
81;0.7118478534940061
92;0.7261655136609763
102;0.7482057798502474
115;0.7532556703107538
123;0.7548425951755693
137;0.861210974490703
147;0.8654756751441139
156;0.8776535713772833
167;0.8795230768882072
176;0.8849261915119575
182;0.9262675755106262
192;0.9273578688040063
205;0.9365520797894941
217;0.9440411435587774
230;0.9465827780885916
246;0.9483880178038603
258;0.9495140584183349
273;0.9510047217079727
289;0.9518519332179106
310;0.9528564329406641
320;0.953120963116763
340;0.9534498384708316
356;0.9735863044433247
367;0.9740045481001297
372;0.9740581690817713
387;0.9757061205842246
394;0.9822470134134728
401;0.9831843940030878
404;0.9895727803719948
408;0.98968776005087
Instance35
37;0.12188400652523124
57;0.35031250009628256
69;0.512804906064585
83;0.7540427757009703
99;0.7599819729929952
113;0.7704837897790392
129;0.7824660770270893
145;0.8248274434052514
158;0.8284384173340331
172;0.8387785263013139
185;0.8499608971775414
195;0.857541254358061
208;0.8603995687086351
219;0.8694494041132743
231;0.8743596118377714
240;0.8784185974202484
248;0.8836155326031105
255;0.8850670903610822
261;0.8963121828688271
268;0.8993138609485837
280;0.9008371005711466
285;0.910773999050102
298;0.916069496796777
306;0.9192593397710854
310;0.9197700730562978
320;0.9206033747321706
328;0.9206750565967616
334;0.9217413243325557
339;0.9218846880617381
Instance36
21;0.15767820289640055
40;0.21964137550517215
59;0.32440430493371075
77;0.34770288955139456
103;0.41828486155794903
121;0.4398026045545352
141;0.46682166001241376
160;0.5018373693107
183;0.5262184924535142
200;0.5730403458675059
216;0.5838811108087429
234;0.6713991979382098
252;0.6764295977081101
267;0.6806107092051703
280;0.6868065095082735
289;0.6885957049019246
301;0.6969052425193177
320;0.7128035818004779
333;0.7248053106189037
349;0.7282467194267159
365;0.7839983197060084
380;0.7909145806833717
396;0.7918426412618038
408;0.7961183489267233
421;0.8008602965489027
433;0.8134310980505705
444;0.8166793100750829
456;0.8255489176032413
472;0.8308521209085679
483;0.8343544447581274
499;0.8380291227151098
511;0.8414695758594404
522;0.8505977145487336
533;0.8535807664079795
544;0.8630491939760314
555;0.8634734502404574
567;0.8669956611024118
582;0.8679104636725806
593;0.8700206966544919
603;0.8711299500125225
613;0.8731738929531172
624;0.8737351486362642
637;0.8754365930300564
649;0.8809231987830254
662;0.8818976623903791
672;0.8830709961216827
681;0.8842310718447228
691;0.884575780059569
701;0.8856121143721517
716;0.8860164836241827
Instance37
40;0.04105648816348151
52;0.22935091317258738
68;0.2536051393857839
85;0.3730744612758694
100;0.3974482611478558
111;0.4054533816940473
124;0.4111969276722851
134;0.4284650690210917
148;0.4409466750753276
164;0.4464210636956065
180;0.46914196622521187
189;0.513309940660996
203;0.5278048242793894
218;0.5392868296805247
230;0.5486837029008138
242;0.5545257472489116
253;0.6206731774333244
260;0.6218379476152076
268;0.6237294547481806
276;0.625521408874155
287;0.6462682555326583
299;0.6521518382462742
311;0.656084182022718
325;0.6587322920088801
336;0.6634610598413124
352;0.6670350127925615
361;0.6766020567651245
373;0.695527083395554
383;0.6985335842069109
392;0.7035112345568397
401;0.7048452448506206
409;0.7124610498860118
417;0.7169708011030473
432;0.7198379277046063
443;0.7354478392019831
453;0.7382353233979432
467;0.7397983056078208
475;0.7426156557058806
484;0.7462592957620284
494;0.7475435295523101
500;0.751256856713357
513;0.753078676741431
522;0.7574390984479685
531;0.7583052096088562
540;0.7597487282103356
547;0.7609433642943185
554;0.7628746926300909
562;0.7634122788678832
570;0.7648060209658634
578;0.7649055739728619
583;0.7655028920148533
589;0.7673147567422274
597;0.7695746100010951
605;0.7723720494977551
612;0.7728200380292487
Instance38
14;0.5665718483374379
23;0.6189143860691216
47;0.6565585676613783
64;0.6906699956783083
83;0.7297719306046219
103;0.7483812682114556
119;0.7755663979546774
136;0.7872704499484743
157;0.7967471599111355
176;0.8183691877416865
188;0.8460875137494376
203;0.8622304903100021
214;0.8725266940388359
229;0.8766189097045305
236;0.8808135620909967
242;0.8810814735145531
253;0.8853155246397775
261;0.8912069493754344
278;0.9010828998908464
288;0.9107014453130376
301;0.9173860979890279
311;0.9404373203905082
323;0.9421526229657244
334;0.9479958733270915
344;0.9546299797044462
353;0.9556880168069161
360;0.9596422968868537
369;0.9637488701860861
376;0.9656031069262728
382;0.9658248672280533
390;0.9671554290387349
398;0.9685073653363352
402;0.9713715465834252
410;0.9719299550541729
415;0.9719673604062806
Instance39
32;0.059581447043726934
45;0.4070991912253902
59;0.45322572207782913
67;0.49041113865602776
75;0.5046535248410344
89;0.5140209269596459
105;0.5194205729883437
122;0.5630112376896534
137;0.5775815376010992
150;0.6901800686824214
163;0.7279411946201853
179;0.7407587336458195
191;0.7739927812622855
203;0.7940299953309302
218;0.8392941439519934
228;0.8605094831623747
240;0.8674278228793529
243;0.8684296959499134
246;0.8690795595632499
252;0.8725150348760439
256;0.8739648054434009
264;0.885481674436425
270;0.888205075221834
280;0.8959146028183409
287;0.9182231573216344
288;0.9346225881399427
292;0.9435589698369051
297;0.9482543568302243
299;0.9489703689230472
304;0.9489703689230472
341;0.9491493719462528

