Instance0
1;0.560988236547299
2;0.5622823382797831
2;0.5790970142426182
1;0.5809646710859361
2;0.5828006238779014
1;0.5850227896590715
1;0.5850227896590715
1;0.5850227896590715
Instance4
3;0.6922889915380447
6;0.7403429751188064
Instance8
6;0.3972179408686595
4;0.3989996400473242
1;0.3989996400473242
6;0.3989996400473242
Instance12
7;0.5766389673507207
4;0.5768036956419295
2;0.5774688249686966
1;0.5774688249686966
Instance20
1;0.7038136440132835
Instance24
3;0.5522348154432772
2;0.6511210559732632
Instance28
9;0.4468423897727313
1;0.4468423897727313
Instance30
6;0.7030260936216658
2;0.7030260936216658
1;0.74994674691397
Instance32
6;0.5855427263862887
5;0.5888515177947025
7;0.5908416381501812
2;0.5915961533458237
3;0.6101654937412013
1;0.6101654937412013

