Instance0
17;0.08798515718258516
43;0.11709388882197623
41;0.20987020709291007
27;0.21794683849593388
29;0.2216852210409743
17;0.22408468629274658
20;0.22548045366142458
19;0.22755842193501805
16;0.23242150260241848
14;0.35488724031131424
20;0.3556668728324239
15;0.35597095237878046
26;0.3565813977838721
25;0.35916035814695596
20;0.3609939806746095
20;0.36706642635222564
21;0.37149272711723474
24;0.37433004077910265
23;0.37609964656015504
22;0.3774600024254342
20;0.37817333188756375
22;0.38065855344312416
17;0.38123241785015793
16;0.38405829995013274
16;0.3859239308510871
17;0.38989982807750817
20;0.39097668120783835
15;0.39371568343742563
14;0.39684107245899974
18;0.39802080964636793
13;0.3991319574623775
17;0.4013908340924545
13;0.4030278337555468
17;0.40392864083272323
11;0.4071134739761415
23;0.4081583187331712
15;0.40846697090428474
13;0.40965128071641016
14;0.4097816005219917
Instance1
1;0.0
28;0.0
7;0.0
28;0.0
Instance2
19;0.017896452157008594
36;0.04540306601543339
19;0.06847185234217458
19;0.16024350228531506
23;0.17357584948041843
16;0.18195639496850716
14;0.19201404339299036
15;0.19604157503728104
14;0.1991224752463618
19;0.20368667983029876
11;0.2078061415614729
16;0.20868568887922678
19;0.21223866250744094
13;0.2195558005040082
15;0.22327524212739047
13;0.22601823715224953
15;0.23219246055512546
13;0.24328867050170236
11;0.246618030405064
17;0.25006913555862315
13;0.256462003492466
13;0.26178897933784456
10;0.26462390444958755
11;0.2668376803256288
11;0.2677569811944674
9;0.2687806351349041
10;0.2703807155660719
8;0.27447781592476084
11;0.2752256796045459
14;0.2756679378603654
7;0.27613752668255603
9;0.2770369507758523
10;0.2784009944974534
12;0.28026692680150167
9;0.28097752152714445
7;0.2831440900612724
7;0.284334211996877
10;0.28589205428001707
10;0.2868461395060551
8;0.28800396168140324
6;0.2890450078004393
9;0.2915296047432466
8;0.2923967290762863
5;0.29315701574078523
6;0.2935669742363485
5;0.2938452490939428
7;0.2945657822073569
10;0.29491362577935
Instance4
10;0.3368067492317665
14;0.4535088651364252
29;0.45687197475633073
19;0.46042791022290874
24;0.6021479895806813
12;0.6087272939829769
12;0.6107772535251879
11;0.6149147865461645
9;0.616391133555922
13;0.6181527195845501
12;0.6202214860950382
14;0.6233183668713451
12;0.6245439543040738
10;0.6258385006204854
13;0.6270170706325212
11;0.6285028211264172
11;0.6313708837886853
10;0.6335681645824008
16;0.6381351233790393
14;0.6412790215760391
11;0.6435985476635563
14;0.643987225007951
12;0.6486795635931042
14;0.6501872555499904
12;0.6532057739584756
14;0.6551742366381523
11;0.6567602909628599
10;0.6589262268094469
13;0.6632048120925025
11;0.6638223075509361
12;0.6648472873220416
8;0.665044760488952
Instance5
13;0.0
37;0.0
9;0.0
19;0.0
Instance6
15;0.40281182245331204
17;0.7291460643031696
19;0.7548273648510344
18;0.7668472197812072
17;0.7718657970259086
7;0.7733666799402119
7;0.7748163963915276
7;0.7770933039944761
7;0.7805513041180553
8;0.7840519429607911
8;0.785544298131263
9;0.7886185497824352
9;0.7893775189834181
9;0.7913474278084411
9;0.793168101116417
12;0.8019516772626232
9;0.8067357415519648
9;0.8098014654593059
8;0.8113577787085126
8;0.8124024273278426
11;0.8142017812762403
11;0.8261320948961849
10;0.8300761764181466
14;0.8308905759540327
11;0.8341652295852398
9;0.8368045663010174
11;0.838765947382209
13;0.8394609585044575
12;0.8418487267772126
11;0.8422111558900413
9;0.8427100289041708
Instance7
8;0.0
22;0.0
20;0.0
Instance8
16;0.0019803642825668346
29;0.24227335378323084
26;0.4320431386099556
31;0.4357065399387606
25;0.43920469415696756
16;0.44017858419765193
11;0.4921780681263552
12;0.49388354634771076
13;0.4948441938026411
12;0.49533109730719466
12;0.49680233546419744
12;0.4984209606279841
9;0.49896839808175253
16;0.5008607419724234
12;0.5012318414002183
10;0.5015345111462921
13;0.5022003845876548
10;0.5035400272028863
10;0.5041374709625278
9;0.5042980175234889
12;0.5045743681612085
Instance9
3;0.0
29;0.0
1;0.0
Instance10
19;0.00017435211948933345
26;0.01961119477353881
15;0.16128805984440825
19;0.17289325493029276
19;0.18716916871942504
14;0.19765153912526537
17;0.2031614002337675
16;0.2044366082632462
18;0.21501121069637588
16;0.22952572473001756
21;0.23653535880400725
11;0.24010634229536182
15;0.24404625389587373
12;0.25720725548472456
15;0.2626624356559226
9;0.26785195463662753
12;0.2704923429574079
9;0.27300902644902775
9;0.2754547317599811
11;0.2787379796027952
10;0.27971342259994997
12;0.28309198399965857
10;0.2855133539343836
13;0.28760214039398735
9;0.2889324742944728
10;0.2933736804561545
11;0.2951014921683704
12;0.29632637277186624
11;0.29996451151801096
6;0.30335929650187166
10;0.30454159019696786
7;0.30492892826860307
9;0.30886517537354563
10;0.3112946571003468
7;0.31197401968672284
6;0.31276086351810756
11;0.31355987503760635
7;0.31410742100274525
6;0.3156243261209818
8;0.3166626355067266
39;0.3170925604867615
7;0.317496122142549
4;0.31867638788962604
9;0.3189319093400242
Instance11
10;0.0
30;0.0
Instance12
11;0.005070129870129984
36;0.08723477288362194
36;0.09920317742726155
37;0.13894567203966446
21;0.1862353806853598
21;0.1952534963613225
12;0.2104927920914982
16;0.21871843312163108
21;0.23205102672115407
15;0.2346506018712716
15;0.23793163851024016
14;0.23960121915792554
16;0.24221081580052617
14;0.24614525374939325
16;0.24851633887089591
16;0.25357719257486394
16;0.25512050241726225
14;0.2627268152119391
19;0.2685573195386097
21;0.2727883936649766
15;0.2761095162738777
18;0.2772098761485227
16;0.2780917674870359
15;0.2793244110624578
16;0.28175963373585233
15;0.28301432459473724
14;0.2836997946805816
14;0.28461976769053055
15;0.2856479728192972
18;0.2866741736495672
19;0.28763623692794515
18;0.2892597187102083
14;0.290472319300664
11;0.2910275099842281
13;0.2919374615016941
11;0.2924124802453932
8;0.29296767092895726
14;0.29383352787949757
9;0.29508421014138897
8;0.29663754147627025
13;0.29727290409969914
8;0.2973169986666249
10;0.29862580558491847
8;0.2993433444467087
5;0.3001851498152895
15;0.300273338949141
Instance13
1;0.0
41;0.0
49;0.0
Instance14
6;0.08232542519724155
25;0.11048995397382069
28;0.14155370703511172
17;0.157360375737025
26;0.2337985143181792
15;0.2377960705041618
15;0.24532556528777769
14;0.24962468726932338
11;0.25234842953484793
14;0.2554509384395999
14;0.25836044523519114
13;0.26327234891332074
14;0.2688115094462211
11;0.27361002438521903
15;0.2831756914204762
12;0.2920875638109529
13;0.2950863340820309
14;0.29881368731518904
13;0.3044879493245017
11;0.30946499121447285
11;0.3138582017242342
9;0.31701137368264043
11;0.32646365197876603
11;0.33122597902229617
11;0.33296782305746786
11;0.33422233676700974
12;0.33544066258108407
10;0.33866621033042554
8;0.34048284268289686
12;0.34235013808902265
9;0.34385796706683747
6;0.3459182645821236
10;0.34717277829166554
9;0.3500678099290699
8;0.35113173405581605
7;0.3526492131390891
8;0.3541112041159781
12;0.35505450192449917
7;0.3561232511039743
11;0.35663470669324915
5;0.35755387923812504
9;0.3582703995683826
11;0.35980717886257135
11;0.36055988708829667
8;0.36147182205407896
8;0.36214732943614
9;0.3624102948098708
Instance16
22;0.08254106708210646
29;0.17308300876264904
22;0.19431134517317153
26;0.19633120732453438
22;0.20435813513731832
17;0.21235223745468448
17;0.21710536919115297
16;0.22161996899425357
15;0.22953091338989517
15;0.23205191143796688
19;0.23447880973250815
16;0.23760567090328083
12;0.244017257395696
25;0.2474693133528617
18;0.2506959021168835
20;0.25905788928008794
19;0.26212468090722113
18;0.2637839443286109
16;0.26748116849579734
21;0.27112804561985454
17;0.2749347198808002
14;0.2819592268982669
19;0.28680348804805
18;0.28793301301564517
12;0.28968640351766783
10;0.2906189183164964
16;0.2913128319109297
12;0.2927313051260493
13;0.2952311452675098
12;0.2982519678552642
12;0.2996638740647582
11;0.30122025439801436
12;0.30229724332060504
14;0.3023848033956124
6;0.303021802941291
8;0.30431331404764994
12;0.30463290832142687
Instance17
5;0.0
28;0.0
44;0.0
Instance18
16;0.5158469468966679
20;0.5384130164537239
13;0.5457247439039333
11;0.5587181029588447
16;0.565333301759184
9;0.5673317190373459
10;0.5685606727284785
8;0.5704460408540436
10;0.5735494224301678
9;0.5771560550726899
13;0.5879394855316775
12;0.5982050779368348
8;0.6004587674950538
9;0.6040398729095704
9;0.6071979556885638
10;0.6095026997027942
8;0.6107316533939269
10;0.6115631116775416
8;0.6126680759755038
8;0.6135542354619878
9;0.6166138560758162
9;0.6189733012929163
10;0.6193088020038485
Instance19
16;0.0
39;0.0
3;0.0
Instance20
19;0.44613164992260995
32;0.4678773431244028
18;0.661227453557003
16;0.6706246474620063
14;0.6786134976704667
5;0.6796347527486617
7;0.6818172736819009
4;0.683818604198041
4;0.6851816502903092
9;0.6946488495837373
7;0.7026487922435195
7;0.7076501817733342
7;0.7114942249656712
9;0.7154705363108627
6;0.7169461528911468
8;0.7180869657095178
9;0.7188475075884319
10;0.7195791158089088
8;0.7206083273733088
9;0.7214928706455239
8;0.7219516758007383
8;0.7278541421218752
10;0.7311360456645799
9;0.7341162124835852
8;0.7363978381203271
8;0.7380470566512329
8;0.7401468135777998
10;0.7426185746842702
8;0.7426888421404743
8;0.7456359419212659
5;0.746351016622636
6;0.7479795682546584
7;0.749364250479855
12;0.7515260081030724
6;0.7524849522112684
8;0.7531917601530853
5;0.7535844312318722
Instance22
9;0.507007228964585
24;0.5251358582870268
15;0.5381084229060729
23;0.545740497371906
16;0.8947040822471752
8;0.9046200978103671
3;0.9056600574918765
2;0.9060084439851821
4;0.9134545553047894
8;0.9151600891824646
5;0.9192887291180569
8;0.9236357605867661
3;0.9242025386131887
5;0.9290643501242452
8;0.9309518769461845
5;0.9309518769461845
Instance23
2;0.0
29;0.0
20;0.0
Instance24
13;0.34421671425443934
40;0.3750815629684428
28;0.4381909977378467
15;0.4454641882449278
15;0.45496824456047147
10;0.4557918032252646
10;0.4606921350506427
10;0.46536527827883695
9;0.47125640481971326
7;0.4745190855070547
10;0.47618513521973976
15;0.48173547886483975
11;0.490302382216998
11;0.5023149792931186
11;0.5066504950227192
9;0.5092032113438596
12;0.5116928197213375
10;0.5132799845044446
14;0.5148040413438892
7;0.5148040413438892
7;0.5159242073438954
7;0.5159242073438954
Instance26
9;0.5885791965480096
24;0.6603092006955603
27;0.7102226683719728
24;0.733679515327788
19;0.7436719774614904
13;0.7535504726136271
7;0.7634859512565467
7;0.7735069051356406
8;0.7776951917081781
7;0.7807845109584755
6;0.7888761666496366
4;0.8993449459522634
8;0.9026169260088941
6;0.9042748461984467
7;0.9098144049270315
6;0.912349531566083
6;0.9141565768520502
6;0.9148539559794018
5;0.9184592744868418
6;0.9193715691943205
5;0.9208277319004885
3;0.9221917879294589
6;0.9227049537024158
5;0.9231611010561552
8;0.9254900841795743
5;0.9258760550173538
Instance28
12;0.29986104407041086
13;0.3300573388432627
28;0.35182471165163876
30;0.3656771211519096
27;0.3764678055135163
17;0.3787536978232783
18;0.3803273902806411
18;0.3809441406682858
16;0.3823587506843913
15;0.38327163915499207
13;0.391957540447653
15;0.39343088859591513
11;0.3947818656355174
17;0.3970310466126817
12;0.3970310466126817
Instance29
17;0.0
21;0.0
47;0.0
Instance30
12;0.6942360856458746
12;0.701872499403895
19;0.7284898356689203
18;0.7429213232351334
20;0.7565891117533238
7;0.7579589211569204
8;0.7618865162610388
8;0.763668480706426
10;0.7649716179709096
10;0.7654655979107023
10;0.767493037050097
10;0.7680536891290027
9;0.7682991638230101
Instance31
13;0.0
32;0.0
1;0.0
22;0.0
Instance32
18;0.06963396827220679
18;0.3539720312716756
21;0.3686502811943716
17;0.3737412833486376
15;0.4850199423050797
7;0.485344211526769
13;0.4911841754904573
9;0.49301754378231455
10;0.49376897534411307
10;0.49818402551634106
14;0.5008405387555629
15;0.5021594414553173
16;0.5033848049565077
13;0.5042297757168704
11;0.5063001099784237
10;0.5073165692694872
11;0.508451511545399
10;0.5098421276307193
12;0.512629595747931
13;0.5136086393595692
12;0.5142041722570941
12;0.515604142262271
13;0.5171911906645761
12;0.5199786587817876
14;0.5201563832590594
Instance34
17;0.2019061293116276
30;0.3010601139860902
27;0.3293748062176099
23;0.34585383425604094
23;0.3629501348691505
11;0.3684472388924065
11;0.3733762064663315
10;0.3769170784991885
15;0.3786614109490262
11;0.38195660235514545
11;0.38560495966220026
13;0.38771167103647614
12;0.39038344785224843
17;0.3954383267473766
14;0.3972102982677224
8;0.4059319605169106
18;0.4101914483829754
15;0.4133269473817153
18;0.4153875936384779
15;0.41756493819294055
8;0.42128392868018244
13;0.4266305533195616
8;0.43116950289854067
10;0.433537249938725
8;0.4390896321029972
9;0.4430512322091425
9;0.4455203225078563
11;0.44889536011766545
11;0.4506059114813267
13;0.4553045534676852
11;0.4597575148273058
13;0.46236172947072546
11;0.4631909015859652
9;0.4651256365215247
12;0.4671125785902656
11;0.4721889545402334
10;0.472876860295099
7;0.4741206184679585
13;0.47573289758092474
8;0.478220413926644
7;0.4794242489976585
5;0.4802964152225775
11;0.48425494432088867
10;0.4851547496163155
7;0.4876391949542004
10;0.48914398879296883
7;0.4911370728773784
12;0.49320693215764344
8;0.49429406893095773
9;0.494951264607481
8;0.4967324491513293
6;0.4969597037310618
8;0.4986886811417284
13;0.4996161255076632
7;0.4998310960560586
Instance35
3;0.0
28;0.0
7;0.0
Instance36
7;0.21078594678220416
24;0.2654302619743277
42;0.2967614023049577
28;0.31685463611665443
28;0.33945337772622775
12;0.34174431928985277
14;0.34461414267296947
14;0.34532489332392835
14;0.3462032738453962
14;0.3502822673611189
12;0.35391424788881704
16;0.35973882712277505
13;0.36353620245604223
13;0.36635238428059586
16;0.36803538818050785
14;0.37041349727679757
17;0.3715891414353018
14;0.37613749858845
19;0.3851291648425607
15;0.390044072645889
18;0.39193046745535204
15;0.3934056103158324
14;0.3951623713587683
14;0.3966889207128717
15;0.40094448435886404
17;0.40321754540296795
17;0.40612983501994704
21;0.40797376359554754
12;0.4087694467142311
16;0.40932150775444104
14;0.4114492895774373
17;0.41188289217582097
13;0.4135033142574093
20;0.41460073114300927
16;0.4152623103652855
13;0.41698107530423917
15;0.4185098597232827
11;0.42036943375346414
18;0.4208745584299318
11;0.42231394025137037
13;0.4236102779166411
11;0.4246026467500552
12;0.42540056493367867
9;0.4257313545448168
Instance37
7;0.0
33;0.0
1;0.0
22;0.0
Instance38
15;0.6981215052926152
9;0.7657702401005376
25;0.7816339563285913
21;0.7961828490522542
19;0.799545988105029
8;0.8029637489057607
13;0.80556998659399
10;0.8081216025342622
13;0.8120543683871589
14;0.815140497146724
10;0.8179457140596533
10;0.8214805214631499
14;0.8375666262364567
9;0.84186613811135
8;0.8494624626307844
12;0.8526656379931139
9;0.854382321500331
9;0.8587637659971593
7;0.8600473770741464
12;0.8617328481539595
7;0.8635080549625587
9;0.8643312827353374
7;0.8697739497639002
9;0.870991234432654
7;0.8712526385121621
Instance39
2;0.0
20;0.0
15;0.0
18;0.0

