Instance0
23;0.06232397417013666
31;0.0772510664757118
26;0.10206567553655078
10;0.13847604909221678
16;0.15272962642280535
5;0.15418041151122222
Instance1
2;0.0
17;0.0
Instance2
22;0.0
20;0.012118939098966997
26;0.04894671445912835
11;0.0673885160669705
15;0.10048765055332032
2;0.1019081005595518
2;0.10229796535316316
Instance3
1;0.0
18;0.0
2;0.0
Instance4
16;0.05917697782409293
25;0.07922175334528116
16;0.12955088840548284
12;0.14622999262514516
17;0.15695925599655342
1;0.1579701887476836
1;0.15845121781755972
Instance5
1;0.0
14;0.0
Instance6
16;0.06412156053220325
23;0.12268028334115448
23;0.14291440581401213
21;0.16791218297491842
17;0.17698024180923355
3;0.18089242887789134
1;0.24364700117538493
1;0.24404189629597242
Instance8
12;0.02142423052721587
23;0.05242687117818204
17;0.0721709808055329
19;0.08229257982456605
8;0.08888936694292207
4;0.0894368583245043
4;0.09033930482577622
2;0.09085452756011389
1;0.09117076030311008
2;0.09250345543430911
1;0.09413840022803162
5;0.1086917698839604
Instance9
5;0.0
31;0.0
19;0.0
Instance10
28;0.01895291918698383
24;0.06109158621215516
29;0.08746675388494218
10;0.09419473419662039
12;0.09963049282004299
2;0.10300551903067323
3;0.10337472522731772
Instance11
5;0.0
15;0.0
3;0.0
Instance12
30;0.07283081785986156
25;0.11342178863403174
11;0.12092269883824847
21;0.14520860225730647
22;0.17263264157812863
1;0.17307016019594212
Instance13
7;0.0
19;0.0
Instance14
30;0.03479010505705815
38;0.09426399177856681
15;0.12182503153659952
18;0.13095116332305645
17;0.13760063706366266
3;0.13961703122488645
1;0.13962920751813046
Instance15
4;0.0
15;0.0
1;0.0
Instance16
31;0.09332006784234126
33;0.12826685746045685
12;0.1395977976828381
25;0.17040935708429417
25;0.1840678996613001
2;0.18500549146289913
Instance17
1;0.0
21;0.0
18;0.0
Instance18
17;0.054009013674546365
19;0.08490222792326953
16;0.10887318445101307
13;0.11821882992200006
5;0.12996927277121362
Instance19
3;0.0
18;0.0
1;0.0
Instance20
30;0.13066279613838416
26;0.1747658107579042
21;0.1940777097676728
18;0.2153547931208999
17;0.2337270704620762
Instance21
9;0.0
19;0.0
3;0.0
Instance22
19;0.08735509530969587
24;0.16748702527040793
10;0.18103700829412617
10;0.18994422078866957
15;0.19812387835281575
Instance24
23;0.047570035496087626
34;0.11459634146780329
19;0.16361788983617087
10;0.22911814691257004
9;0.24339554352615345
2;0.24379052055139427
Instance25
1;0.0
11;0.0
14;0.0
Instance26
33;0.07351495099873473
26;0.18467324657965778
17;0.2170240020049532
15;0.25718224015232083
21;0.2765669353280762
1;0.27851619539243644
1;0.27879988234823183
Instance28
14;0.08985163780069998
18;0.11926728503156792
14;0.15910520659946736
21;0.17686205594985427
18;0.18795467249142478
2;0.1892159471316572
2;0.19027715040622747
Instance30
12;0.08518980840569196
18;0.13082499951736684
11;0.19017878772232719
16;0.2137729545805732
11;0.23239071100291875
2;0.23327983685232165
Instance32
15;0.03284589665209708
22;0.11729185109788609
12;0.14949406136234958
9;0.17745935774980026
7;0.18647591003188335
3;0.18962238045528396
Instance33
8;0.0
16;0.0
3;0.0
Instance34
28;0.0430481363428461
24;0.10759028242449142
15;0.12263072815566145
26;0.15001523753999846
31;0.1710496677553779
1;0.17216763944005342
1;0.17222395208787422
Instance35
3;0.0
12;0.0
Instance36
30;0.029329883434203063
20;0.07452673638056406
20;0.08589559935243474
8;0.09825526146763897
19;0.11889852429935788
1;0.12085697182054334
1;0.12133916949962387
Instance37
1;0.0
13;0.0
14;0.0
Instance38
21;0.09193973796116685
26;0.12418606708840872
17;0.15708345486219194
25;0.1891733280356138
17;0.20785972058460042
2;0.2116928914531907

