Instance0
13;0.13977324333533248
7;0.284574469259461
2;0.2857509839199011
3;0.2877610060511491
13;0.34029941728719587
2;0.34406209585197167
Instance1
20;0.039941404338340945
17;0.45017189303672056
1;0.45616391687023494
1;0.4597933713065351
1;0.46022993304297677
Instance2
8;0.12227877933816018
2;0.16797119458188614
Instance3
14;0.032522644567455745
5;0.11246424944653272
3;0.11324816876463686
5;0.11613939807764434
6;0.145620664906343
Instance4
14;0.13865214873327933
2;0.24930405189572438
Instance5
21;0.10163704524067455
8;0.37215020880028593
3;0.3734099518506226
3;0.38061199504571763
7;0.3817857068633484
Instance6
3;0.12438082055334362
7;0.4007110450014352
4;0.42600261831824343
1;0.4309082212485922
2;0.45186592329399594
Instance7
20;0.07837212953050136
Instance8
13;0.240011385560313
4;0.2759864786190697
9;0.2851146411563037
9;0.28984141625853843
2;0.32000206611118115
2;0.32040501939714
Instance9
21;0.06614535577271086
6;0.12426863351433533
4;0.13659467769004036
Instance10
5;0.19442273695231624
4;0.44325133087157365
2;0.45415113560068693
4;0.483530955389723
1;0.49094362472433434
Instance11
20;0.08110948827033146
4;0.11659331593888922
1;0.1338015475875107
5;0.14075015304504923
7;0.16016562658984726
Instance12
15;0.22940578979417747
3;0.2467369012930189
3;0.2743858646637036
6;0.2843279045360637
8;0.4022439929861296
2;0.538884038426466
Instance13
18;0.0509501958753289
5;0.09198052350027479
9;0.16791506864978512
4;0.26184308373802295
9;0.29111553465134
1;0.34320245603882543
2;0.34501443770085677
1;0.3458440809899328
Instance14
6;0.14567422204967392
4;0.30434401004576644
2;0.44784769202609737
1;0.45433306165697435
1;0.45521145289649406
Instance15
20;0.11519000417836683
1;0.24165654708770348
1;0.24165654708770348
Instance16
13;0.1665046385306149
3;0.5041072217130779
12;0.5376928291016817
9;0.6480015287477786
13;0.7095470493244026
Instance17
24;0.05831474804710836
6;0.14114830377811138
3;0.15165012110637782
3;0.15399284027686108
Instance18
8;0.21605510566749372
4;0.5375020704344312
2;0.5379468357636953
4;0.5472924327133861
8;0.6011988263944402
1;0.601224483955524
Instance19
19;0.05868200882314851
5;0.1480503302906639
Instance20
12;0.2950789872989799
7;0.32638487531316873
5;0.3668248811874831
2;0.4178442247022178
3;0.41922455497905664
Instance21
21;0.07627049170806201
11;0.0961321354444786
6;0.15801851532934363
6;0.15958426425481212
4;0.2458501671688962
Instance22
4;0.4363328546249611
4;0.5160650432219043
3;0.6000296550546774
1;0.6176520071047881
Instance23
20;0.07927723141736358
1;0.5683988028251221
Instance24
10;0.22670416709859878
8;0.28912676821375116
1;0.35849851498102686
2;0.35851997820706155
Instance25
23;0.05104177429080713
5;0.29681593771985404
10;0.3166366287770779
2;0.3166366287770779
Instance26
5;0.4537551024865728
4;0.5505926762982806
1;0.5511896910979133
2;0.5931905689077157
5;0.7512804141761229
Instance27
15;0.046397614063698696
Instance28
13;0.1771099093766557
4;0.1971741477058777
6;0.2826319630282118
1;0.3505808101277506
5;0.36678480871854396
Instance29
25;0.055781202351283476
7;0.2109835640907668
6;0.3742067103236205
Instance30
7;0.23333586966208547
6;0.27387446151918216
3;0.3054230262947235
1;0.35603459379717883
3;0.39726621141101803
Instance31
17;0.08175411474988457
8;0.23894582356948957
4;0.3051833602522263
5;0.6367509201907221
1;0.6485899288388056
1;0.99223142619109
1;0.99223142619109
Instance32
13;0.1863029301110726
11;0.3352466111302192
1;0.3450198993752737
2;0.3500414437163193
10;0.35955656085352017
Instance33
22;0.06177329923869267
5;0.1962508797625383
13;0.21868657414974113
18;0.2682921367088072
11;0.31445088088734874
Instance34
8;0.42167919215913735
Instance35
19;0.11821431875333273
2;0.2736605634158946
Instance36
11;0.13389982040372855
6;0.18474855712499
2;0.27192571439295704
5;0.2747845672093965
4;0.2763439414729088
4;0.2968034743918166
Instance37
26;0.04105648816348151
4;0.2259997024021323
8;0.24284593746619065
5;0.35163411900868957
5;0.3762607241930447
Instance38
7;0.5612976705089944
6;0.633814989067508
4;0.6531335039719909
Instance39
19;0.05138184476788742
4;0.1545156806721847
3;0.1922027248853174
2;0.46312043452248425

