Instance0
27;0.06660007033388203
21;0.07547641011788572
23;0.0821489549302523
15;0.09161752638794747
18;0.09836957906700583
17;0.1088737914549431
16;0.11344141646322518
13;0.13818976896848742
26;0.14806097641776292
17;0.15654895085292586
23;0.15863450335614948
18;0.1674231806204672
16;0.1744545301645711
18;0.17987737440560236
15;0.18148587970867508
19;0.18288338336552729
13;0.21672174110403838
15;0.2203749590552999
20;0.22464961245543164
23;0.2295731175742365
11;0.23079885330334957
10;0.23344452333934773
13;0.24182784666840512
14;0.24602106431748944
13;0.28053162020271155
12;0.2813403690459754
12;0.2825431897778358
8;0.2827015912232521
9;0.2842456833619038
13;0.2874562102190002
17;0.2888534912619002
13;0.2914355636038489
11;0.2936712132724891
8;0.2938978689992635
10;0.29475813050770333
9;0.2952603789931697
14;0.29718695267075346
17;0.29907102839956695
10;0.3005945154721482
9;0.3013478882003477
7;0.3026460073627839
14;0.30307613811700385
8;0.30441675522821005
10;0.3056685129919877
9;0.3062866649741001
13;0.30720745386412174
9;0.30734653806009704
7;0.30766591658418846
11;0.3079492362426568
9;0.30865624757219784
11;0.3089820651794362
9;0.30992088350226954
12;0.31053259640123493
10;0.31153194210565005
6;0.3121938798531621
5;0.3126433278568229
13;0.3128519541507859
6;0.3129665698308027
Instance1
1;0.0
24;0.0
2;0.0
22;0.0
Instance2
10;0.0
4;0.0
Instance3
1;0.0
20;0.0
2;0.0
22;0.0
Instance4
22;0.053578319944574536
16;0.07820027598211274
18;0.09703786080247503
16;0.10543774873600878
14;0.10890563526625167
13;0.11076959472712167
12;0.11320326151845428
14;0.12458807419442483
12;0.12795869376516578
22;0.1354245493573977
14;0.13732166076865723
13;0.14803554587882312
14;0.1534015916556492
17;0.15933689223214295
12;0.1611636053952562
11;0.1639152058874671
15;0.16649081075931163
14;0.1698371550720711
14;0.19212839740482338
12;0.19337984469089156
14;0.20149817487553898
17;0.2096345114959572
12;0.21350203666472062
10;0.21461714950852437
18;0.2198377297080623
15;0.22996763600310094
8;0.2355740683977268
10;0.23611168912288247
10;0.24012326577781207
7;0.24012326577781207
5;0.2438840385059345
15;0.24505574300501778
13;0.24911619427132523
11;0.25085381532320394
7;0.2509412751540904
Instance5
1;0.0
22;0.0
1;0.0
Instance6
23;0.057335491967612146
12;0.07665111335690589
16;0.1329224252452265
15;0.14248357235979037
12;0.1514691096375658
12;0.16511474399515577
12;0.16762634389346878
12;0.1710682899233354
15;0.17900802444531747
15;0.18304063987165617
11;0.185712875073259
14;0.19074109472311282
11;0.19074109472311282
11;0.20086111883037264
11;0.2273073789188716
9;0.24010967793418997
17;0.24673923076371432
14;0.24696177759014712
12;0.2524769230030983
14;0.26304204076322374
12;0.26824093542282296
12;0.2800024515355759
14;0.2938271273249577
15;0.29909629992974607
12;0.301084161807958
9;0.302707247684949
13;0.30707786656196007
10;0.31107868958452256
9;0.31818010861746093
19;0.3228786912386886
13;0.33441598724059934
8;0.33878995268642914
18;0.34314885857257516
12;0.34446406011826064
10;0.34740234754093724
11;0.35006119646726597
10;0.354070385911875
9;0.357316557665857
9;0.3588526327535662
8;0.3617792071853778
9;0.36473946584045325
12;0.36624356155882315
8;0.3695942033600129
12;0.37035800196699753
9;0.3717983079115972
10;0.3725856080141813
8;0.3771868651169174
13;0.3798828223978348
9;0.3811200082733241
11;0.38159003818531456
9;0.38253345536581
8;0.3832133200599391
9;0.3845277251352556
10;0.3865253522612154
6;0.3877205711802771
5;0.388779817160513
13;0.3894345016807855
8;0.3901831921834562
6;0.3907589788256447
6;0.39214220970950264
8;0.39288418549914483
8;0.39367148560172893
6;0.3965185239257861
9;0.3971043826375172
8;0.3975106227757375
6;0.39804612113975524
7;0.39896771550290827
7;0.3999984239527732
6;0.4021471321218729
7;0.4026003752512924
6;0.4034279636320472
6;0.40385602658760994
7;0.40418840488251767
Instance8
21;0.02196419255777428
19;0.04590430194848853
18;0.058875222519213295
18;0.06275929202587935
15;0.07748320377620213
18;0.08948598832414494
21;0.10570913588368608
28;0.1187951920272876
14;0.12229863439909523
14;0.12921421321217103
18;0.13115080072657412
15;0.13586940103815273
16;0.13977639307827033
14;0.14490643369413128
20;0.1484098760659388
19;0.17039995128769583
15;0.1762367674399544
20;0.18029593603097083
18;0.18860703017747577
15;0.1946196947885508
15;0.2025937460556571
16;0.20670927633219152
11;0.20870447999953365
15;0.21283466431430276
19;0.2187639136308112
19;0.22101499935040572
15;0.22225946536664618
15;0.22572345455859108
12;0.2283893622835989
14;0.23354420204108792
15;0.23894590598114646
19;0.240662682922029
12;0.24322150344455248
9;0.2440477657542483
15;0.246970682765219
12;0.24724009162199564
9;0.24989247254247943
12;0.2511921730105277
15;0.25469110644749365
10;0.25524006926444026
10;0.25580368611962184
11;0.2568971028186738
13;0.2573367239657151
8;0.2587784558812693
7;0.25880889119144895
9;0.2589171056276437
Instance9
1;0.0
31;0.0
2;0.0
Instance10
11;0.0
14;0.024802028226215023
14;0.04132500880376189
18;0.07287608617352892
22;0.09502344158365383
18;0.10554581818802022
16;0.11346268258400194
15;0.1170915380548252
14;0.12519701865996202
14;0.1381854518712634
23;0.14523347777188067
16;0.15009034515762987
22;0.16540939248524933
16;0.1725968739873166
16;0.17735842999078
15;0.18822794068220872
17;0.20489539324974693
19;0.21664678504674773
15;0.22542145188330265
19;0.22982985413345403
11;0.23250659905912618
8;0.24499239013858276
13;0.25061977480428566
13;0.25704978163660674
8;0.2588396290681657
14;0.26144012488800916
10;0.2624002616548262
10;0.2651452294646611
12;0.2668738769560153
13;0.26987167074833485
13;0.27137357747761937
9;0.27259757628171233
14;0.2751749967142655
11;0.27750561083058356
10;0.28094986320308457
9;0.2835714278548016
12;0.2865501593706641
11;0.2881012267076538
8;0.2914311054214117
11;0.294732892359338
12;0.2963341235817416
9;0.29879717035555164
11;0.3001134707088058
11;0.3019474623595285
8;0.3028905434053052
9;0.30400919805002935
8;0.3050937412526725
6;0.3060920025724041
11;0.30839251835747394
8;0.3096014679959427
9;0.31012016257111996
10;0.3105816703169254
9;0.3110421747850227
9;0.31184078384080793
9;0.31195917061038425
Instance11
3;0.0
11;0.0
3;0.0
Instance12
17;0.017202859696157313
30;0.04864420944626491
20;0.05950563499155992
21;0.07781728891536754
20;0.08705482739218218
29;0.10492896269817631
31;0.12567437857875752
26;0.1392333184390825
31;0.16211254261410646
17;0.1700406282064013
17;0.18208014761857483
13;0.18508899314864458
16;0.190111665508225
13;0.19293847019494914
19;0.20472664912454908
12;0.21151904809188105
13;0.2150233343262833
11;0.22194088637341536
14;0.2221580941978618
14;0.2265849965246748
16;0.2287560404461656
16;0.23746503988349388
14;0.23897101413298916
15;0.24437431734683734
14;0.24715871479164597
10;0.2500496475027306
12;0.2531681312679972
7;0.25505783934068116
10;0.25724026081488105
12;0.2602387631152153
13;0.2620105583689142
7;0.271340036543537
12;0.27283810785686036
9;0.27397288084883575
9;0.27505102204365994
10;0.2754014980713133
9;0.2759870494833684
12;0.27709083526558176
5;0.27921719896994246
9;0.28040646671012004
5;0.28112985777939237
9;0.2815519249468409
6;0.28187461933815594
8;0.2820990094778121
8;0.28269417761013804
10;0.28419438597241076
8;0.2864596578584633
8;0.28709649844529683
9;0.28782736918589114
9;0.28827828651415266
9;0.28873561498926137
7;0.28891726414993535
11;0.2894333614711444
9;0.2898158932330346
9;0.2903993075961404
12;0.29118681013388614
10;0.29162811074187656
9;0.2921506192099329
10;0.29258444014660145
15;0.29305245386645573
9;0.2932105954886898
8;0.29336018891512716
Instance13
6;0.0
25;0.0
5;0.0
Instance14
13;0.0031232192171131157
14;0.044369194952195934
18;0.0824627283663798
17;0.09286980620211671
16;0.11095160166961326
13;0.11344652415533063
15;0.11833774115148765
14;0.12192731239984989
10;0.13148935548444596
13;0.1555850221852062
9;0.16044458081892876
17;0.16737167404550035
13;0.1711682422790125
13;0.18928778425556592
14;0.19102899418947283
12;0.20308119573192152
11;0.2132164448760684
12;0.23618542668911435
11;0.23942010726440766
9;0.24738432079832107
13;0.25714210721691233
12;0.31955511698981676
14;0.324912768037219
13;0.327808126801866
13;0.33068492557443174
17;0.3319067917197689
13;0.33798518912631936
10;0.3410646011457702
10;0.34598454571326054
11;0.34897115777230603
8;0.3542035288731611
4;0.3561244880535518
11;0.358727526942922
11;0.3599122731040969
6;0.36239776537695345
12;0.36288496516908164
8;0.363888751407466
9;0.36606800381098503
7;0.3675837364976058
8;0.3686617627043145
9;0.3696995755948478
8;0.3704914685903068
7;0.3712292282755293
9;0.3728949875648053
11;0.3755939197465942
10;0.3777901854761877
6;0.37853413182543705
12;0.38132586396763135
10;0.38158261052475295
6;0.38248122347467794
5;0.38312308986748167
6;0.38441146265110926
11;0.3856503421225207
6;0.38622260854502033
8;0.38679332830151336
9;0.38895556737895787
7;0.3910141798339499
7;0.39168233954886855
9;0.392211299323179
7;0.3928856457021246
8;0.3945699649834816
9;0.39561396453804176
6;0.39590319108130523
8;0.39627748425494014
9;0.39663631076850736
10;0.3975179103923583
7;0.3976370036748784
9;0.3979478835422363
9;0.3984520966604388
8;0.39897332310471545
10;0.40028953587646476
10;0.4013242554349844
10;0.4024254816317946
7;0.4025863348964971
Instance15
2;0.0
9;0.0
7;0.0
Instance16
14;0.03233975215231566
16;0.04947453465612839
22;0.0736124258396782
27;0.10280692943961212
29;0.11136209148129428
18;0.12203004129969541
20;0.1276802514753268
21;0.13195205411090083
14;0.1397381656043193
16;0.14186671261358463
19;0.14567939627430737
18;0.1498230238185041
15;0.1559260492759682
17;0.16393699248704852
14;0.18034550541434702
17;0.18616906714798864
26;0.19363894337497622
17;0.194295578064409
16;0.20421759087561442
19;0.21453568573148585
18;0.21871818604929705
12;0.22386305016794095
13;0.22924325215927754
15;0.23731197922302782
17;0.24408529737146512
22;0.24854621079759576
11;0.2537530612309221
19;0.25614741396247
15;0.25839783237009395
15;0.26272216578082275
21;0.26518796036658066
15;0.26608728723722785
11;0.26816330347133865
15;0.2698800092033917
15;0.27258324289284874
15;0.27669114950994045
15;0.27934290303974585
15;0.2854700926537812
15;0.2919692001559113
12;0.2927655667072555
13;0.29352200986948196
13;0.29427635180070244
12;0.2945946882981395
15;0.2953826499254588
11;0.29793039252045805
14;0.2998446139670926
10;0.30050965358055015
12;0.30133438675047786
10;0.3019553005128055
12;0.30473627974949125
11;0.3072262384918205
12;0.3084838252490222
7;0.3095754147567352
16;0.31034236407399285
12;0.313342921950825
4;0.31341541442053833
7;0.3141434909641815
17;0.36090367425617165
10;0.36262819757869724
11;0.3647072396330311
13;0.3655989443754101
8;0.3655989443754101
Instance18
24;0.056253137125238016
15;0.0816900772562735
14;0.09014338488177846
18;0.09868034918029733
17;0.11858267005542583
23;0.12927080594573204
13;0.13954464212206433
17;0.14603533764098794
13;0.15829834359787434
14;0.16323010365460155
13;0.17262222505504074
12;0.1798884046539668
12;0.1898408929752296
13;0.19439686194524342
14;0.21188509025625493
11;0.21399642533708335
13;0.21822706280093163
11;0.2197913097979226
14;0.22404053763355192
12;0.2424928095097719
15;0.24514724902334153
15;0.24994622071020525
9;0.24994622071020525
10;0.25479432409391856
18;0.2928687513362812
12;0.3023984767918162
17;0.3074691946259574
14;0.3162778216895238
11;0.3169672550822441
15;0.31932341888993343
15;0.31996247614748624
12;0.32355501424399974
10;0.32640486417632997
10;0.33062638430336283
10;0.3310006070217496
10;0.33198222199844124
11;0.33254499539416904
8;0.33393105877034795
10;0.3351688723773196
9;0.33638509621207674
13;0.37624940413322905
10;0.3771998883314813
11;0.3786551231252107
12;0.3809334896592564
6;0.3810919036922985
Instance19
6;0.0
9;0.0
23;0.0
Instance20
14;0.03592716022268272
15;0.09671991826055404
23;0.1353341672793943
17;0.15761962510623262
9;0.1679134478576817
9;0.1679134478576817
7;0.1735129818664477
10;0.17389112229405201
9;0.17511721398355673
11;0.1778654163841754
10;0.1796606285152259
10;0.18215482749730239
13;0.1857643497607976
11;0.18983413385789172
13;0.19500587263542868
12;0.20831336000687528
7;0.20831336000687528
Instance21
5;0.0
13;0.0
21;0.0
Instance22
9;0.021523985060872164
11;0.10860499293812265
26;0.16151658586861084
17;0.17471466198419672
17;0.19324254685651032
11;0.1946095927014544
13;0.19855326945833496
13;0.20973059892354085
11;0.21862951864717328
13;0.24084818872389968
11;0.25942140321410845
9;0.26816763369851504
11;0.2868243501164256
12;0.30142764438676184
10;0.30478442188036803
10;0.33868620452723597
13;0.346201378020384
13;0.3701664312707562
10;0.37891981906325156
9;0.3815322365156316
9;0.39555578883078213
11;0.40509648051303593
11;0.42991802496469056
13;0.43957561934572664
11;0.448725044852464
10;0.4641251860900103
12;0.46634156582814834
11;0.47655981600946673
10;0.48021004313471005
8;0.48258865518952554
10;0.48690689773638207
7;0.49090783295797225
9;0.4919504141695614
9;0.49329121655151353
9;0.4969772302172004
9;0.5022044508913235
10;0.5110127113791656
7;0.512644577623392
9;0.5144482192617474
8;0.5159870405008207
9;0.5187259037294347
4;0.5275093225229244
6;0.5281251666901043
11;0.529315637107763
8;0.5303000179419167
8;0.562434787078204
8;0.5640487265811724
9;0.5645113207062269
10;0.566420806455758
8;0.567158387088484
9;0.5686695278969958
10;0.5725604584821773
5;0.5748554393359204
8;0.5762560715478913
7;0.5775076456529002
11;0.5778905707897509
7;0.5779291203001722
8;0.5780216391251831
Instance24
9;0.006090356076500769
28;0.06904043003168148
20;0.09486056479445504
18;0.10584287912976409
18;0.11293849784012477
7;0.11293849784012477
11;0.11656608042340988
8;0.11656608042340988
Instance26
15;0.061563550229125075
18;0.09798512644954471
12;0.1300417524544143
11;0.154618092962301
18;0.16304864274065967
8;0.18032396006105367
13;0.18706805180158625
13;0.19817361293612523
10;0.20690525377799673
11;0.21509910769139728
12;0.21610854593901252
12;0.2669476849926119
11;0.2773518605861355
11;0.28313002434834666
9;0.29704286805771896
9;0.3003879375610231
8;0.3184969116410855
12;0.32360675766694447
9;0.32774545448216685
10;0.3325698731414588
10;0.3370775370402922
8;0.35925907232625043
11;0.37059610809343213
7;0.379813323540622
6;0.38292691841128335
13;0.3911555805401191
9;0.3959138635900845
9;0.39966618921397823
10;0.40139789793186986
8;0.406088304961737
7;0.40730137126964705
9;0.41096145512263793
6;0.41335800075533824
9;0.4165760202723048
6;0.4188089672924603
7;0.4236890790964484
7;0.42432084820659366
8;0.4276102245652019
7;0.43162709262640164
7;0.4360077065388973
6;0.4367856701538697
6;0.4370432509480887
8;0.4381727775389548
9;0.43901165553093835
6;0.5389303720722446
6;0.539985534069394
8;0.5402982534516136
8;0.5426510945178378
7;0.544021103239943
7;0.5456761758886974
6;0.5473355032229243
11;0.5495564490395047
7;0.5519943838151765
6;0.5521858446614334
6;0.5528708490224861
7;0.553706894717808
5;0.5553598400238262
9;0.5597506754313188
8;0.561516369902355
8;0.5621779734933096
6;0.563099112898079
7;0.5637479524326164
7;0.5641457655242836
7;0.5648201331716554
5;0.5652519837471015
9;0.5656668155806582
5;0.5665730635862745
6;0.5668325994000893
Instance28
21;0.09246906628549972
14;0.1108993517275235
22;0.13278550905787012
14;0.1393971457860225
18;0.1422187708192819
13;0.1429313961474917
16;0.14914082755292102
18;0.15103841163961576
17;0.15678479127606343
17;0.16050261227200627
17;0.16271474154698484
16;0.1651248795962271
18;0.18793507787313826
13;0.18953152361564007
13;0.208835316514963
13;0.20998830510676994
15;0.21233553411835562
18;0.2156387742431836
15;0.220401297782508
14;0.22703665431174413
18;0.23662254783665104
13;0.24255868588176807
16;0.2468344378510272
10;0.24795236238905843
16;0.25846229686052963
16;0.2624008151361205
12;0.2674500388798478
12;0.2692238674826278
17;0.27336142582818196
15;0.2765790684099688
16;0.2809517621749612
14;0.2833082728478405
13;0.28561425003145435
14;0.2907769163021036
11;0.29345828512025945
21;0.29409150067962375
17;0.297721661541127
16;0.30272241438698755
17;0.30368667586582426
14;0.30399812716701
13;0.30500776565661564
12;0.308220251759906
12;0.3105406670833101
10;0.31455653253634797
20;0.3153104096925295
12;0.315950844321789
11;0.31626229562297475
12;0.3166211865263279
13;0.3170450490587364
13;0.3181155339946001
16;0.31897150942501146
23;0.31952222132843255
13;0.3200657141619588
10;0.3201750315060835
16;0.3207855585600637
12;0.3213620528559673
13;0.3225738253026337
11;0.32295643600707047
10;0.323834068647167
14;0.32426515024947045
8;0.3246797311205853
10;0.3249860259432746
8;0.3255697393090731
13;0.32581931286830157
Instance30
16;0.08414505884286495
14;0.10365066573269306
13;0.11966533896218677
15;0.12805466590151984
14;0.1310226222720424
12;0.13809968591965843
16;0.1388419762664882
12;0.1395673963781627
19;0.14304627987052917
16;0.1445561659169215
12;0.1515380332375903
16;0.15759324264151864
14;0.15811139986414338
16;0.16084678799288302
13;0.16979644774272876
17;0.18376861750164386
14;0.18699685750027545
13;0.19776970766368215
18;0.2650464267807577
13;0.27075078127035385
11;0.28078103927124953
13;0.2909302224545868
13;0.29116672139694144
13;0.3017402512539893
11;0.30317411055592297
15;0.30777300141782654
10;0.3101731278270951
13;0.3140206277635744
15;0.3163626430041502
12;0.32157507969364835
15;0.32484146794319896
11;0.3304012202223267
11;0.3326067417876005
11;0.3330297370387836
12;0.33639883340044263
19;0.33953953935491343
18;0.3426383512110242
14;0.3469615518772686
16;0.34892516881007674
10;0.3528361856053599
11;0.35611068239007704
13;0.35950680720229106
13;0.3626542702694005
10;0.36534089825455013
7;0.36729235238460856
10;0.3690748786986993
9;0.37041548984621875
10;0.37110606675789454
9;0.37149257360082855
11;0.37190610889431736
11;0.37276155935437766
11;0.37621038964517334
7;0.37685231534585056
8;0.378369962844504
11;0.3798713932728246
13;0.3811565960967065
8;0.38156877996766764
9;0.3825661297931407
14;0.38316075570534686
12;0.38419594536159674
6;0.38465002333091775
5;0.38549601383328375
7;0.38628794743454026
8;0.3866514800945027
5;0.38758396163864406
6;0.3877407266518621
Instance32
22;0.03403119470876564
11;0.1585387036870936
20;0.175784639460891
16;0.192709293663387
18;0.2082723259684618
17;0.21233806775767153
14;0.21867381683935172
16;0.22455441702835455
15;0.2522324419179278
18;0.2716661522010648
13;0.28539137742268234
13;0.2938384054014873
19;0.30231411923487284
14;0.30480596380276564
14;0.3151959803318234
13;0.3345742312961049
18;0.34013546230411157
12;0.34428534926675736
14;0.34740637024511584
13;0.35827830913112607
14;0.3644763661108197
13;0.365870498643432
11;0.3674845560611617
20;0.37033784239676887
8;0.3723764504622899
19;0.3745776117037671
7;0.3745776117037671
13;0.37876957125313093
8;0.3841166145469365
8;0.38655108740566835
8;0.38963959774883566
11;0.39094384793709586
7;0.3939290892037734
13;0.3967766383684645
13;0.3975741051258024
11;0.402196352493874
17;0.4066292732217141
11;0.40772316047638396
6;0.40778435696615567
Instance33
5;0.0
18;0.0
17;0.0
Instance34
13;0.007990664259588276
15;0.04896989109727734
18;0.0944816256043225
20;0.11999532643031896
12;0.12407045121320448
24;0.13078728276093976
28;0.1470578596475729
12;0.15688090519065456
19;0.16132364612528305
25;0.17434109808600395
17;0.1874508563748356
17;0.19091804244859234
14;0.21057261756736356
14;0.23750943341982134
14;0.24939015186907487
14;0.2549402370393795
14;0.26154542775617573
17;0.2680672450101701
15;0.2757117290649954
13;0.2909748226517074
10;0.35448514325934766
21;0.36301464458469856
10;0.3716340001963483
10;0.3765476984822945
9;0.38377597662457374
10;0.38640338251468875
7;0.39385130446792127
10;0.3954636897165098
8;0.3965868682952479
8;0.39883655338925383
8;0.401871631504244
8;0.40353892770557087
13;0.4043060170756423
12;0.4043725758062343
6;0.4050198594612404
16;0.405851843593639
14;0.4071314351892681
11;0.4094077437755108
11;0.4113612425183827
9;0.4145011506340551
8;0.4154279809575473
10;0.41806703462551564
10;0.4194963833649765
8;0.42029342416381443
8;0.4208425336911974
8;0.42172942877633435
10;0.4219657122699356
11;0.4228093441801878
10;0.4237528141863278
9;0.4249741668926891
7;0.4257861834059101
6;0.4261955195990502
8;0.42678123642825894
8;0.42937369898481303
11;0.43217082963793707
8;0.4332324413908778
10;0.4336983525050211
8;0.4338397898075288
Instance35
1;0.0
15;0.0
8;0.0
Instance36
13;0.0
22;0.03459590996492701
18;0.05041425129827104
19;0.06065757454801113
21;0.06796598458891967
12;0.07243673777862425
13;0.07785067501990717
15;0.0792993895137385
16;0.08084434727813905
10;0.08726529305569342
13;0.09341777076271274
12;0.09692203889849083
14;0.12261291361811888
13;0.12701173762666118
16;0.13381461722531662
14;0.1426142914165186
16;0.1531118995179731
15;0.15866462968628747
12;0.17270776232363683
18;0.18046601694588105
14;0.18874072342907333
11;0.19238718656849563
12;0.1945854978230772
17;0.20238861594031277
13;0.20669238144821445
10;0.20863298844086842
14;0.21415224166191082
12;0.21776740468854827
14;0.2215755850773582
14;0.2266211632582582
14;0.23106682261078415
13;0.23277267875755248
14;0.23480718608856044
10;0.23541753828786305
9;0.23805405112143097
13;0.24066239385349264
11;0.2418997916455825
15;0.2437548449966248
12;0.24893084031412793
11;0.2507118167315797
10;0.2544229667707568
11;0.2558909420603612
9;0.256404263910031
9;0.2583928644089548
9;0.2596834723927789
10;0.26088644006080564
12;0.26221878152834277
12;0.26262776966873014
11;0.2643607525799119
11;0.2651025652529101
5;0.2651025652529101
Instance38
26;0.09193973796116685
20;0.10939719422772862
15;0.12344668653245298
13;0.13520359441708876
16;0.1398102128638376
13;0.143256029072567
12;0.14582998186121887
15;0.16722659528766817
14;0.21251507301740552
16;0.22103603105406122
14;0.2277720863208589
16;0.23366486904727793
15;0.23716379919337713
12;0.2426674904732065
12;0.25371826613099796
12;0.2680148455291145
13;0.2772199680796621
14;0.28526938778327576
11;0.2925926963114693
14;0.3014130667252405
15;0.30571332275018986
10;0.3077296553767555
14;0.3178735152835736
15;0.3206333163248127
14;0.3298774926636798
12;0.3346131261065606
11;0.3404567299884292
8;0.35110684270679554
14;0.3528729418007959
12;0.3558265653470276
11;0.35859215213468437
12;0.3628287649490391
12;0.36798675788041135
8;0.37212645944226996
11;0.3737942008471696
14;0.37587706955753863
11;0.3785399593462813
10;0.3855378196384796
13;0.38695098820100077
17;0.38816744138532056
12;0.39201785562629443
8;0.3927685562239899
10;0.39451006589571525
12;0.3964020049743004
8;0.39731615290829575
6;0.3976416011442908
10;0.39845305207937215
8;0.3997273627278688
12;0.40060245687354473
14;0.4011217276145326
11;0.4027272722454421
10;0.40280537982208087
8;0.403065738410877
10;0.4037773852202531
8;0.4051572857408725
8;0.40600345115445996
8;0.4063129885878065
8;0.40702752827039135
9;0.40830039248228367
10;0.40858534049335493
10;0.4090019142354287
9;0.4095963996798466
7;0.410846120906068
9;0.4110471755940828

