Instance0
21;0.06232397417013666
9;0.064777505389716
5;0.0745266549636016
6;0.08099693349629732
6;0.09619229345999959
Instance1
1;0.0
17;0.0
Instance2
6;0.0
6;0.0
Instance3
1;0.0
12;0.0
Instance4
14;0.053578319944574536
9;0.07820027598211274
5;0.09445994499679955
1;0.09926197943794529
3;0.10282796909770749
1;0.10314118993292029
Instance5
1;0.0
13;0.0
Instance6
14;0.057335491967612146
4;0.0714695692007142
8;0.07613766554621793
3;0.11852883275669328
5;0.13297931691514167
Instance8
12;0.02142423052721587
7;0.04669380818440446
3;0.05230317469707803
2;0.06241401750036289
4;0.06478361182968614
2;0.06689075449475357
2;0.06699939227381016
2;0.0672758270185382
1;0.06731670063838144
Instance9
1;0.0
19;0.0
9;0.0
Instance10
8;0.0
9;0.015603978196768842
3;0.02128854969184324
9;0.03898135207723641
6;0.045531752234550305
Instance11
2;0.0
4;0.0
14;0.0
Instance12
10;0.014562233144672754
8;0.039281517889650064
8;0.05301888585665204
7;0.07495646453082505
4;0.08228645808156265
1;0.08296203895731824
1;0.08713696370609758
1;0.0875213256005064
1;0.08770407435398309
1;0.08781843970293313
Instance13
5;0.0
13;0.0
10;0.0
Instance14
10;0.0031232192171131157
5;0.03567653920522906
8;0.06461471772917005
4;0.0701001378356394
2;0.07478070495867362
Instance15
1;0.0
3;0.0
1;0.0
Instance16
10;0.025084674980117128
14;0.09365711902317975
6;0.10600710426203197
7;0.11284030749414542
2;0.11754496371699352
Instance18
15;0.054009013674546365
6;0.07413840266214111
5;0.08605483097368395
2;0.09333694517699356
3;0.09963775332701262
2;0.1024794244420897
2;0.10300925003784477
Instance19
2;0.0
11;0.0
9;0.0
Instance20
11;0.03523390277207494
5;0.07007056711515136
10;0.10944491658947886
12;0.12788021733525579
6;0.13897997574553822
Instance21
5;0.0
8;0.0
12;0.0
Instance22
5;0.021246544114080668
6;0.07180211474596321
9;0.11329064396686639
10;0.15733910371416582
3;0.16469920219872503
1;0.17204498606710694
Instance24
6;0.006090356076500769
22;0.0683290687645226
8;0.08820159954319329
5;0.09990367232756692
15;0.10572771777791368
Instance26
12;0.046315811457820266
11;0.09381162141888733
12;0.15626974278469197
6;0.1688302873244143
5;0.17549606058021816
Instance28
13;0.08945355766077377
3;0.10151662345537686
3;0.10459194723066154
4;0.11438925637392305
2;0.12287578868338603
8;0.1293038547770648
Instance30
10;0.08414505884286495
4;0.10050316185944716
7;0.15362746172012848
3;0.16317626897473667
2;0.16695945162744288
2;0.17115214007266416
Instance32
13;0.03284589665209708
5;0.10264328323783255
6;0.1177663188601448
4;0.12483006172072068
1;0.13159081113311719
3;0.1430446293939615
2;0.1430446293939615
Instance33
4;0.0
8;0.0
12;0.0
Instance34
8;0.007990664259588276
8;0.046321059988401636
7;0.07931389717291781
12;0.09254095429163367
5;0.10300234105944694
1;0.10423342770714383
1;0.10513821939844892
1;0.10541321907785339
Instance35
1;0.0
6;0.0
2;0.0
Instance36
8;0.0
6;0.012392080901080238
5;0.03254238249709751
3;0.04926237131261635
3;0.05609665661008911
1;0.05748357279334437
2;0.05928382849651803
Instance38
18;0.09193973796116685
7;0.10508456156517375
9;0.14977443886395544
12;0.1586787026007831
4;0.16896142042162593
6;0.17659715925637476

