Instance0
10;0.07925010867451342
20;0.20758479051044437
32;0.26003945995165856
48;0.3088124663671433
63;0.3834808475612533
78;0.4136184982979525
89;0.41485123031052007
103;0.4984998270505042
113;0.5230824711594365
127;0.526553320910797
142;0.5437347388363949
157;0.5464939322239731
170;0.5492795585622061
183;0.6788344332469669
196;0.6824230559477508
206;0.6983386207185371
222;0.7050286078254683
239;0.7108041196495739
247;0.720967265406427
260;0.7225398857791644
283;0.7405961540529282
296;0.7441824674726947
310;0.74734387318529
321;0.757996586517797
332;0.7612087964127715
345;0.7626082207092163
357;0.7650306564962961
370;0.7680096290085298
380;0.7725312012402767
392;0.7733879444976711
402;0.7763161128275256
413;0.7847831607210515
425;0.7849226025476993
436;0.7853897326669703
445;0.7858336224817996
459;0.7863495572403972
472;0.787186208200285
487;0.7874372034882514
Instance1
15;0.02655836401956661
27;0.15466366774448978
40;0.2265957180881659
57;0.451404537939615
77;0.49339150494445505
93;0.5115216570578599
112;0.5315178965937022
129;0.5519164577297948
144;0.5680093217398048
157;0.5857457122870073
168;0.5949648689565715
182;0.604106985319705
196;0.6084897227522184
208;0.6224511382843069
227;0.6275785986789856
236;0.6317644553283978
245;0.6484565217217593
255;0.6742479043080147
270;0.6791014436131615
279;0.6831160995816159
290;0.6889112426320291
303;0.6903664484201685
312;0.6968891943646512
323;0.7044220243267836
342;0.7358103402294345
349;0.741012849771488
359;0.7440987827819027
367;0.7467934159293251
374;0.7492657196091385
384;0.7500038534416008
392;0.7531075728094242
405;0.7574563371958585
411;0.7615116266850489
419;0.7624365172703028
425;0.7675056291317908
433;0.7686706355420625
438;0.7694176625532292
443;0.7696044193060209
449;0.7704937371764573
456;0.770680493929249
Instance2
7;0.050790044867745375
16;0.2858427003703814
24;0.3307596680382481
33;0.4101973621556456
41;0.5913738149441404
50;0.5933351906017764
59;0.6153169876451712
70;0.6348556676413352
87;0.6427856314246005
100;0.6636256388108386
112;0.6698507385854731
126;0.6885635761994744
136;0.7104577838993065
151;0.7231832642426292
162;0.7647434753381076
172;0.7717961127678847
185;0.7805692199955148
196;0.86926354191314
204;0.8811921881189784
219;0.8822554752986906
232;0.9477495649327633
236;0.9477495649327633
241;0.948864403386791
249;0.9496171881949771
253;0.951294822910363
268;0.9543919946926144
274;0.9573852104775447
286;0.9591668011902516
292;0.9627156438574141
302;0.9642176287842235
312;0.9647481628395166
319;0.9653683141338791
329;0.9669527469206328
335;0.9695659856119071
347;0.9715913352148838
353;0.9715913352148838
376;0.9751437625716094
386;0.9774523026500466
399;0.9774845648561118
Instance3
17;0.05115144550259865
29;0.16054410858147622
38;0.35173250903734476
48;0.8416318840620327
56;0.8992447179169625
63;0.8997111100805176
67;0.9209465282773911
78;0.9256833236884988
79;0.9279569854858304
84;0.9356816056947136
88;0.9442224121898186
93;0.9455632896600398
106;0.9517721353373686
115;0.9556344454418102
120;0.9558822162786988
127;0.9583307751373638
134;0.960240068056918
144;0.9605752874244732
154;0.9705006956551326
155;0.9797405452574339
159;0.9980137789468072
Instance4
5;0.07657866643430408
16;0.12172154143299961
29;0.21790825287741922
41;0.24787239664466865
56;0.2801031199753854
70;0.2987172381200323
82;0.3090338861582831
99;0.3197673107913277
115;0.33717867638844184
128;0.403255846013254
143;0.42135803308941
160;0.4468746567560521
174;0.46543548839542853
186;0.4890145582575135
200;0.49843836437534733
213;0.511102798063304
228;0.5250875581963992
246;0.5338387812336415
257;0.5868039664588528
271;0.591923592073715
281;0.6719394748962004
294;0.7102948243209943
305;0.7127838888543225
317;0.7146103966413688
332;0.7208420114442335
344;0.7279085372821084
357;0.7433051295819887
372;0.7503945473639823
388;0.7530836368674971
399;0.7612142845919293
413;0.7697003086228024
423;0.7753229503119697
437;0.7820366198973443
449;0.7877814929275806
466;0.7920958065586406
480;0.7949569253569931
493;0.7959619386057815
507;0.8401229650036607
518;0.841846979224364
529;0.8531878762132432
542;0.8546209406677607
560;0.8563145622958267
573;0.8569422682139212
586;0.8597136490598473
600;0.8628569160534746
618;0.8690036966476443
634;0.8733218396238182
648;0.8741319355633965
662;0.874544089637919
676;0.8749775620266408
Instance5
18;0.06429967290839075
33;0.1693045736134829
54;0.19481068749459413
70;0.22539604289034965
85;0.2772003777710679
105;0.30035655115951804
128;0.39379178545866655
147;0.4771180348033239
163;0.5018251773515388
179;0.5302300348639875
196;0.5556056908520638
219;0.5667266904714265
232;0.6074509005473445
249;0.6131985496872372
263;0.6185226109616744
278;0.6241753179937927
291;0.627629750068976
307;0.6320262999828458
326;0.6355099450142673
339;0.6372773288666868
357;0.6403373860326526
372;0.6441131606264576
399;0.6515770709453529
413;0.6539506236397178
427;0.6569011322197897
436;0.6579893148396678
447;0.6596836663014914
458;0.6681335138934305
470;0.6744362092018517
482;0.6793731988061306
498;0.68079002718369
506;0.6816225964364827
516;0.6872022710780049
528;0.6900943537456005
543;0.6938482186222267
553;0.6998295714120263
562;0.7042115148477767
570;0.7065339448687246
581;0.7071547201887892
589;0.7081479607008928
598;0.70960130527375
606;0.711390598843348
615;0.7115366636245398
623;0.7116827284057315
Instance6
5;0.12289886117560986
12;0.1705859657967114
20;0.22073039544692782
27;0.33885988741741435
37;0.42208418611238085
45;0.4550015022783976
52;0.5990437571977876
68;0.6095450621650361
77;0.6289913289645859
93;0.6535505305992209
100;0.6728818098475631
119;0.7171760842243153
127;0.7308141426233394
141;0.7421471017400187
152;0.7493030712058597
164;0.798426822733325
175;0.8091340356411079
180;0.8844117360351309
187;0.8848111563179228
209;0.8859046047516654
221;0.8868620803231815
232;0.889675018910504
240;0.8946748543653121
248;0.8979976911859865
257;0.9014734974766663
265;0.909425077148987
278;0.9131048427330075
292;0.9137280516848816
303;0.9144815679630566
313;0.9168299326044369
323;0.9186514024046871
344;0.9216881296610919
354;0.9226399396966815
361;0.930483874186406
380;0.9342316262015399
392;0.9361919016319802
401;0.9388773656609651
424;0.9407639891243658
433;0.9413362082529046
450;0.9433333096668649
464;0.9438063819166967
470;0.9443191129180112
471;0.9968893304288206
Instance7
7;0.03828659194011058
20;0.0489467141653615
30;0.11350088490025753
45;0.28431225442855246
60;0.48458413080789964
73;0.5609619610872388
85;0.5812803766334562
96;0.5972882670320627
111;0.6144014202890311
126;0.6415632550332722
137;0.6621671968178998
153;0.7218899410381319
165;0.7426707254089611
186;0.7514523146118793
199;0.7616991520696249
216;0.7776089760257576
235;0.7833214641543752
250;0.7907170077108351
262;0.7962611902966686
274;0.8152698163052403
286;0.8197249630259993
296;0.8214377194319799
310;0.8298529965711913
319;0.8404661460926437
337;0.8474755769333046
346;0.8499308577927451
353;0.850970392027589
362;0.8519505243061559
370;0.8530296598451842
378;0.8548216188595339
390;0.8554453394004401
399;0.8554750403785785
419;0.8565244749394684
430;0.8566729798301603
Instance8
13;0.137362504305767
27;0.1734303674864636
44;0.1865786307851917
60;0.1967758778271224
74;0.24050578155639332
84;0.2671823120275479
106;0.27193387495416926
122;0.2940291748515613
134;0.3133264109941804
152;0.5615870028663523
168;0.5677606888748894
185;0.5743210541494417
196;0.5834629429329018
209;0.5942306422666527
227;0.6090408975632893
243;0.6135096795353051
255;0.6193647945576364
278;0.6230799913691796
290;0.6287483578823561
305;0.8011236529074411
319;0.8030211622992497
334;0.8065731014483604
346;0.8089790937490847
358;0.8142797180239796
375;0.8245337099530464
388;0.8412838810940689
404;0.8432334789789856
422;0.8467234080172529
437;0.8486134761957602
448;0.8499677770165803
458;0.8501364445180745
471;0.8512823913664607
489;0.8518925708571597
499;0.853152616309498
511;0.8620721506532145
522;0.8662913185950002
534;0.8679953564409771
546;0.8689279885080622
559;0.8696944334780866
571;0.872685801225173
581;0.8729512044995829
Instance9
18;0.043697877666946695
36;0.11280716523267793
50;0.13855861410731365
72;0.19368928823694923
92;0.23803102718710714
112;0.28355673298429385
125;0.312580859833691
139;0.3438253503300631
154;0.3454109501804199
170;0.4176440992887145
185;0.4354920842779775
206;0.45849304162393745
221;0.49119031945564057
236;0.5081815352600969
248;0.5409915933593431
262;0.5516697163471423
272;0.558153324330045
281;0.5626237375469799
294;0.5690857909820671
310;0.5998693047442113
322;0.6080100104467101
345;0.6154576083426511
357;0.6218147754856003
378;0.6252847292177933
390;0.6309090562595414
405;0.6380990276351045
416;0.6466262788750664
429;0.6531557169673805
441;0.6573462518624474
455;0.658440397865705
467;0.6689654622533153
482;0.6749943396234912
493;0.6816035130520747
509;0.683676631795089
524;0.6940200768056404
536;0.6977764970921275
548;0.7032162189220877
558;0.7062195832549161
571;0.707185266771961
579;0.7137767212369293
588;0.7156992287892116
600;0.716146632620503
609;0.7168731101287389
618;0.719517665448353
631;0.720164407620319
642;0.7213161402553268
651;0.7235177214845535
663;0.7292598993009157
674;0.7298034020453136
682;0.730208801633348
688;0.731260167597921
698;0.7604918652874598
706;0.7611302452505758
720;0.7622774788074799
726;0.762578165021991
730;0.7630638889069705
735;0.7634062085973371
Instance10
5;0.09893041388268727
12;0.14694855511999952
22;0.20911377010381246
35;0.21596858631440438
45;0.28428870647711907
54;0.29321033256480933
65;0.32555056318948666
80;0.40449267305593667
94;0.4459325476697722
100;0.5246813615021689
111;0.5278580325396894
116;0.5286234707160428
129;0.5498238508766528
142;0.6202891379398247
150;0.8178279618335562
169;0.8388204133993172
179;0.8479232460832874
191;0.8536924704352113
203;0.8729466296201539
218;0.8833161833031332
232;0.8884382511842761
244;0.8963997807899311
252;0.8970569706943677
262;0.9135644774161114
278;0.916772667827464
287;0.9190928993603029
295;0.967748597357467
309;0.9695000151381347
312;0.9695000151381347
315;0.969840999130831
327;0.9872647645152031
329;0.9875566674786478
333;0.9878072390490382
336;0.9898298940966238
337;0.9907236854714186
338;0.9933114793273583
Instance11
8;0.04494242131480998
23;0.06717529079834993
41;0.11625590590096943
60;0.1446059380613408
80;0.1636274193593636
99;0.299799816074225
105;0.30565498240996847
123;0.3238937101351725
141;0.35463525690844927
155;0.3638719549190408
175;0.3888615742144831
187;0.4946153875102191
199;0.703164049923402
212;0.7250549232570822
224;0.7463448706561122
234;0.7528155552738617
244;0.7535881743326975
254;0.7580843880223113
270;0.7675704331335726
287;0.7801308582497847
298;0.7857162501959517
317;0.8011203426814898
327;0.8053160934037784
334;0.8132622658074993
343;0.819287621384392
356;0.8211386878795194
364;0.8275449875756993
374;0.8310056771100678
382;0.9107220323136704
393;0.9138029974730418
412;0.9168372813421197
421;0.9187920603731603
430;0.9200407848885116
439;0.92229899230646
460;0.9259518032719267
484;0.9261210229492406
495;0.9261210229492406
Instance12
12;0.1881436329751591
28;0.3140972201715114
41;0.3358823787671729
58;0.3578683874491376
74;0.37085371651440735
90;0.472443774554028
105;0.4986117390902422
120;0.6246951181950691
137;0.691387890230662
148;0.6979353412538876
160;0.7059146601134444
179;0.7191532443995272
191;0.7286313176552446
206;0.7383769371502764
219;0.7595353855760686
237;0.7725708329026719
250;0.7771884828108415
266;0.7802999464828698
277;0.7846971184716044
289;0.7862429411876442
304;0.7913263197346205
316;0.8015588455226708
327;0.8072361241310709
340;0.8142662014967951
353;0.8206422603456514
366;0.8240864262994991
382;0.8258296467570061
394;0.828343763565194
406;0.8339165981518891
422;0.8347049018395208
433;0.8375348374752456
445;0.8379352062251152
455;0.8388180068847658
466;0.8402628158516866
478;0.8404443495084598
Instance13
14;0.033988899951657874
29;0.07109757804182991
50;0.09898442119862907
75;0.1284374636505361
95;0.17100301831534415
116;0.3201672305902122
134;0.4213693133601696
155;0.5081586543036202
174;0.5284385378587722
195;0.5496846878842103
211;0.5564544093366377
232;0.5609460843833606
250;0.6073327311175102
272;0.618957209563071
289;0.6349445275259833
305;0.6459775337685205
320;0.6545685211134263
334;0.6696305657290345
351;0.6762714516520903
363;0.6876733960014642
381;0.695989143806349
397;0.6999830452168639
413;0.7074028004765744
426;0.7088844090643464
443;0.7169366296500622
455;0.7184299505586859
467;0.7213814554133775
481;0.7228513516802972
494;0.7239054605569727
506;0.7255978909200796
516;0.730698606651104
529;0.7381242180712405
546;0.7417081882519374
559;0.7427154478452049
576;0.7471602736085203
592;0.7483197933728634
604;0.7549313984937893
612;0.7555345830176649
620;0.7570161916054365
629;0.7626204577835579
638;0.765384591291503
650;0.7682312362474468
659;0.7698461031582721
668;0.8017165673889279
678;0.8036460499897893
690;0.8048098648918962
698;0.8053060175606891
707;0.8102246668574886
743;0.810978083873063
749;0.8116273700816069
757;0.8118601330620283
767;0.8122215282158405
Instance14
6;0.12604253601480034
13;0.3179414706174613
21;0.42237201387152096
29;0.5047904879768935
39;0.5300585090204908
52;0.5555261493186225
65;0.6492145276394053
75;0.6609780850489392
83;0.6721817479203351
92;0.704989028035495
103;0.7216315412869717
114;0.7499254493576138
129;0.7581554988316156
138;0.765099328398502
151;0.7799626395347108
159;0.7845098224409586
169;0.7863527206677823
179;0.793610048025241
189;0.8119218348577474
200;0.8158361624110639
208;0.8182122998704499
221;0.8216138973924563
229;0.8244090085345701
242;0.827394562259742
249;0.941949001796448
261;0.9420317635419814
281;0.9424041913968815
Instance15
7;0.03813275173171436
22;0.12510643399420446
36;0.18674204648933768
52;0.2667664031322348
67;0.32046574217456797
81;0.37082036647066646
98;0.5714072899468371
111;0.6940328559918072
127;0.7136743410569942
138;0.7280254731546452
148;0.7280254731546452
160;0.7367167673155979
176;0.7457019699747474
190;0.753058079815322
203;0.7673504302133334
217;0.7792159361548081
229;0.784909363634157
244;0.8004193349532682
256;0.8111008095162944
274;0.8223701010757135
288;0.8287017298654319
304;0.8304567834689478
315;0.8384426972342293
326;0.8411634501889623
338;0.8428681194785018
353;0.8510303783427012
370;0.8560856045116804
388;0.8579078372004987
399;0.8596376986470264
415;0.863685238536475
432;0.867270922214472
446;0.8723681353117652
456;0.877717269978941
474;0.8842504360245655
482;0.8859802974710934
488;0.8896583523913807
495;0.8904728988006682
506;0.8912454582816416
516;0.8916065458651401
Instance16
9;0.09071661519463753
18;0.455416966169898
28;0.4659325421409178
43;0.4891000243053538
57;0.5859230334206499
71;0.591942512955758
87;0.6261469513557735
102;0.6328143609797299
116;0.6630580654495267
144;0.6965388077422398
154;0.7131707551035672
165;0.7258524190199799
178;0.793143558949706
197;0.7960175460098665
210;0.8063101140353367
222;0.8110095446724609
240;0.8114034275871331
252;0.8140600999357501
268;0.8189469645115806
285;0.8233638860236984
297;0.8285278268567464
318;0.8338737687607121
332;0.8418763830132946
343;0.8424631327344616
354;0.843009135947214
366;0.8474314903271206
374;0.852299339865691
389;0.8553689101662403
397;0.8570612484823839
411;0.8597260701326837
420;0.8603970293045737
427;0.8606007618466457
436;0.8626788337757786
445;0.8642326339633132
452;0.8671229196268393
462;0.8690706027290462
473;0.8701327283817142
482;0.8707330602723526
491;0.8750766380693247
503;0.8764919001282507
512;0.8774725327640899
521;0.8778528335092907
Instance17
13;0.025434880226696266
27;0.08320444145899435
46;0.12344231822231659
63;0.25845200215233033
82;0.34744437249362714
102;0.3617805751251439
120;0.3831567609331793
142;0.39933873336729964
162;0.40295209919263186
181;0.42534020115127114
199;0.43447350443333105
215;0.4421996796776413
227;0.4998398133721246
248;0.5110534077964131
263;0.5366162338155306
281;0.5463488694099652
306;0.5587785004100866
323;0.5680116924108756
346;0.5823044651646839
361;0.5868168294585784
373;0.5952465687217635
386;0.600458154046762
401;0.6035807622539904
417;0.6265435156725219
431;0.6385884768595261
445;0.6485826602682229
456;0.6504408977747681
468;0.6541349843841655
487;0.6552678376110472
499;0.658702218737602
518;0.6649933601754241
531;0.6685844601278321
539;0.6707203138401745
549;0.6718755554707495
560;0.6764383121434475
575;0.6782741612462995
583;0.679532389533864
602;0.6813458502330226
612;0.6882773000164735
628;0.6921997483435426
638;0.6932072265097418
650;0.6944878432009997
665;0.6953833793487322
677;0.696158018116521
686;0.6992923946335854
701;0.7003715156916032
712;0.7012983956045066
720;0.703461115401281
730;0.7037029101611687
737;0.7087223902692105
751;0.7092149351504633
759;0.709617926416943
768;0.7098910649420014
Instance18
8;0.18151452856232572
16;0.5311495649654132
29;0.5532426974353702
39;0.6003794915561874
48;0.6146602917010017
59;0.6171807842401531
70;0.6254858668839692
80;0.6981142774908035
94;0.7253349996405277
108;0.7396396907098836
121;0.7630886331475836
134;0.7666872036566804
145;0.7824313229296751
158;0.8081946986823543
170;0.8198056880096312
182;0.8235446177004105
193;0.8250676641399454
205;0.8254379734703421
221;0.8266803015465115
233;0.831225549940574
247;0.8517836905087256
261;0.8559257795511467
276;0.8586045494653872
288;0.8734467863369318
298;0.8882979823051798
308;0.8926849533241533
317;0.9111257607047949
329;0.9128399345406634
342;0.9165609460380365
350;0.9166684551984743
356;0.9174240056871064
365;0.9177405604372842
Instance19
11;0.036561803691913954
27;0.19797128654523163
39;0.28264649952388415
52;0.3532343706219872
64;0.3804804203668294
77;0.40829878687418497
90;0.44402707013418335
106;0.48950439940824847
121;0.5048696288558525
137;0.5165064956024594
149;0.6598175665346103
161;0.6777813107170426
171;0.6803253782109643
181;0.7167186817507722
193;0.7285312768281829
204;0.7307946608192539
213;0.7430730710716079
222;0.7529806015232886
232;0.761186114989599
244;0.7644945971295817
259;0.7675223957667137
271;0.7800337136065393
285;0.7889200338669978
296;0.7993411554090006
306;0.8006549930819179
321;0.8047458058362286
331;0.8105804395018655
359;0.8121451007305215
371;0.8822194880121567
382;0.8860745194741269
401;0.8910905504279714
410;0.8965171005391638
426;0.9021055880564809
437;0.9072120069232594
449;0.9072120069232594
460;0.9139606911542281
478;0.913967106253307
Instance20
10;0.2659521787326786
20;0.3164016118729577
33;0.3444532559023325
43;0.379250764145797
51;0.38205234032308866
65;0.4005924262175402
80;0.4554149937380995
92;0.47918008820753943
108;0.49333149811982957
123;0.539611111364519
137;0.5472206052120835
148;0.5535270240262548
160;0.5951847946928986
176;0.6188894754780419
189;0.6960009213130663
205;0.7003119742376464
216;0.7316263971012675
233;0.7438026038543386
245;0.7499946663066742
258;0.7534188183658356
270;0.7643637598149007
284;0.7987254830879086
303;0.8212586127675513
313;0.8306928988963982
328;0.8367420176195086
338;0.839237035438708
349;0.8419627124573383
365;0.8441393556069002
376;0.8457799597718684
387;0.8544767862067593
398;0.8613413339306758
411;0.8642911727064999
420;0.8655711688272869
430;0.86753664510413
438;0.8709445535576977
447;0.8721530778138723
454;0.8732933789265531
463;0.8750834242629838
473;0.8760385482718962
482;0.8800344752479573
488;0.8841181176942248
496;0.8855865396398993
508;0.8866456227246114
516;0.89062205737396
526;0.8926622542365344
534;0.8945822484177152
543;0.8948388973860962
553;0.8951995054302774
Instance21
17;0.06212900136773357
33;0.17163684714497174
46;0.18502865504880397
63;0.21395348342275972
80;0.23667431896439636
96;0.26579988550980316
110;0.312072190660952
122;0.3198041065799646
140;0.3377672509915356
157;0.3704072096647812
174;0.39460268245123714
187;0.4526691571946941
201;0.4793612798295022
215;0.5016521582890879
229;0.5163339205750921
240;0.5254101181404145
253;0.5280705717090192
268;0.5479418607090918
286;0.5654154569868416
297;0.5804366186992932
312;0.588899707623291
324;0.5901259249059402
345;0.5954249353059595
356;0.6011947255555674
367;0.6074024505489785
384;0.6144422515556157
395;0.624952685406894
405;0.6309633397655936
415;0.6340398313408114
423;0.6385943526763652
433;0.6481194333540861
444;0.6553344082582445
454;0.6677279615078766
463;0.6742093957161648
474;0.6760377732715434
482;0.6779756345128728
490;0.6786106398913875
498;0.6808988489277594
511;0.6823002401079298
521;0.684194307874879
529;0.6867233810203427
534;0.6872598510815018
540;0.6878291662484459
548;0.6901721171277934
554;0.6923836875839998
559;0.6933252472831768
571;0.6934675760749128
576;0.6935442146550785
Instance22
2;0.3678376475528067
8;0.4012966909818812
15;0.5170799492855467
24;0.560797575588129
33;0.6145437880663432
42;0.6361999850790295
54;0.6623721490008008
66;0.689719851600604
73;0.7120915938955706
83;0.7263878965762313
95;0.796460223862391
105;0.8161194654189177
113;0.8200768689188758
132;0.827812789598222
143;0.835654581773416
150;0.8409226013771426
163;0.850199134858133
172;0.8563031742049321
181;0.8583767952270502
189;0.8728264290396281
196;0.946994227728696
205;0.9496061404137551
236;0.9507260909803621
246;0.9655164870995047
251;0.973485423261312
256;0.973485423261312
302;0.9769976006374494
305;0.9798364794358745
318;0.9801239109924419
327;0.9986445417498292
Instance23
19;0.055624085151011006
30;0.16750698593108862
36;0.5105324734749529
48;0.543808228869806
63;0.5661176346879906
74;0.6003142285969151
80;0.6381523202660311
87;0.6495581609516883
102;0.6863498452184503
117;0.6926701459286678
127;0.6960186496162003
137;0.7001205666334275
148;0.7087011073327292
156;0.800803734693885
167;0.818863948469454
173;0.8971026640184314
177;0.9034831332183378
180;0.9164403937473786
184;0.9213239067119225
198;0.9253975908934012
204;0.9310663923748566
225;0.9324406472794519
231;0.9339866840471215
239;0.9373487005101492
246;0.9386493346162839
251;0.9408579585700977
254;0.944858021953116
265;0.9453979078084926
273;0.9454960688731066
283;0.9471402667053902
287;0.9484163605453715
292;0.9502323402407296
295;0.9502814207730365
305;0.9712633483342673
321;0.9712878886004208
333;0.9771775524772575
336;0.9794107166972249
340;0.9811530755941223
346;0.9827236526279455
348;0.9857911858971313
351;0.9865764744140428
355;0.9869936589386522
359;0.9885642359724752
364;0.98986487007861
367;0.9904047559339868
368;0.9904783767324472
370;0.9906256183293681
Instance24
5;0.20139010536671084
13;0.21928808456899754
22;0.24875740265628304
29;0.31734508618009466
35;0.3566074365195063
43;0.3880750839443278
53;0.40938705274523846
66;0.42154769651007484
78;0.48377730283256903
86;0.5625694572928586
98;0.610502694910077
110;0.631850449127121
120;0.7063016274248504
132;0.7134187262516494
150;0.719388275167091
162;0.7288348144623319
175;0.7433008114745834
187;0.763785006650389
202;0.7741873605850149
217;0.7786087187222908
226;0.7844723839800756
242;0.791091543443842
257;0.809023083953984
270;0.81373061413898
284;0.8207532761900314
296;0.8243704908732136
314;0.8281536853440734
327;0.8325635965994403
337;0.8389367069476747
350;0.8457684404576065
358;0.847062329379942
367;0.8645795252721516
375;0.8701853057791904
384;0.871627626388814
394;0.9362622997465398
408;0.9383741652012285
417;0.9398303056677997
427;0.9412741320500868
435;0.9421484320342436
446;0.9425116975206186
456;0.9447189971285075
467;0.9451284404309471
Instance25
12;0.03305217110079873
27;0.05397099947120784
39;0.08990507992324594
50;0.11654368738948159
63;0.2698604417884102
75;0.2824370757916134
91;0.2912578375104334
108;0.2991421484988307
125;0.3090302626630786
138;0.32015690843853073
153;0.32408395988869027
164;0.3274974738415212
181;0.39766352141485495
193;0.4237330433939657
209;0.4338281972308035
225;0.44417746249145196
240;0.45083056158758283
262;0.48067893333444195
273;0.48376403256528694
287;0.4954612041664057
300;0.5095645149359828
313;0.5127687299672465
323;0.5157585365577565
336;0.5255379437721338
347;0.5291352409447793
357;0.5296593504666217
363;0.5336973761008165
372;0.5409396167662749
385;0.5478006868703936
395;0.5507190239806523
404;0.5573299509038915
421;0.5589022794694187
433;0.5618206165796775
445;0.563083244064116
454;0.5672522970787713
464;0.5679074339810743
474;0.5683481624426237
483;0.6343173226148742
491;0.6353798903248411
500;0.6371065628535374
514;0.6383949262018724
525;0.6391254415024746
533;0.6409982170912913
540;0.6415693472353987
548;0.6452352058347846
555;0.6484627552538093
561;0.648887782337796
567;0.6494456303855286
575;0.650176145686131
580;0.6507207116374889
587;0.6514113806489674
595;0.6526067693226804
603;0.654253749273129
608;0.6552764706939722
615;0.6562062174401935
622;0.6564851414640596
Instance26
6;0.32126806078788767
11;0.39514716448302745
17;0.5399439420256242
23;0.5591429922157923
32;0.5745914890359904
39;0.5919512214222592
49;0.5953599304178623
56;0.639324294228456
68;0.7036256130960787
83;0.7588626632902238
94;0.769535204031011
104;0.8156872908743421
114;0.8224781014232584
122;0.835418187523653
134;0.846560793078231
142;0.9326323708602541
149;0.9382686809351447
165;0.9481657350360709
173;0.9636927160747703
185;0.9664310818982448
187;0.96654736596034
192;0.9679900327465175
195;0.9688677614327982
208;0.9708434489120986
214;0.971169006461192
217;0.9760587531789439
226;0.9795824348867755
229;0.9798345824002889
Instance27
7;0.024991171009344684
21;0.17652360268274866
30;0.4922063429325252
39;0.5786293986693366
50;0.5902099091986157
61;0.6202247017949107
73;0.6377499955943222
82;0.700411133815598
94;0.735952889266915
107;0.7638373859190188
114;0.7757712956037245
123;0.8538645425711533
130;0.8862657164430109
136;0.9270753471212879
141;0.9340970689046592
145;0.9353957572595776
152;0.9519485308680264
162;0.9543918259086352
169;0.9637908077315178
185;0.9666083011116795
190;0.9674667561259473
195;0.9683031994731828
198;0.9785826479773658
219;0.9822585963717954
221;0.9822585963717954
244;0.9824787130421204
Instance28
10;0.10274168977722706
23;0.1714920283430818
34;0.21248855482256507
48;0.2344289434499233
62;0.2609222996317724
75;0.2860571291572713
90;0.3118217251401661
107;0.4191217897969657
117;0.45869537290342705
133;0.4667893017422021
145;0.5282439918053609
159;0.5408142300475761
171;0.5424522824640573
180;0.5604538079621301
191;0.6708572332759078
205;0.6909128325191266
217;0.7140882992489483
228;0.7357291640891361
239;0.739301408135937
248;0.7696292104543347
267;0.7850117733908911
275;0.7878179461511934
287;0.7897176203750275
299;0.7903947856164133
314;0.79279104768393
326;0.801098574301622
341;0.8058337626954273
351;0.8178128126313216
366;0.8581557098853105
379;0.8588107594788709
392;0.8589894093680239
401;0.8599608181402926
416;0.8605674833888743
426;0.8634370472333923
436;0.8662154251969885
444;0.9195061618650001
460;0.919645504920052
Instance29
8;0.011234581532540422
28;0.07182568316066085
42;0.14153176871605444
54;0.17299543082238567
67;0.2724938930044428
78;0.29899153727132965
94;0.3262726674616555
110;0.37839240922735307
124;0.38939717916032734
135;0.4088675521197417
149;0.49246114590582235
163;0.502584325131298
179;0.5353076159761846
195;0.5382163234929298
209;0.5490511039444307
222;0.5640907963284545
239;0.5707454725874473
260;0.5786839493922105
274;0.5828206400396924
290;0.5880426693128257
309;0.5917514264450509
322;0.6026792359216075
340;0.6222029273133218
350;0.6361758868767056
364;0.6414413296948648
377;0.6468556189531134
394;0.6509488960555694
406;0.6589804018853884
415;0.6642706524435624
426;0.6667514264450509
436;0.6694988836516993
449;0.6705346067973208
458;0.6818159265690896
466;0.6853014140411808
475;0.686454973951873
482;0.687478293227487
490;0.6891776234185065
496;0.690014884644009
500;0.6917204167700323
507;0.6926072934755645
518;0.6931964773009178
524;0.6943748449516249
527;0.6944120565616473
531;0.6947655668568594
535;0.695218308112131
541;0.6960989828826595
546;0.6965517241379311
554;0.6967067725130242
Instance30
7;0.17911438239131441
14;0.24527053250539532
20;0.26108809562877167
29;0.28036966334117264
39;0.31914147374121676
54;0.5642083989880268
68;0.5949125390474631
81;0.6033586743925967
93;0.6576270033247416
106;0.7064825991027133
121;0.7239604006226106
131;0.7430733802118764
143;0.7677342154544609
155;0.7804141891061511
165;0.7875090994598303
175;0.801818376289622
187;0.811807649740938
197;0.8842289257506447
205;0.8907997164512836
217;0.8987291292892732
225;0.9038671911905247
233;0.9131696357945936
243;0.9186761724876417
257;0.9253745913284561
265;0.9265685319946123
273;0.9307143880319203
283;0.9344773596487024
295;0.9354675069942562
303;0.9360768284376737
312;0.9382423897838745
320;0.9391090260260325
338;0.9392078349087489
348;0.9451981234234293
357;0.951946408895548
363;0.9540034267560252
369;0.9545099286412684
Instance31
15;0.0850496184898348
25;0.24611291599946736
36;0.2910983890391658
48;0.35627996484687424
54;0.5865201658129469
63;0.6179520636410434
70;0.8167435632009974
77;0.8309776752757895
85;0.8345889452093244
94;0.8434744066265443
101;0.8527073441885715
114;0.8635411539891763
123;0.8676239986906643
136;0.8746479807607012
146;0.928444733894288
151;0.9363870457756018
158;0.9438826026135918
159;0.9922438360534045
Instance32
8;0.10828001071682261
16;0.1363094550950223
24;0.15746175019341568
38;0.17574643717542215
54;0.17813054179857313
65;0.2078591956939404
81;0.35439093317437537
94;0.4081873733888331
113;0.4497232754319358
133;0.4657862572598132
156;0.48096397496791693
170;0.493594400654498
189;0.5425299828850236
205;0.5526601308710597
224;0.5550865595532273
243;0.5748610584234952
261;0.5824931865755189
272;0.5926744710985867
290;0.595486980635346
306;0.5978315908582623
317;0.6022600149652321
333;0.7515070231618085
348;0.7529069999581712
363;0.7555413961289199
376;0.7698112840968236
388;0.7749900364368953
400;0.7785742093968776
412;0.7803633913606938
427;0.7825069242978633
439;0.7884466598757917
459;0.7898350186074542
472;0.7926233541354792
484;0.7998004136039691
504;0.8071459350106104
519;0.8099400795709856
537;0.8108433841014188
548;0.8170677622644998
556;0.8193303803648453
570;0.8198880474704504
583;0.8204921868348559
603;0.820971432003735
613;0.8225253481573742
623;0.8237510539832351
635;0.8249215740017708
643;0.8265510075759605
653;0.8271754785535912
657;0.8273758901696678
Instance33
9;0.04866759717049213
26;0.16166101141185416
45;0.23139589758725582
67;0.33212391780027956
90;0.34398679303506685
113;0.3868047817194225
131;0.4176298316671019
152;0.43432131440951627
174;0.4418108043932878
196;0.46439849922133425
207;0.6943336209929204
227;0.7044365069209957
243;0.7130251617305885
257;0.7253152703853605
277;0.7304027664712667
297;0.737829709576204
310;0.7412187030318549
321;0.7546144407572648
337;0.764613173222164
359;0.7804685350395002
371;0.7833527847889903
387;0.7864213060502535
396;0.7988396035827806
411;0.8014434401621814
428;0.8041033593756002
441;0.8052250120559575
452;0.8727919715443736
467;0.8763765157712063
474;0.8788614534357018
483;0.8820650316094413
493;0.8832425630462752
503;0.8849309353270299
516;0.8853119013801234
524;0.8854937260872814
532;0.8879700054323882
541;0.8893293615763804
555;0.8910696837734661
565;0.895615301452421
574;0.8995808117323472
584;0.9001436024925986
591;0.9005505435038574
601;0.901061384347778
608;0.9015116169559794
620;0.9032519391530649
631;0.9039446047041437
639;0.9056156603461214
648;0.9059879680798263
Instance34
7;0.329345540691075
15;0.40290829862387006
24;0.4466154802668663
30;0.617059962032511
39;0.6306978181520858
46;0.6679165914486268
56;0.6830536445175166
65;0.6858134565360404
77;0.7092299456605017
88;0.7194373812336867
97;0.7292998403045564
106;0.7422628519529124
121;0.7472471494509417
139;0.7606240051304284
152;0.7671681250725384
170;0.8149055377309775
184;0.8200980942210024
200;0.8258109068526096
210;0.8285055668679855
220;0.8309434337878364
229;0.8338582021708049
243;0.8348120050970392
255;0.8381303054872609
281;0.8402380098557228
291;0.841328546767886
313;0.8422523349167216
321;0.8463310096677175
339;0.8476183101206072
349;0.8543416202579804
363;0.8551019946187548
374;0.8554555019970094
384;0.8560924822729215
396;0.856185861580385
398;0.9789482924072701
400;0.9803507855031824
403;0.9847264208508898
406;0.9851378665295375
408;0.9852165778767572
411;0.9852165778767572
414;0.9856816903830546
417;0.9863042255837914
421;0.9880501863766624
423;0.9880501863766624
Instance35
18;0.09033558096812712
30;0.34465076571950376
45;0.4649370978368404
56;0.6711620618215836
67;0.7387444517707131
80;0.7520948232196784
84;0.7674155009777894
97;0.7788132370262111
107;0.8221423049188156
117;0.8280443883919517
131;0.834388244580143
148;0.8441358216594271
156;0.8794135654660924
160;0.8838824319705254
167;0.8869832781164586
180;0.8891082697399953
186;0.8895460362547152
192;0.8913883036708283
204;0.9042385749050045
216;0.915264818994514
225;0.9224697262159469
230;0.923071655173687
241;0.9236918244028736
245;0.923755665352937
256;0.9242116721391036
264;0.9250416044899267
270;0.9262181019982366
275;0.92841605470756
296;0.9290818246153634
303;0.93150778071777
307;0.9425340248072793
318;0.9482158693629158
325;0.9487813177777623
330;0.9498483736573923
336;0.950359101257899
340;0.951125192658659
341;0.9544905227405688
347;0.9553204550913921
357;0.9556852605203254
Instance36
10;0.12136067568643236
18;0.1650301032259844
29;0.22015704801923686
41;0.25305881624268955
54;0.2824714814059776
67;0.3007963769803351
78;0.31626526014028683
91;0.3457979125581324
107;0.3737391550734235
123;0.40775155404515534
143;0.42110077748491376
160;0.4288215458995776
173;0.4533567255442957
193;0.49316183271825065
212;0.5104498196129788
232;0.706366619933635
252;0.7156669431154965
264;0.7240274834730478
278;0.734885813059009
291;0.7419870859234998
302;0.7517064734111246
312;0.764359311039091
330;0.7694046793144174
344;0.7727530446089801
356;0.7814372187868236
370;0.7865261531533431
386;0.8003524042339796
398;0.8015566832058398
410;0.8023658409792538
420;0.8376232221189602
432;0.8454270165258768
447;0.8474714888621371
462;0.84979435743142
476;0.8505795218073666
486;0.8579635468941788
497;0.8595447504989245
514;0.860301640257455
526;0.8610520051042739
536;0.8622438889769023
545;0.8643862349888343
564;0.8658347653887805
574;0.8675986665214475
584;0.867903162401316
593;0.8687405260709544
601;0.8702651804408679
619;0.8704674527039232
Instance37
14;0.0201130741543597
28;0.11200672345952545
43;0.14564694197196015
52;0.2138748060010347
67;0.2675016659011069
84;0.30052855969101566
97;0.40141668444634093
114;0.40944740772349053
132;0.41187966716449753
147;0.4251845530189887
163;0.44401962876040113
175;0.4598677192233839
188;0.5084323847665938
197;0.5237080447522642
212;0.5293020777836974
224;0.5362463946503041
237;0.5520548196865872
247;0.5624621093821763
260;0.5737420314882516
270;0.5950526335127588
284;0.6001506439108629
296;0.6042657946466299
305;0.6179982731063877
316;0.6238219462458435
326;0.6301967556445538
338;0.6338250693513126
346;0.637793250417945
360;0.6405213749012548
368;0.6438741204783862
378;0.647805559127735
391;0.6528484558999137
400;0.6571105763048151
410;0.6574504436646887
419;0.6575882277295024
428;0.7173988790331411
436;0.7184342303059263
444;0.7197284193969078
454;0.7258509293273203
463;0.730340769942956
473;0.7321725452717298
480;0.7340341865026033
487;0.7369013131041623
498;0.7377276030622505
503;0.7383746976077412
508;0.7386136248245379
Instance38
7;0.4781768380593323
13;0.49893472021978474
20;0.6133617904867863
26;0.6265288489798078
32;0.6458027119803647
39;0.6649032205303848
48;0.7044648074088785
56;0.733667152576525
67;0.7647028523877241
77;0.823162700957279
86;0.8332251388361469
96;0.8541878944381425
105;0.8605573572040665
113;0.8830934357738099
122;0.8840915371556867
135;0.8939097028542533
142;0.8944665383620372
153;0.9034783432073507
163;0.9111138187787079
176;0.9146544521017863
188;0.9211657503272402
199;0.9242546114458903
208;0.9266421750146429
219;0.9297599285417157
238;0.9317929034616436
247;0.9391105625403506
255;0.9397278094475638
263;0.9409701830097419
269;0.9417161324635657
277;0.9457967758084098
285;0.9461651114742105
304;0.9475384773138381
315;0.948438268726008
326;0.9500063262747018
335;0.9507877240800072
344;0.9522821144955409
352;0.9528240941180758
361;0.9560154595653333
370;0.9566021656615729
380;0.9623613568932683
386;0.96264023961166
Instance39
13;0.028640052206129245
25;0.16812894784506713
35;0.44518243433771154
49;0.46696201818389355
62;0.5070426683684425
77;0.542485295209238
92;0.5634759369402454
104;0.6572883266355452
109;0.7155202808358218
118;0.7201481682374866
130;0.7522082127164296
138;0.764789878744354
145;0.7808650196632289
150;0.8213665872893784
161;0.8259868841442268
168;0.8324905278108756
174;0.8441022416073717
178;0.85285506204207
186;0.879723239939913
191;0.8888012425579436
205;0.9070520925974769
212;0.9110897713738548
219;0.9343885072634429
224;0.9473455722508722
228;0.949314605506135
235;0.9536106780630722
240;0.9545607710323949
245;0.9547535435189242
251;0.956350801264452
260;0.9567363462375106
270;0.960054786898478
273;0.9602337899216838
285;0.9702441897578804
294;0.9714696719936733
319;0.9728741572526721
321;0.9937417317769986
323;0.9944449079818303

