Instance0
9;0.08302207966402597
13;0.09670402951366211
16;0.130007670576925
7;0.15020235467583037
6;0.2748321808689154
Instance2
10;0.015165143041869004
7;0.03608098925289225
4;0.04340406441667177
4;0.04799363134364137
5;0.051954249472760484
Instance4
5;0.3368067492317665
7;0.4535088651364252
10;0.6061872809906623
5;0.607493032400529
5;0.6075470415829323
Instance5
2;0.0
4;0.0
1;0.0
Instance6
5;0.40281182245331204
8;0.7273040716356158
3;0.7319090533045006
1;0.7396522447032924
2;0.7438393669244452
1;0.7450034039574132
2;0.74958706626672
Instance7
3;0.0
13;0.0
Instance8
8;0.0019803642825668346
11;0.24227335378323084
11;0.25245846826020013
8;0.2543779192176003
6;0.25702944241718667
Instance9
1;0.0
8;0.0
7;0.0
Instance10
10;0.0
9;0.012286696420482626
7;0.155635290036114
3;0.160642435653383
6;0.16325901816669994
2;0.23739066487842017
1;0.2392781456564254
3;0.24047946656444466
Instance11
4;0.0
15;0.0
6;0.0
Instance12
6;0.0
11;0.09414740875475062
13;0.20716218539686324
16;0.21510930218464633
6;0.21935490700307345
13;0.22547227525208868
1;0.22547227525208868
Instance14
4;0.08232542519724155
11;0.10436442484426454
3;0.11528713552243054
4;0.12435638969317915
5;0.13302736209342636
3;0.13753528872491247
1;0.1398916037805607
Instance16
11;0.08240485741995592
9;0.1688396514828818
5;0.17513048779475157
2;0.17631553080597903
5;0.17998894906945717
Instance17
1;0.0
10;0.0
Instance18
8;0.5158469468966679
7;0.5316337140447764
8;0.547048513013373
2;0.5507062001119066
2;0.5544732896161791
3;0.5581893246644403
Instance19
5;0.0
19;0.0
Instance20
10;0.44467372337178157
5;0.45065601353809165
6;0.4645816077524597
2;0.4666795161460226
4;0.47184043924144337
5;0.47193968776250916
Instance22
5;0.507007228964585
6;0.5245904298290572
3;0.5275373130803892
3;0.6795238550312255
5;0.6845967987894765
2;0.6857920184880547
Instance24
9;0.34421671425443934
14;0.380877925374517
4;0.39164130592981283
5;0.3963670602952229
4;0.3975944897953645
Instance26
4;0.5885791965480096
9;0.6328350176395559
4;0.6675176122795876
4;0.6790974716565257
11;0.6839085063783328
2;0.6875473092897504
Instance28
6;0.29986104407041086
6;0.35505011709732537
7;0.3762626044986028
7;0.38902450769829006
3;0.41814042794748224
4;0.4225901305648599
Instance29
8;0.0
9;0.0
2;0.0
Instance30
5;0.6942360856458746
4;0.7018694688521173
4;0.7133158629171291
4;0.7154220964027483
3;0.7631569411585002
2;0.7659191214784268
2;0.7676926019075521
Instance31
4;0.0
18;0.0
Instance32
9;0.06963396827220679
9;0.353832590743135
10;0.3625632752648163
11;0.45993911298840806
7;0.4653888527894982
15;0.46805049707265656
Instance34
8;0.19690934591181522
3;0.28662330615741627
2;0.2901488231511023
4;0.29748238985922243
1;0.30112153414277465
Instance35
1;0.0
15;0.0
7;0.0
Instance36
4;0.21078594678220416
12;0.2644155424915122
5;0.2707608918565186
9;0.2791647360313772
4;0.28325043474192024
5;0.2849066178625506
Instance37
3;0.0
15;0.0
Instance38
7;0.6981215052926152
5;0.7572999676137926
4;0.7703389591617896
2;0.7725472384006185
2;0.7764604964863879
4;0.7778416463990122
2;0.7790745372814682
1;0.7799484852487786
1;0.7828122254630903
1;0.7833116243015533

