Instance0
16;0.08798515718258516
22;0.11194222845736364
23;0.22020002790198812
16;0.22246106027361745
18;0.23568957468107088
21;0.23894331947409264
23;0.24007532574238705
25;0.24200117975802843
26;0.24229191360835553
19;0.2437290873223834
22;0.24385074191223655
16;0.2449662526429239
29;0.2463951785881482
17;0.24744264522620588
22;0.24811690032590047
19;0.2496860383407861
21;0.2526634828788869
21;0.3477407849104177
24;0.3524452219530595
22;0.35423221450046105
20;0.3557972778311088
21;0.36193269596927674
18;0.3683755785431551
17;0.3751906549076308
19;0.3827015718371361
18;0.3871101032574397
20;0.3898402949760442
20;0.39177755209728926
14;0.39376104447202476
23;0.3957907721002506
21;0.39708767096065456
24;0.40000742721856936
16;0.4023561780958785
16;0.4033271184191755
15;0.40575446922741815
14;0.4076038793670318
15;0.41022773000260826
13;0.41512173158456045
14;0.4181223995360835
9;0.41871421078075965
12;0.41943316897253446
12;0.4226234014633677
17;0.42446356455228307
14;0.4254529989769763
14;0.42713596220402456
9;0.4279866908682468
8;0.4290038664450343
16;0.4299447538535627
9;0.430152812494269
8;0.43082784719522804
9;0.43117229983373095
Instance2
18;0.017749111005064627
19;0.031062593600115974
17;0.04569335007597964
12;0.06294608788558245
13;0.13413038841641173
16;0.14336066605894046
12;0.15049891307562527
20;0.15660605236104538
20;0.16265107672289536
14;0.17332738978613757
11;0.18054265930804977
14;0.19024501036971192
14;0.20129898216826078
17;0.21210449427252948
13;0.21561026055883029
12;0.2234069257653592
15;0.2288357700853929
10;0.23213034563155524
11;0.23546219013185968
11;0.24054816007378604
13;0.24339053897635746
11;0.25009149693110844
11;0.2601193301922781
11;0.26144858955668
8;0.26548854418568457
9;0.26804022524594745
8;0.2685023602773096
10;0.27072358994417917
12;0.2726491525748548
7;0.27532257888531525
8;0.2758418596463621
8;0.27834384876776874
9;0.27965820055051377
6;0.2815415250331617
5;0.28213037450860695
8;0.28340497274026716
7;0.28595168460664444
7;0.28849094268219333
8;0.2892114757956075
4;0.29059042709886534
12;0.29117927657431075
4;0.2920563392951217
8;0.2930675702508443
8;0.29376077279788737
6;0.29438689122747486
5;0.2952391079788576
3;0.2955148982395092
1;0.2955770131630795
Instance4
10;0.3368067492317665
13;0.4535088651364252
17;0.454654477519597
18;0.45745612364477983
25;0.4644120324960685
17;0.46579867718758083
15;0.4667514637240802
19;0.4669584679418316
11;0.4684585396019751
15;0.46979697783181945
22;0.4739115411189046
11;0.47505998917629216
11;0.4765175257231989
11;0.48247244157632013
13;0.4835499977783136
15;0.487511434657747
10;0.4881296116367852
12;0.4903130807829296
14;0.4926978827983938
12;0.4954371440908296
11;0.4969173660314625
15;0.49762061323697393
14;0.4990554643901547
12;0.4998551245190023
11;0.5031331639124347
13;0.5041766920238389
13;0.5058610825080074
16;0.5075851724311968
12;0.509496416852627
13;0.5108008269918822
14;0.5115834730754353
11;0.5134805391257866
13;0.516497696491368
11;0.5189023482263426
10;0.5202691431983448
11;0.5210574606303294
12;0.5238250786649229
11;0.5249253202606424
12;0.5278205436349457
9;0.5284387206139839
7;0.5288187009588973
Instance5
4;0.0
6;0.0
Instance6
11;0.40281182245331204
11;0.7271932109658094
8;0.7385820128524682
11;0.7509131304324823
12;0.7517019467368743
10;0.7525120824008452
8;0.7554328346630546
11;0.7586520579593583
9;0.7604386202920089
9;0.7608948545869818
10;0.7681988671784633
9;0.7743217872493139
9;0.7775068995702926
8;0.7784705346232259
8;0.7816641746880358
9;0.7831863769619175
9;0.78471710697963
8;0.7924261874030966
9;0.7955260222857627
9;0.801921830159214
7;0.8036401705412143
8;0.8051325257116865
8;0.8069148241724218
8;0.8075416133440199
11;0.8130249526275254
7;0.8171054780507873
8;0.8187555964821377
8;0.8193482746784108
8;0.8201072438793937
8;0.8246781145729535
8;0.8289164032570939
7;0.8308351456191295
8;0.8313425463770898
5;0.8315386844852092
Instance7
4;0.0
20;0.0
5;0.0
17;0.0
Instance8
14;0.0019803642825668346
22;0.24227335378323084
18;0.2504276802403062
19;0.2545627387413406
12;0.29575935812261
12;0.29609946885772626
19;0.43655274183451537
14;0.4374859004230646
18;0.4393369616014401
18;0.4412744734392452
14;0.44165333074086316
15;0.4945020453940358
17;0.4953758397913969
12;0.4962654256537706
14;0.4966391569924011
17;0.49942635056711643
11;0.49977902661906354
9;0.5005712317805264
11;0.5009607545841694
10;0.5024372565628431
13;0.5036242483496198
21;0.5048717740856116
15;0.5060166552990216
14;0.5063693313509685
10;0.5080879691265012
14;0.5091065186198108
12;0.5096434284302377
11;0.5104619527000548
16;0.5115278765884022
14;0.5117910676719446
Instance9
2;0.0
18;0.0
14;0.0
Instance10
17;0.00017435211948933345
13;0.012211485702271582
14;0.021626500154694833
15;0.1591085769386798
21;0.17569831158633156
16;0.18477514609804535
19;0.19444948374306817
18;0.20565768010279425
17;0.2075364063977966
12;0.22065540975766912
16;0.22531312713578072
17;0.2324490789862753
11;0.23841007501086664
14;0.2445475149137506
12;0.2537406419816117
19;0.25960940597891363
11;0.26118136053097546
13;0.2664125205135381
13;0.268874714633349
10;0.2702561899986178
9;0.27291287339336484
9;0.2750261898447336
11;0.27695504224152373
7;0.2807806663299597
11;0.2834674253857795
7;0.2845401239640359
11;0.2903507416832642
12;0.2921312208187627
17;0.2963638688537147
13;0.3005864916683092
7;0.303944940488084
9;0.30533042594149556
9;0.3072131623246409
11;0.30806330101096
7;0.3085104258389062
7;0.30911594914850143
12;0.31038915213390855
5;0.3121716363134786
13;0.3128734017385062
8;0.3134107535496702
6;0.31429497798520484
5;0.31473007254872204
6;0.3149766929695173
5;0.31515113180373844
Instance11
5;0.0
29;0.0
1;0.0
16;0.0
Instance12
11;0.005070129870129984
21;0.08543439762295169
24;0.0912845846500616
19;0.14357772354197715
19;0.18040082553017658
13;0.2294795153802593
16;0.23491167524277853
18;0.237171050585674
16;0.23965090400571074
17;0.24964381037823832
18;0.2567768011215617
17;0.2644053425906503
20;0.27209057842243234
18;0.28123726893697937
20;0.2933299665203764
17;0.29617728340231525
15;0.2979558065579217
15;0.29963983910903896
15;0.3015485493197192
16;0.30548145825767764
17;0.3138302281120945
17;0.3160182105538204
22;0.31691692119207243
18;0.3181557980064853
17;0.31890542346876566
19;0.31960885352440704
13;0.32117529776771553
26;0.32273124305496986
18;0.3253475829037131
16;0.3275019686860652
13;0.3283418851704129
15;0.3292027995668693
13;0.33029679078773233
13;0.330735647150804
14;0.3310968112390736
12;0.3327283490099191
15;0.3333603861643908
13;0.33454256861611026
16;0.3352103022211668
14;0.3379022345535014
14;0.33928389717025337
12;0.3405563706440402
14;0.3408818382817251
14;0.34160836604068584
12;0.3418036466232967
Instance14
6;0.08232542519724155
21;0.10986026826961998
15;0.12147496571105966
14;0.1364160946994251
15;0.14879398011450726
13;0.15551804441872755
13;0.15876214956616422
12;0.17397918324470937
16;0.1842944585969152
11;0.19016410837670775
13;0.1994002403842588
10;0.20449335196346474
13;0.28801521930767054
11;0.2918728489645119
10;0.29501878334382475
14;0.2987533741560765
12;0.30038906703121004
13;0.3061936054642059
12;0.30942880331900524
16;0.3157616850258275
10;0.32013318279830816
11;0.3224419705291382
12;0.32584845775581756
13;0.3296626619380978
13;0.33444911424527307
8;0.33667346355334543
10;0.33757333588730537
6;0.3401306138336793
10;0.3411559375385933
15;0.3413730649113986
Instance16
20;0.08254106708210646
18;0.17292815740727993
20;0.1927641701558219
21;0.19552807686998386
16;0.19874059868818628
21;0.20678941016458194
15;0.21008290153814765
19;0.22251938756869583
18;0.22672323934850988
17;0.23019836513005315
17;0.2348223832512124
22;0.23656651124106748
16;0.24286681799488552
15;0.24737704106526384
17;0.25302521464345235
17;0.25692926023178553
22;0.2608705080482588
22;0.26264964989989265
14;0.2654485704758333
22;0.26831751877533155
21;0.27056059429553425
23;0.2722850269881389
15;0.27751084585862085
17;0.2846186597997119
19;0.2848506266339962
15;0.28795373013414005
19;0.2905206838757964
15;0.2912187727450107
17;0.29130411903309633
Instance17
1;0.0
20;0.0
13;0.0
Instance18
14;0.5158469468966679
12;0.5320530899334418
13;0.5393538771430774
9;0.5474314214334588
11;0.5587035159714129
10;0.5641991634863583
12;0.5680720086495117
12;0.5702162958019924
12;0.5714270157588348
12;0.5834649271369605
8;0.5871481414635001
8;0.5975012557932483
11;0.6012027038540778
11;0.605086489257805
10;0.6078616636167126
10;0.610461794126438
7;0.6131786205356178
7;0.6141048942375398
6;0.6181856039715969
9;0.6217703561329716
9;0.6243486061615492
7;0.6261391588688076
6;0.6305152550983593
13;0.6337280390802221
6;0.6344026872489447
7;0.6405255752234594
12;0.6451460034924946
13;0.6466375229574002
10;0.647563796659322
10;0.648293146030914
9;0.6512907719481571
7;0.653292835973177
8;0.6535298745189446
Instance19
7;0.0
31;0.0
Instance20
16;0.4460495132155211
13;0.4620079909303401
23;0.46667267142043184
16;0.47248384344697325
18;0.48390426809512915
7;0.48703230769009903
12;0.48747721485349743
8;0.6785966553228651
9;0.6790843941365164
11;0.6807336126674223
15;0.683680712448214
11;0.6864335433795004
12;0.6930469510222306
11;0.6947623036295638
13;0.7003588998472241
8;0.7057488270760494
10;0.7075923144564603
12;0.7151026655107358
10;0.7160202758211646
14;0.7189715089817331
9;0.7212200675802612
9;0.7225634160076909
8;0.7323057921413878
13;0.7354512941514614
11;0.7398409434743236
9;0.741886966463793
15;0.7456152750223825
8;0.7489261122235241
11;0.7535306972947751
9;0.7602639729510298
11;0.7617850567088577
11;0.7651372277077665
12;0.7710479607884568
12;0.7756938796574747
12;0.7788889822248688
9;0.7803852657040363
10;0.785461056069832
12;0.787416144704214
10;0.7920909972316689
10;0.7933144776455741
9;0.7958937066262387
9;0.7972907889907656
9;0.8000560200613821
8;0.8023913796352212
10;0.8054914144677511
9;0.806462758715277
7;0.8078433075606969
8;0.8088766525048737
8;0.8100339988423514
4;0.8123528248970836
8;0.8130348325602401
7;0.8160811334556728
5;0.8166887402828487
8;0.8208551870977687
5;0.8213594594305268
Instance22
9;0.507007228964585
20;0.5249318131085059
7;0.5320655464652588
9;0.8430148311979486
7;0.845484788343134
8;0.8493173044919651
4;0.875288034993395
4;0.8760264063672666
4;0.8797962602127383
7;0.8836181120422851
5;0.8918961911070998
6;0.8982295455674921
3;0.9000806738005788
3;0.9015002187658391
6;0.9062892330991896
5;0.9089047316981858
6;0.9101422837191819
5;0.9159504585404118
8;0.9221382186453927
5;0.9261004650319433
5;0.9314458577949017
8;0.9360632787808034
5;0.9394899459313767
5;0.9405767037985541
10;0.9459064971662895
4;0.9524062451757233
7;0.9528742270324025
7;0.9555105248250286
5;0.95733045426767
9;0.9587811980233757
6;0.96063752605487
7;0.9620102728344624
8;0.9670800762818206
7;0.9688688069340168
6;0.9722226769068846
5;0.9728570523126052
4;0.975108565023073
3;0.9761797234950278
4;0.9763357174472541
Instance24
12;0.34421671425443934
23;0.38069697753665827
17;0.38933120519981657
8;0.39072450355132865
8;0.3930255568894319
9;0.3944128236463487
11;0.3944128236463487
12;0.39732608383587414
10;0.40426241762045817
7;0.408692623850699
8;0.4598811979745823
11;0.46315650025065613
11;0.47343993967042924
11;0.47343993967042924
Instance26
8;0.5885791965480096
16;0.6592672168641028
11;0.6727438124342408
12;0.6833142499744547
11;0.6959483039308751
9;0.7077357460242364
8;0.7167635590639725
10;0.7251971156998305
6;0.7320229238457444
10;0.7336673045797633
7;0.7408757161637903
7;0.7451820399672353
8;0.7485318551753968
7;0.7530946046873647
7;0.8674541054807356
7;0.8754366841711745
9;0.888309688817569
7;0.9011344471092408
7;0.9165557364914295
8;0.9201478969021268
8;0.9229505715082755
7;0.925069025083815
6;0.9306787603283595
4;0.9312752607140188
6;0.9343103950292848
7;0.9391525746305179
7;0.9408894434005254
7;0.9414333113992147
6;0.9430254411050547
9;0.9463281233874176
8;0.947165855546689
6;0.9484728931564422
6;0.9490343052841214
4;0.9509860896342562
7;0.9528545393716885
3;0.9530957711453009
Instance28
12;0.29986104407041086
12;0.3300573388432627
16;0.34696902606002433
21;0.3588267864891432
20;0.36860179064887494
16;0.37280890936459327
17;0.3751682243395509
19;0.3751682243395509
Instance29
10;0.0
24;0.0
Instance30
10;0.6942360856458746
8;0.7018694688521173
9;0.7272715538542169
10;0.7305051526012032
9;0.7319264813850239
11;0.7352661494442357
11;0.7381724485992123
8;0.7410423811328545
11;0.7441183911873919
9;0.7473247149683776
11;0.7512068517958277
10;0.7516280984929516
11;0.7519372147742942
11;0.7544768171641485
10;0.7592832722838493
13;0.7639169859522114
11;0.7691568099761471
12;0.7709690799393129
12;0.7731268328051559
8;0.7753451967065562
10;0.7780726933066384
9;0.784564135214834
11;0.7895039346127608
9;0.7913798461632621
10;0.795389266165383
11;0.7986562009819259
10;0.8001381408013041
12;0.803098989888282
10;0.8061022667001505
17;0.807941811629317
6;0.8094298125522511
7;0.8107299192649567
8;0.8115057405200912
9;0.8125785558494572
8;0.8130513219268044
Instance31
4;0.0
30;0.0
3;0.0
18;0.0
Instance32
16;0.06963396827220679
16;0.353832590743135
16;0.3644215337369994
12;0.36539192598663855
16;0.36781648374820064
10;0.36983410282443013
12;0.37310668665752456
11;0.3747401328489995
13;0.3765585511701709
13;0.37747202891836507
16;0.3779244992048538
15;0.3814275867688009
15;0.3827536946524721
13;0.3881491893894693
16;0.3942248124187358
18;0.39658676422870814
18;0.397429098850096
14;0.398319810797712
11;0.40138181097545944
13;0.402622547106963
15;0.40544266065356865
14;0.40753142285660443
14;0.40864694708492877
14;0.4096457965852906
13;0.41187684504193933
11;0.41582955716730285
17;0.4177219643403529
16;0.41815451455133584
16;0.42052500353652505
11;0.42111406862648193
11;0.4230007843493876
13;0.4239967881246773
12;0.42570137744295855
11;0.4259148068233778
Instance34
14;0.20140246720355984
12;0.27945250286450973
10;0.40525219919633465
15;0.41321360546930097
16;0.42103150141460033
15;0.4307662853080257
12;0.43262166883000897
14;0.4331000365888996
11;0.43513651647674856
12;0.44446468777511694
12;0.45231333593348794
17;0.4567929083042427
14;0.4812785037343189
18;0.4933743742091263
13;0.5010624274770124
13;0.5071137796269797
16;0.5146309872666905
13;0.5243247682093538
11;0.5342577330314626
14;0.5392327577239258
12;0.5428717696040585
11;0.5515473106027975
14;0.5567307669616344
11;0.5579027679709166
13;0.5626966962975142
12;0.5636910178534941
10;0.5641454672244403
16;0.5733779649710304
11;0.58133253741887
15;0.5865399121656515
13;0.5882996221358564
12;0.5923520804361733
12;0.5958475819886387
10;0.6007269331293238
12;0.6037509007480255
10;0.6064810138862661
12;0.6076461810704213
7;0.609884258799517
8;0.610547139836837
11;0.6118148143978972
8;0.6127920513910595
11;0.61658482433655
10;0.6180096768755318
9;0.6184743769841683
8;0.6191748440596867
9;0.6203229266810244
7;0.6216726071436088
8;0.623121378070535
6;0.6265075384209684
9;0.6276317026543615
8;0.6289198786908029
9;0.6301909701644266
5;0.6306420026228091
Instance35
1;0.0
23;0.0
3;0.0
17;0.0
Instance36
7;0.21078594678220416
20;0.26517099444127357
20;0.2744286334232588
26;0.28125899188027165
17;0.28527316851273077
14;0.2877339750118049
14;0.2890213724173153
17;0.28997127501686704
13;0.2900763230690529
12;0.29301319840037315
13;0.29484818671621327
16;0.2990992802323253
15;0.30374374517789887
18;0.3075098296020043
17;0.310985355583894
16;0.3169283932596785
16;0.32494110107001584
22;0.32738179198462886
14;0.32893739718295384
13;0.3296257971845114
14;0.3296257971845114
Instance37
3;0.0
25;0.0
4;0.0
22;0.0
Instance38
12;0.6981215052926152
7;0.76388969134945
10;0.7755787454122265
6;0.778052330283989
18;0.7834052615837651
11;0.7914580678539824
12;0.7931513420406462
13;0.7948758286547142
14;0.7967251649783976
13;0.8016606300616461
10;0.8043058832841301
13;0.8084493330220037
12;0.8121519072227965
13;0.8163694864757542
10;0.8191044754270246
9;0.8237863395376162
9;0.8307857263829501
10;0.833388062517754
8;0.8384678850777457
12;0.8396110402314151
8;0.8411638584947613
11;0.8456545464875035
8;0.8479759707756717
8;0.8518892288614409
11;0.8557166527718494
10;0.8571368182187289
8;0.8578117869613391
6;0.858689636482075
10;0.8598132838686168
12;0.8612022368880924
10;0.8629501328227133
8;0.8659114118726622
12;0.8667931629468237
7;0.8673588881935201
Instance39
2;0.0
10;0.0
2;0.0

