Instance0
19;0.15642196917027984
2;0.33067680817659556
10;0.3423215291315478
12;0.43649013534011494
14;0.4607253636145579
1;0.46118713019369706
1;0.46122793747278373
1;0.46189803595041806
1;0.4620655605698267
1;0.46319742562660005
Instance1
23;0.03394589797742734
18;0.24037801804383516
4;0.2535170949642354
2;0.29232008877893767
4;0.3119825451964379
3;0.49721784016385634
Instance2
12;0.12227877933816018
1;0.2916980228907461
Instance3
19;0.04145801457297948
7;0.11051962357883
2;0.15229113570887573
1;0.15246866817472113
11;0.23505590527393608
Instance4
20;0.13865214873327933
2;0.1705002392785924
2;0.316927200348625
10;0.3287985945096654
11;0.40260687120715344
1;0.4055858036562426
Instance5
25;0.10187364991851447
1;0.1911224757392916
Instance6
3;0.12438082055334362
7;0.4007110450014352
4;0.42600261831824343
1;0.4309082212485922
7;0.478831840666348
1;0.4943188603411782
Instance7
30;0.08808441371692283
1;0.3787367394890236
Instance8
19;0.22301424672977307
4;0.22584021898167123
7;0.3764572958085853
7;0.3864779205689053
2;0.3875876714105846
Instance9
27;0.06814897005026364
8;0.13715354684849704
1;0.14383698096431646
1;0.16065040923475193
Instance10
7;0.20242077003861136
3;0.3220383436563402
1;0.36657267970163127
1;0.3666833458460501
Instance11
28;0.08265190179009495
2;0.11922406692892343
7;0.13369516934959402
2;0.14873065842767466
6;0.24214056073059115
Instance12
21;0.23300585537212262
5;0.2545695952497428
7;0.26693608223232546
8;0.4195905814912482
3;0.4208839171708142
Instance13
24;0.053326454663787624
6;0.10267070633315144
2;0.12717137585121477
1;0.14910860792301942
4;0.16202751416817907
Instance14
12;0.16790375357383158
1;0.2176432498623347
9;0.29501243450645587
6;0.3381054490820256
13;0.4243556486705834
2;0.43087642706837387
3;0.436750397910175
Instance15
30;0.1147586147474165
Instance16
19;0.1665046385306149
4;0.5041072217130779
16;0.5376928291016817
12;0.6545957849746069
14;0.6841366943077093
Instance17
35;0.05966749409204355
4;0.12229029846815667
10;0.1356924726526212
7;0.23938906051493256
24;0.26135109947776874
Instance18
11;0.23170685820316245
3;0.2979744912966669
4;0.4867315856948835
2;0.49407203584362863
Instance19
28;0.0605491595062911
10;0.16115994745578366
1;0.21965938141608962
3;0.2500849004063055
Instance20
16;0.3051842065974925
4;0.30527750194844155
9;0.3186560552745389
16;0.38332039580807054
15;0.4595730993025732
Instance21
24;0.07594016121223532
11;0.09578926075260766
6;0.17757166011875752
5;0.19026330742992115
4;0.3027024273533179
Instance22
5;0.4342592336028427
5;0.5303394414551483
Instance23
24;0.07927723141736358
1;0.5683988028251221
Instance24
13;0.23498467795845213
8;0.30677135917453763
3;0.47267615969605004
11;0.5196453259648192
5;0.5210742854150736
1;0.5212406193193361
Instance25
32;0.04890171114722383
6;0.2786934740644483
5;0.28453136794475237
3;0.29596866270492184
1;0.3760001969357993
Instance26
11;0.45378465767467346
7;0.5531610221442251
3;0.5604345539357897
3;0.6058076787078738
8;0.732553568603875
Instance27
20;0.05110875092867277
3;0.35988456140246394
2;0.3692499740205459
2;0.38376289080379056
Instance28
19;0.18055832647393408
4;0.258064055256482
15;0.2790691014355356
Instance29
33;0.06618768205095849
9;0.3397289426523298
2;0.39060406846936246
Instance30
14;0.2372110412393654
2;0.24848876434580083
7;0.3281593241528047
13;0.6159632870242651
7;0.6439933854847089
3;0.6440771369672743
Instance31
20;0.08156444546988752
8;0.29254541386996236
4;0.31143945053711775
1;0.3166290913383608
11;0.3497758293592026
4;0.8515742692069291
3;0.8515742692069291
Instance32
16;0.1850902404552737
13;0.25707150067127654
3;0.28036074367125224
7;0.38582099737626857
6;0.4241968301354109
Instance33
32;0.06343257856296916
7;0.14343110729773956
5;0.3319797098328928
6;0.3487191686266618
10;0.4123113689929211
Instance34
11;0.4224863292529138
Instance35
21;0.11657657085750622
6;0.39610513019162635
Instance36
17;0.16635893738990332
2;0.2301259349519374
11;0.30612584265598375
18;0.38921665083959445
9;0.46417168759192584
2;0.5491008101675156
Instance37
44;0.04105648816348151
4;0.22590912913806593
14;0.2584050091961485
23;0.40571895725019747
19;0.4400823030147154
Instance38
13;0.5612976705089944
11;0.6397247998812519
2;0.6454349904186205
1;0.6471422690981464
4;0.6804604691747427
4;0.694507432833366
2;0.6982739522586587
Instance39
29;0.060140762054723906

