Instance0
23;0.1451626276816588
39;0.2515205814305019
55;0.2918222111764008
69;0.3056556911342891
81;0.33430372617423804
93;0.513071821988006
106;0.5287092820972846
118;0.5521269346535542
130;0.5769055152970699
146;0.5924835173831194
163;0.5981056038017912
178;0.6089996349467852
191;0.6380393739217266
204;0.6417610057460725
216;0.6498825312893791
231;0.6539895391902107
248;0.656008909830995
258;0.6605541453845156
269;0.6661630189091365
284;0.6689267159147901
294;0.7275787369587722
312;0.7333242281296538
323;0.7404737621590147
343;0.7462608203882066
355;0.746646470318085
366;0.7474662650792034
378;0.7485677921244248
390;0.7513689499983315
409;0.7531447871005855
424;0.7551584801476148
437;0.7615598071273912
455;0.7680050104464954
466;0.7727713664660694
480;0.7740114503723247
494;0.7766625049801109
504;0.7806575611399282
517;0.7806714168260316
529;0.7808284479352036
Instance1
35;0.039941404338340945
63;0.26533292271823455
75;0.5020200192647156
86;0.5281538032128864
99;0.5534401437903169
113;0.5961718337573223
125;0.5989880849590742
133;0.606418194512632
144;0.6162365535655476
158;0.6198660080018478
169;0.6265599546272882
178;0.6340671044872769
194;0.6362413531354378
205;0.6491156443434458
215;0.6570165557696369
226;0.6846911458464255
235;0.6910683712120943
246;0.7232175991840541
258;0.7240535579822642
268;0.7253163893582841
279;0.7271572773500876
293;0.7285979723001947
303;0.7298074446039883
311;0.7354368267238511
321;0.7373043942517677
331;0.7401502114371645
342;0.7439031328504065
354;0.7456373026977576
367;0.7486343039211287
380;0.7493635445748864
387;0.7526718070529101
395;0.7543526178280352
404;0.7564336216448566
410;0.7584701595681561
417;0.7589859639330092
425;0.7605244838488644
433;0.7619118197267452
448;0.7637349213611401
463;0.7658159251779614
473;0.7670165043030507
481;0.7681192584623919
486;0.7693731966597074
492;0.7699067873819692
498;0.7722368002025128
507;0.7726992454951399
511;0.7728059636395921
516;0.7745668130230564
522;0.7750381514943877
528;0.7755450626805366
531;0.77626541015559
538;0.7766033509463559
Instance2
15;0.13131306995804784
24;0.2216675148669008
33;0.30160651398836524
41;0.3078327128933601
52;0.3255202799038738
63;0.35257271237727783
75;0.35850671579201093
90;0.3782883504827341
99;0.3944475619348828
109;0.6431963327866698
117;0.6987967976759997
121;0.717070203525712
136;0.7201353076613832
144;0.7280613284784716
155;0.8448592207273348
167;0.8545587246785998
175;0.8628462106066457
202;0.8706584652871676
215;0.926091525206467
229;0.9315558518224453
238;0.9323643310362303
249;0.9389314516675035
256;0.9402079977945329
270;0.9415696469966972
283;0.9611563038976002
292;0.9618589030519074
301;0.9653181284800002
311;0.9686196275673306
317;0.9714587017010604
318;0.9799472465857489
320;0.9808039873912557
322;0.9810477462815257
325;0.9826572718952186
327;0.9841485027533398
329;0.9842811362671627
331;0.9971573411767068
332;0.9987417739634605
Instance3
31;0.05880096937301593
51;0.22580896328448538
72;0.2701799789816752
80;0.916431588280483
88;0.948652507587832
89;0.9744292430337111
90;0.9932321356706024
93;0.9980137789468072
94;0.9980137789468072
97;0.9999411490058313
Instance4
19;0.13865214873327933
34;0.26404493569702653
47;0.27876886079269003
64;0.32811680990074316
79;0.3413935921152356
93;0.35054940885951874
106;0.35377156293087586
120;0.3656520783811135
134;0.36992944080332446
148;0.3977436023514543
163;0.4117722205159301
177;0.432966833963079
194;0.4494469272426634
212;0.4573251881621627
229;0.4752919946360751
244;0.477777387162461
256;0.49435169547337154
281;0.576984714369112
297;0.5857443894218681
311;0.5892462055918445
324;0.670311216624695
343;0.6797456002084638
355;0.7268401735338227
369;0.7415211411784103
394;0.7467516165152975
408;0.7501325921642813
424;0.7532632087091712
436;0.7570952818430096
447;0.7604131038441139
463;0.7617212865501918
477;0.765194737183571
490;0.7691576285880172
501;0.7722521573341186
515;0.7749113770073354
529;0.780236582816042
542;0.7837370992985124
564;0.7885457984870606
575;0.7910200681914872
588;0.7930545178481807
610;0.7938890481951614
622;0.7958242564051868
636;0.7966655532144404
648;0.7988691644279542
669;0.8082271817512596
683;0.8127922882979863
697;0.8176257978482017
712;0.8188708269063997
726;0.819725656640199
740;0.8228895490101011
755;0.8237010387029704
768;0.8245712992371057
781;0.8253760076790594
797;0.8266463620172001
807;0.827396820451831
820;0.8282693414029382
831;0.8732862987444482
843;0.8829885107624719
Instance5
39;0.10395307802213112
55;0.3560794360572859
72;0.3700272820978775
93;0.3948061370750175
111;0.4059308479694471
126;0.4389013350000937
141;0.4460713498040999
156;0.44991398111464503
171;0.45363245632468796
183;0.45579277247342753
197;0.47345397776987536
216;0.49547306219395276
235;0.50570352487534
250;0.5099496635125175
266;0.5167285865999413
282;0.5211237125577217
296;0.5216824150099819
313;0.524420057026057
330;0.5287406893235358
353;0.5371088104973889
363;0.5400078554441169
376;0.5444588516471233
389;0.5539791643068999
410;0.5576709850495079
423;0.5587177321870554
437;0.56433381263761
449;0.569316830448091
458;0.5709276928094665
468;0.5734912831044184
479;0.5762491797542443
491;0.577132960271575
505;0.6741294731613491
515;0.6745384545486858
524;0.6795849927388585
542;0.6826231401876457
550;0.6829956053796843
561;0.6839888458917879
571;0.6854494937037047
582;0.6880567500479764
589;0.6911095039748826
608;0.6920516218135689
618;0.6929864364131958
626;0.6966599656601666
634;0.6982520717751559
642;0.6993986803075107
651;0.7003115851899586
664;0.7009834831834404
670;0.7014801034394922
678;0.7022177305845103
684;0.7029918739248262
688;0.7036710751573676
691;0.7039047788072743
692;0.7041823018915384
Instance6
8;0.1627446709680744
16;0.274724552064697
23;0.5707013752637692
33;0.5945144015834778
42;0.617100891009976
51;0.6282414881186115
64;0.6413718601435252
73;0.6451237775832362
84;0.6597136749505071
94;0.6908564643198156
106;0.7122833675568814
117;0.7286166612505276
131;0.7412301738422761
144;0.7618108201835896
155;0.7855917101654849
168;0.799273755989528
177;0.815320500671005
195;0.8224815479470846
205;0.8305638369071477
216;0.833006198580964
226;0.9095452083323909
236;0.9155828358921941
245;0.9163220798625051
255;0.9233069515971937
263;0.9347911406701035
270;0.9356395515383041
294;0.936827326753785
309;0.9398335292634423
317;0.9405857868999135
324;0.9409817119717405
344;0.9437701556918929
351;0.9448221851684617
367;0.9470648178967387
384;0.9812432996806713
392;0.9815213483574249
393;0.9997097930358224
Instance7
27;0.08824957301343254
39;0.3586350737535212
55;0.477606989827424
72;0.5438104211911752
86;0.5516208835257868
105;0.5817692681373875
116;0.6282219928724898
133;0.6406992064520317
145;0.6489197180592102
156;0.6629980764173475
173;0.6791364442162388
186;0.6979791845984892
198;0.7165387957211098
207;0.7361918715705763
217;0.7393843980498487
227;0.7632941758716785
240;0.7700697519469538
249;0.7748829493606583
260;0.7789443897746563
273;0.782293125500621
289;0.7856223350707492
304;0.7992808810784011
318;0.8071694480363589
332;0.8120802762292458
342;0.8144429410854658
352;0.8232394742898221
370;0.8253873514318403
379;0.8291070841186989
387;0.8294195026120835
402;0.8412425899711018
413;0.8424629747108848
431;0.8428437347496971
441;0.8457824212030948
451;0.8488382645915116
469;0.8494631015782803
478;0.8546375328749607
485;0.8585232378864298
495;0.8685108665968143
503;0.8698386451936984
516;0.8705415868038133
524;0.877766264463329
531;0.8808123447738275
540;0.8816519694747984
550;0.8824623049420143
563;0.8864456407326662
571;0.8872071608102908
579;0.8878222347191413
588;0.8879296285762425
605;0.8884177824721555
613;0.8884861240175834
Instance8
26;0.240011385560313
44;0.27862765723716204
58;0.28473906071061167
80;0.3092113024243561
92;0.36072905712542697
106;0.4169801797550902
118;0.4204869429841422
134;0.4232911859436668
149;0.5757386745113877
161;0.581302424218851
174;0.5838434536722199
187;0.5856729948786454
197;0.6087076802156068
208;0.6133970433702652
224;0.6189061467315569
245;0.6220413722889816
255;0.6271529577966456
269;0.6300366466331309
285;0.6376433865779717
302;0.6415422057525345
327;0.6441316864600637
343;0.6483202220364228
358;0.6553362998597718
372;0.6625253091787666
384;0.6659165631842906
402;0.6680928049931335
417;0.6712998981851125
429;0.6738107736673481
441;0.7936219746643091
459;0.7956999650627795
473;0.7964396712467785
489;0.7969920176407513
502;0.7978679854902238
518;0.7991941034845639
533;0.8001649678510625
546;0.8225605458692394
569;0.8302349975282278
581;0.8309163058555953
590;0.8326341761381716
604;0.8345929375793529
612;0.8354908046250621
624;0.8361064153637191
636;0.8364665354796131
Instance9
39;0.07366993908081719
54;0.12249064853868784
72;0.13517697736476567
95;0.19960373149256785
123;0.33236059014099456
144;0.34908482625454396
166;0.36170875544545766
185;0.3848247582354418
202;0.39420340279991356
223;0.4049386827410125
240;0.4631707275808088
259;0.478865414949444
274;0.5231099404916035
292;0.5313136013901832
305;0.5415692552407986
318;0.5526051837223351
341;0.5579076024849482
363;0.559437975379849
379;0.6023558578661518
391;0.6092671691895446
400;0.629231154831672
410;0.6417963470728832
429;0.6481928408751532
441;0.6505163535811058
455;0.6750362464898073
466;0.6780249216566799
477;0.6865399123379068
488;0.6936425717664958
501;0.6962348830011764
512;0.7027498303923772
523;0.7056246078775854
535;0.7109322398431442
546;0.7127864941006398
555;0.7133286470653621
565;0.7148913232577969
575;0.7176248676177415
589;0.7423581735815562
600;0.7668216259669062
613;0.7676201820423619
625;0.7700253568886752
636;0.7718743944681534
646;0.773072228581337
656;0.7794559238750104
677;0.7851266226727411
688;0.7869709069422463
703;0.7881069480257817
713;0.7928555046887599
725;0.79459521613886
734;0.795370005664451
747;0.7978512334703315
755;0.7979605595997095
764;0.7984453972169504
772;0.8004180208557252
784;0.8010929908718842
795;0.8016681413786113
804;0.8019390800470695
Instance10
10;0.19442273695231624
20;0.4610656924499295
27;0.5129671497407161
37;0.5385893881500917
48;0.5488408854167015
55;0.7267555600311049
66;0.7360457013071018
75;0.7838937966515115
88;0.8063468429049142
100;0.8171840933915255
121;0.8415959795325614
132;0.8526428383638365
144;0.8607252363205794
156;0.8625593093363887
164;0.907574535580729
180;0.9219791384329772
193;0.9234419653155276
208;0.9347512367677923
222;0.9410755849770608
242;0.9455309083293623
245;0.9483023096991149
250;0.9496160259328288
256;0.9497060064967819
263;0.9508166237432875
274;0.9512639556897966
287;0.9621094454176472
298;0.9650930553537406
306;0.9716699132734754
326;0.972266635260694
336;0.9759838774234977
352;0.9780452806520713
362;0.978313934706923
366;0.9915675478250913
368;0.9916399960180639
372;0.9916995070337199
376;0.9921160841433116
379;0.9921937072072109
382;0.9921962946426743
Instance11
28;0.08118257955498617
42;0.23696586628435817
56;0.2587474376417792
66;0.27374420864264865
74;0.44671041440187953
85;0.4631792725588502
96;0.4678831606393876
119;0.4928568164419729
138;0.5244295652325441
158;0.5556348227668235
177;0.5819419468422394
192;0.686398711505691
210;0.6987516675921915
228;0.7105953857949731
240;0.7129630794605115
254;0.7239090690229225
269;0.7315791365292453
283;0.7396219451669499
298;0.8048084099573989
306;0.8381267907459826
317;0.8440903255809779
347;0.8476556091271443
361;0.8532631991236517
387;0.8596235249261418
400;0.8624594133114722
410;0.8661005539543658
421;0.8728926816920709
436;0.8749174826585516
445;0.8777358655600221
462;0.8837752574917443
478;0.889377012326965
489;0.8947278552268582
519;0.900492994578106
529;0.9019167739320579
541;0.9045834426400745
560;0.9139955577955026
592;0.9176600390835427
619;0.9190546426310612
624;0.9191596755342216
637;0.9192472029535219
660;0.9794469250713254
668;0.9822449773403182
673;0.9866822319042359
695;0.9932030146598716
Instance12
27;0.23146049517215783
41;0.27862627695804826
64;0.29702669615443367
81;0.4454614586761758
99;0.6439207282722725
113;0.6525837764100778
125;0.6707719661234799
137;0.6781171013046616
151;0.6871467868815275
165;0.7063803887522512
179;0.7203150887165507
190;0.7415057417822605
211;0.7555345783863187
230;0.7747037609798431
248;0.7769962128646836
261;0.7796254943027795
275;0.7822195845935203
285;0.7916608666981929
304;0.7963186664159667
317;0.8011071761096307
331;0.8069589611840922
353;0.8192959719854057
366;0.8229282011231193
383;0.8230362882185668
395;0.8328118862231121
411;0.8371303427342485
424;0.8387968949268464
437;0.8991762203855931
460;0.9030577777632252
472;0.9046104007142777
483;0.9058964116434326
500;0.9060689253046607
Instance13
32;0.05464437970612612
55;0.11288173484872205
77;0.2950472348087116
103;0.36611162701116534
123;0.3931260950561891
142;0.433287643257527
166;0.4381482564110864
188;0.45186924028914643
209;0.4694845708504798
230;0.4888860303417356
256;0.5172122783221778
278;0.5455976594847307
302;0.5589815308589604
337;0.5640165616459705
356;0.5711587099399531
381;0.5881014047779941
401;0.6007808618693696
428;0.6148813982096338
450;0.6281550134352429
471;0.6405343287887066
485;0.6884038733148422
505;0.712366209615065
522;0.7244943859633374
537;0.7279123265705777
560;0.7352198590874913
573;0.7404937781965127
587;0.7629737818319469
601;0.7708448457751437
617;0.7738891405453919
630;0.7755123560667515
641;0.7773805852517127
655;0.7794203240011949
665;0.7812518011366157
676;0.7859621888193538
687;0.7872178838453113
704;0.7879835515440659
717;0.7903601840810001
728;0.7933248494105778
741;0.7968469208248488
749;0.7986538965939096
761;0.7994256896342543
768;0.7999708450357673
775;0.8015266817996367
785;0.8018390742207285
793;0.8020167091268396
Instance14
12;0.15156900803389475
21;0.2057013494081617
30;0.3463767602538664
44;0.38676095709384145
53;0.4020481620116161
65;0.4349516791710231
78;0.45845845298934834
88;0.6690157156935056
98;0.6708868942489703
109;0.6747061867483771
121;0.6905273998502357
133;0.7051423759684687
144;0.9013161678836148
154;0.9041937301129295
166;0.9074214381887313
175;0.9088347541509171
193;0.9119542353287138
200;0.914895460439208
207;0.9193041149608903
211;0.9208925038463194
223;0.9279113364963624
234;0.9339720427846533
242;0.9374926001138811
251;0.9384984736365177
257;0.9390236924062489
265;0.9400677636575929
273;0.941153215781704
282;0.9417866614494402
289;0.9728621146142031
296;0.9735089512643137
300;0.9792102150044847
309;0.9802373525996354
311;0.9806144031092476
318;0.9807119161720783
319;0.9986315666849418
320;0.9986608206037911
Instance15
27;0.11525307280862265
41;0.32799450935542546
56;0.40143530383922077
65;0.40577397709881563
79;0.5254037061807487
92;0.6201493819317772
106;0.7219373685491468
119;0.7318630784025248
132;0.73785041438007
143;0.7565597896366915
152;0.7661580014492219
164;0.7705330393795181
184;0.7741271204431779
199;0.7808702211303712
217;0.7903844590862742
230;0.7917532329493034
243;0.8135192565871682
257;0.8205394710012325
265;0.826006169067687
274;0.8408023626054638
294;0.8449842606655166
304;0.8507868541584812
314;0.9001250071924889
323;0.908268483227455
334;0.9110154664383793
342;0.9135231962728683
348;0.9226148245774115
367;0.9241566796699949
375;0.9316089792841478
388;0.9328141074024887
399;0.9379802080862594
405;0.9385739109092656
411;0.9402132395996561
417;0.9405854115185553
422;0.9413740615371756
428;0.941710788511418
439;0.9419589031240175
Instance16
22;0.1665046385306149
34;0.5168558676190447
55;0.5615421896734617
75;0.5682588307047567
102;0.582580938654893
117;0.5834649600781823
133;0.5870322747890094
150;0.5873998163046705
164;0.5903113216444164
177;0.5913971305664998
190;0.6570568694547696
204;0.6591150334010023
216;0.6678303448865684
232;0.6690082248606579
240;0.6704761984164762
250;0.6742374117519974
262;0.6789914453629189
284;0.6816022875984801
296;0.6866539172113476
309;0.6931660179598166
324;0.6958818940784175
334;0.7107516909487692
345;0.713740155001926
357;0.7172938013781067
374;0.7755650873753586
385;0.7779336699595657
395;0.7837171760058383
407;0.7920748888386834
424;0.8556622850268237
437;0.8559230626806756
448;0.8628445362433304
469;0.86468627842366
481;0.865992883126814
495;0.8669843814982305
506;0.8681714631100359
517;0.876589691748445
529;0.8776246530621701
536;0.8779560579972737
Instance17
37;0.0621218020096698
54;0.12495292330780605
79;0.1674593952554401
99;0.2364815815094542
123;0.2717856053798979
147;0.31048483613318495
174;0.37720894110944203
187;0.4388812524118163
214;0.4897568685569498
230;0.507152570292333
243;0.5366195128921422
263;0.5480580988222044
277;0.5865484555953446
294;0.6012703820971769
314;0.6075738418446678
330;0.6139327166229058
352;0.61767323119834
368;0.6225959330963805
385;0.6269552488484914
403;0.6310559611237823
419;0.6391003764205802
446;0.6429193956229061
461;0.6553138908333571
473;0.6584448400705724
493;0.6630304338649008
507;0.6716751786614599
519;0.6737855677490813
534;0.6781125580665897
544;0.678694415889435
556;0.6844575790871409
591;0.6872606560591021
602;0.6902115064463891
611;0.6917308018727074
624;0.701123649584353
640;0.7023658698569356
655;0.7036357976448916
667;0.7040329386985796
679;0.7068452515089987
689;0.7073716943010968
698;0.7091726828003799
706;0.7100269978577322
712;0.7108028082881926
721;0.7113015435649171
729;0.7116617412647739
739;0.7184223750159288
753;0.7227493653334373
763;0.7237976329984046
769;0.7241993919713215
782;0.7253307821824098
791;0.72584798913605
799;0.7264159932012084
807;0.7264991157473293
816;0.7272841620162477
826;0.7283832267927332
834;0.7289096695848313
844;0.730345842465029
851;0.7309877332378503
857;0.7320544725797332
865;0.7333382541253762
866;0.7333428720446051
Instance18
16;0.21751200949667318
27;0.36096744396318176
38;0.38572386837705147
50;0.3968771468176273
59;0.39768292551582457
72;0.4422810247682238
86;0.45652228741245027
96;0.45903471540310276
107;0.4708186032596592
119;0.4857255091763095
129;0.4975043921962311
143;0.5075566065771584
155;0.5215926709193596
170;0.534390038194456
184;0.5351057298332276
194;0.5594993035910766
206;0.5770062221394879
224;0.634965585791115
237;0.6381782469216492
246;0.6980297202770492
263;0.8457347684829616
275;0.8463453052193632
288;0.8532853677350813
300;0.8612842838177956
315;0.8630598544231769
330;0.8691622723343627
339;0.8696636793159489
350;0.8725452947336523
365;0.8830423973657986
378;0.885166003405457
388;0.8930026995823642
400;0.896654122189444
409;0.8995298387014818
417;0.9073488381613916
425;0.9074579679162075
435;0.9102628975602567
456;0.912542824600057
461;0.9129115062041643
Instance19
30;0.05953551625302011
45;0.1432242702866595
59;0.2108889479130803
77;0.2598339363365424
96;0.3105773993120837
111;0.3467638842157839
128;0.42217944079361686
143;0.43915208476546136
159;0.45892805648977675
181;0.4744757108627857
198;0.5271299175535449
209;0.5402345852243898
213;0.7128317315284427
219;0.7151137368654679
234;0.7233874996711742
244;0.7511957060686923
252;0.7564287863703522
261;0.7721041319314881
272;0.7873194921236426
282;0.7910352180912594
294;0.7958381822037416
308;0.7975526731244907
328;0.8124812891905269
339;0.8157609251330054
348;0.8182460408926978
355;0.8217825517814907
367;0.8506747234418889
377;0.8989289005885827
387;0.9043682794234421
396;0.9110648731776797
404;0.9120847567092157
413;0.913252170562924
418;0.9187428642924519
426;0.9240475415288067
441;0.9315587592359063
449;0.9346119954686813
472;0.9383708115031479
482;0.9403143631387169
502;0.9463374489004306
509;0.9469532276364523
519;0.9481270558519939
526;0.9499615633363924
536;0.9501539941913992
544;0.9502502096189025
Instance20
22;0.29846694132915913
35;0.35271575703019814
45;0.38209641271833705
60;0.4243272474797416
71;0.43427445509781337
84;0.4472832110003799
99;0.5079493153831691
109;0.5124230169354195
121;0.5409908775421193
137;0.5589082782034048
151;0.6692412054579313
165;0.6871124203321693
180;0.6942401144667045
193;0.702592576463008
206;0.7093726574378372
218;0.7525254200581796
240;0.773677843262354
253;0.7844441050498879
266;0.7928030644884291
283;0.803933183041263
304;0.8139847261826724
315;0.8211481562495138
326;0.8268009309961369
336;0.8323724877147913
349;0.834266492127022
364;0.8378173443098146
376;0.8425442335375943
393;0.8469072660000743
402;0.8493015734645922
414;0.8501234999076356
429;0.8543695784098406
442;0.8571699760142022
454;0.8606688486590947
473;0.8634010231199627
485;0.8691967415958108
495;0.8745798724895778
505;0.8761522535110523
514;0.8785303173699764
528;0.8804113268977323
541;0.8807946759897446
558;0.8822825902621316
570;0.8878768880286173
581;0.8915316992872099
590;0.8955633621955773
600;0.8968173685474145
609;0.8994163454424136
621;0.8997412175542884
Instance21
38;0.07900930784434682
60;0.2595939184060643
73;0.29974579375567617
87;0.32563229079402084
102;0.33809694754379066
114;0.34135137157572715
129;0.349997929542931
143;0.35634724701700327
156;0.36825886438879685
171;0.3844033600766388
183;0.4021431616624887
197;0.4136506348734536
212;0.44586517864056374
230;0.4552987541841182
243;0.46901838490698783
258;0.49017214111457513
274;0.5002438390173327
284;0.5081140147808394
300;0.5171753522815253
311;0.5430512139472164
322;0.5571856242035681
334;0.5646941972968595
347;0.5715114711676808
360;0.5785627232368764
375;0.5832848286949804
388;0.5897724060135467
398;0.5934735156969254
407;0.5953240705386148
420;0.617562536605214
439;0.621339723770517
449;0.6270766689143398
458;0.6295400518482329
467;0.6335690514912229
475;0.6361528664796621
484;0.6375214125540473
493;0.6406964394466209
503;0.6478457241392088
515;0.64866685178384
529;0.6499149658036794
538;0.6584327965706526
550;0.6590568535805722
562;0.6594181497442099
572;0.663063956486372
584;0.6678593419310176
594;0.6689979722649061
604;0.6711438525095421
613;0.6719759285227681
624;0.6742750859277352
633;0.6747349174087287
642;0.6771764036054319
650;0.6777019252979958
658;0.6801324631261038
666;0.6806798815558578
674;0.6852453512600069
682;0.6875554570335689
687;0.6882452042550592
693;0.6886174487872919
697;0.6906647937145721
709;0.692000494683172
713;0.6937303369211948
721;0.6947923286749178
728;0.6949018123608685
Instance22
6;0.4363328546249611
15;0.5332563837028111
23;0.5681866758500436
28;0.6125288159488624
34;0.6371255980134203
42;0.7267470877504898
50;0.7583881834843917
59;0.7829694876987708
66;0.8653993457362569
73;0.885519554695968
83;0.8922328533801769
91;0.9056712630043442
97;0.9227045357948942
104;0.928512228204987
114;0.9413442753673545
126;0.9464589821068194
132;0.9492742363937458
138;0.9561765311699442
144;0.9607754360750209
148;0.9713434675520981
152;0.9714458404352592
175;0.9724065705695388
180;0.9728160621021827
197;0.973867352863874
205;0.9747887088123227
209;0.9752100126007159
213;0.9755171312501988
220;0.9761825549907449
224;0.9766904819879666
229;0.977013350311782
Instance23
39;0.07948490268219413
48;0.6875484353002107
56;0.7164285850657959
59;0.7262235206892309
69;0.7339998278937848
75;0.7533144316289896
83;0.7928382585123122
90;0.841309976033166
98;0.8455155842575545
108;0.8909170366799283
115;0.8992087756223301
123;0.901604762509599
130;0.9080145640767909
145;0.912080482981353
151;0.9369560562516933
159;0.941275143094707
163;0.9497169946515063
167;0.950355041571497
168;0.9510912495561015
170;0.9550667726729662
171;0.9551403934714268
174;0.9552876350683477
176;0.9739136970788438
179;0.9758769183711228
182;0.9781837033895505
188;0.9820856057079548
192;0.9874844642617219
Instance24
15;0.23490217286836287
30;0.3472947602772799
40;0.3791297488955237
54;0.4126966850822134
63;0.42597676224503567
76;0.43524878464809497
88;0.43868426015646317
101;0.4469344166692597
116;0.45419405287124937
127;0.4613496284526123
138;0.6964158852255324
154;0.7131919569261124
164;0.7209747872228075
178;0.7412293768248898
196;0.7858109672308137
215;0.7897448033291795
226;0.7932629141173659
236;0.7969959577189784
248;0.8372046304627796
263;0.8404045968355474
275;0.8548978751881204
286;0.8577270425377664
304;0.8604656998896427
314;0.8632510720790775
328;0.8640043488347109
343;0.8719108350915133
353;0.8751516769471451
367;0.8775691697908056
375;0.9370534796617803
383;0.9458919136565488
391;0.9465507171657374
400;0.9484778713561675
409;0.9495799818995765
417;0.9503034343512554
426;0.954274726532813
434;0.9549550796894982
443;0.9551859687698213
450;0.95644508388785
455;0.9581013282240344
463;0.9600992883990971
471;0.960948960214686
479;0.961078258099667
Instance25
35;0.051499321727614025
48;0.28629341467024383
59;0.299495658189129
75;0.3464254179592342
93;0.3646174858002177
105;0.3710395745110664
123;0.37527861508099714
137;0.378431906840101
159;0.38788023159814816
174;0.3993845487852082
188;0.4112007299923993
204;0.443794647309504
218;0.44762600734367347
232;0.47237706326993356
248;0.5418218837325213
260;0.544508839406251
270;0.5518653588236466
282;0.5651697024508517
295;0.5780809265648734
306;0.5846290000775448
315;0.595453908622833
325;0.5989470999693493
339;0.6048841970487897
351;0.6059733289515058
360;0.6078062582511988
370;0.6090946215995338
378;0.612428427789555
387;0.6129331474517894
395;0.6153637710883386
403;0.6157622339795763
413;0.6167451091112958
421;0.6186710130856108
430;0.6215797921916454
438;0.6236783634188301
445;0.6248206237070446
453;0.6255511390076468
460;0.6267996560668581
467;0.6292302797034074
472;0.6300006412931334
480;0.6313554151233414
487;0.6341712195547536
495;0.6347290676024863
503;0.6375847183230225
512;0.6395504685864614
519;0.6398161105139532
529;0.6399356493813243
Instance26
11;0.4543875835119262
21;0.5513729332641372
27;0.605580103759499
32;0.640972441510001
40;0.6612088788025011
47;0.6881691213878939
57;0.7068805109744015
64;0.7659554209499366
74;0.7821723526607515
86;0.7994976039253395
93;0.8280154049236356
100;0.850775855279929
109;0.8662598183258483
118;0.8694754227911965
126;0.9568534919893694
135;0.9620690039466984
142;0.96391145753016
145;0.9704316108935691
149;0.9705787809756828
152;0.9730832648382572
156;0.9764803048753387
162;0.9784287957645327
164;0.9854952799926125
167;0.9856459034659548
Instance27
22;0.05192669074933841
34;0.4993327754355761
42;0.5228280362001722
52;0.5332498625821822
61;0.6088028709002311
68;0.6457441356950988
75;0.7169440670438513
87;0.7205624350742005
97;0.7479190098313496
104;0.7592511637433639
114;0.7656106417254556
121;0.7749220269328799
126;0.7772201560479037
132;0.8812250446925657
144;0.9013877316943465
151;0.9182486686412507
159;0.9338329289002691
165;0.9359240372683577
173;0.9414269540264856
176;0.9468858474505485
181;0.9492851191570925
187;0.9522126708724166
191;0.9523227292075791
195;0.953863545899855
196;0.953863545899855
197;0.9918336715309379
Instance28
23;0.1876652366525779
39;0.22508122277435055
58;0.24567263291269695
72;0.2638081061664344
89;0.27566804125413
101;0.30547352293458163
115;0.325961928010519
132;0.4137787417395174
143;0.4753475216772194
157;0.7116293283855318
172;0.7192094465209606
184;0.7485314382850948
196;0.7617671979937183
212;0.769847462580349
224;0.7925398247261366
233;0.8087958328028081
244;0.8143891987331507
255;0.8177219664237478
271;0.8200434624119931
282;0.8262291973504653
296;0.8277627133808564
307;0.8317302939649001
319;0.8340480991805092
331;0.839364657163128
354;0.8436570257391682
367;0.8481210152427973
379;0.8874304811672431
397;0.8953401346207478
410;0.9210157116280628
419;0.9278377153649802
431;0.9288750469970335
442;0.9298872194663692
451;0.9301659055764729
463;0.9303710495186326
Instance29
33;0.06551205611112854
49;0.33475582437275975
62;0.3408266129032257
77;0.3782393281349441
94;0.40451082204735656
113;0.423305913911342
131;0.44657376181384534
144;0.4555965954713346
159;0.47812096663871195
176;0.5026048127015629
194;0.5136194492681716
211;0.5184879682460928
224;0.5198027784668817
240;0.5526544281815926
253;0.5619263210121558
267;0.5657963284544778
280;0.5767179359960308
297;0.5938786901513272
311;0.6092656908955595
322;0.617061523195237
334;0.6239580749193749
346;0.633186554204912
358;0.6411870503597122
370;0.6445919126767552
379;0.6479285537087572
386;0.6482820640039693
393;0.6543785661126271
409;0.6626581493425949
422;0.6648350285289011
430;0.6673033986603821
437;0.6734991317290996
447;0.6741069213594643
456;0.6765628876209377
465;0.6829136690647483
478;0.6835028528901017
486;0.6881791118829075
494;0.6895435375837262
500;0.6900210865790126
505;0.6907777226494667
510;0.6914289258248574
511;0.6914413296948648
516;0.6929546018357728
519;0.6930476308608287
Instance30
14;0.23573640474765212
20;0.26958348573197477
33;0.288201930745272
46;0.28916338137194453
58;0.2948563438446695
71;0.32219585708254306
83;0.35290353899488525
95;0.39324118457952634
104;0.4246923676999544
113;0.4371912258466976
124;0.44639456512516756
135;0.4698279919746141
148;0.5255619337608741
155;0.6104927585871781
165;0.631533337338316
174;0.639618635826229
184;0.7284651355231864
197;0.7979961813377446
213;0.8022150586777196
224;0.8065663234930606
235;0.8415812594435372
249;0.8583449258814866
259;0.8613444881201162
267;0.8685095553944507
281;0.8742914358291781
296;0.8775341519502748
309;0.8878382959859659
317;0.9275289271738063
324;0.9451973275959074
340;0.9551033198474795
347;0.9559538238824484
355;0.957236822669993
368;0.9593165223175446
381;0.9605891743406734
395;0.9609554498009885
404;0.9612017027940817
Instance31
32;0.10861602652947838
45;0.47290142319481154
60;0.5549703246534128
69;0.6207845112042072
81;0.649958211915724
86;0.6720888826161695
92;0.6728347405598534
98;0.6858126687799511
105;0.6981299799642146
111;0.6991635259718906
115;0.7018912350230769
121;0.7020723719522574
123;0.7020723719522574
124;0.7021256475196632
125;0.99223142619109
126;0.99223142619109
Instance32
21;0.1863029301110726
40;0.33762829774681496
52;0.34271961806295614
66;0.34559438823689403
77;0.3610194782008039
92;0.46758884452359417
107;0.4730779507350508
119;0.49153838553405027
130;0.5105506777657288
147;0.5408841762004072
167;0.5499661418854759
182;0.5591330113510746
196;0.590361169596296
206;0.6012781524734625
219;0.6156214137197549
236;0.6201623965622892
261;0.6242487333542442
280;0.6368583141787486
299;0.6429631698820112
314;0.6534008572239282
325;0.6668841253384015
344;0.6698968401313978
355;0.6756730360390607
368;0.68418258591346
382;0.7385471469627796
399;0.7426274608122142
415;0.7452902816647283
427;0.7472730502090035
441;0.7558640907611887
455;0.7617463997565056
467;0.766067744803797
479;0.7733531997009239
493;0.7758209000599349
507;0.7817089478932959
522;0.7829801005200889
539;0.7870718920456118
557;0.7885352957468859
574;0.7908681334118579
590;0.7924979634164142
605;0.7947992374721431
619;0.7978408216355753
627;0.8005925944777749
639;0.8020158263127393
655;0.8034964465281459
666;0.8048651594016905
684;0.8055165175197084
695;0.8077460560998847
707;0.8091176383924514
718;0.8109024170242012
731;0.8112582249829423
738;0.8114275207052467
Instance33
31;0.06769491935718641
53;0.3155359190284655
68;0.3322043544644619
93;0.36916713378611576
118;0.3754520417655279
136;0.40924382510094665
153;0.4181465015795114
171;0.4301542299572927
186;0.4670539334311898
204;0.4829401122439699
225;0.5964999406281244
239;0.6183547387201199
254;0.7152844907010225
268;0.7224951150747481
292;0.7283357208174654
303;0.744655767316664
320;0.7564090850458365
331;0.7657268140976616
348;0.7859165623440927
357;0.7901868543343101
369;0.7924061242804457
381;0.8657873911590889
392;0.8746794851710632
400;0.8814589492522472
409;0.8859612753342597
420;0.8908185925111999
443;0.8939009542135008
453;0.8956672513687518
463;0.9004206687130303
476;0.9016934416631376
485;0.9059619931216608
495;0.911849650305831
519;0.9146116541907577
529;0.9155121194071602
536;0.9171485417715839
544;0.9190620303564392
550;0.9206897944014745
554;0.9216681844923731
571;0.9230881488720848
578;0.9231660737465811
588;0.923183390385358
601;0.9765532710959818
603;0.9901987824522346
Instance34
15;0.42167919215913735
24;0.4531093937967951
30;0.6320069008824123
37;0.638168281227992
44;0.6618147466731493
51;0.6837522161100438
65;0.6991524545754813
76;0.7019890024613763
85;0.7252692544761916
97;0.7304123044935394
110;0.7390054705125307
121;0.7510519649316777
132;0.8402709697598653
143;0.8454002272877267
153;0.8465650387581971
163;0.8555770011876269
172;0.8620209289716334
180;0.8663634278747031
195;0.8673068570481546
217;0.8692924859583424
228;0.8701371445685081
237;0.8720784970192924
249;0.8835733470568303
258;0.92112770351352
267;0.9227873270109545
284;0.9239962317059273
290;0.9243281564054143
301;0.9278884855504358
312;0.9284894439537175
319;0.9285139015631533
336;0.9868276405388465
337;0.9895799666019245
338;0.9899464643283397
348;0.9929000048294493
350;0.9944091131146879
351;0.9960296079638367
353;0.9963062778161306
356;0.996615285703108
357;0.996615285703108
358;0.996615285703108
Instance35
37;0.12188400652523124
55;0.35031250009628256
67;0.512804906064585
81;0.7540427757009703
97;0.7599819729929952
110;0.7704837897790392
123;0.7824660770270893
138;0.8248274434052514
151;0.8284384173340331
165;0.8387785263013139
178;0.8499608971775414
188;0.857541254358061
201;0.8603995687086351
212;0.8694494041132743
224;0.8743596118377714
233;0.8784185974202484
241;0.8836155326031105
248;0.8850670903610822
254;0.8963121828688271
261;0.8993138609485837
273;0.9008371005711466
278;0.910773999050102
291;0.916069496796777
299;0.9192503795380116
303;0.9194923058310067
306;0.9203524882061013
313;0.9214635571072649
319;0.9215441992049299
322;0.9221893359862509
336;0.9224133418130983
Instance36
21;0.15767820289640055
32;0.21964137550517215
44;0.26795773476520846
57;0.2855750057525303
71;0.2896706853512878
83;0.3066493401449015
99;0.3485940943529399
114;0.36490409902294324
129;0.45966131754427797
139;0.49462500441000457
153;0.524397299830163
167;0.5511064753935497
183;0.5595381919768598
198;0.5657458014622776
212;0.5707202068495145
226;0.6064151823072911
248;0.6129336976955969
263;0.632717373199979
276;0.7009185147009978
291;0.7153654148471921
305;0.7300462402330508
317;0.7327988949928994
333;0.7369369518186937
346;0.7569817185885254
361;0.759339301828014
372;0.7668049820863945
387;0.7724129854990001
401;0.7769862032488982
413;0.7828719324357891
427;0.8561704973554142
441;0.8602561735685594
460;0.8620990367171603
471;0.866195761270525
482;0.8679436086932389
496;0.8693865219258965
507;0.8722126873540267
521;0.8741063728676371
532;0.8754984637352852
543;0.8761834608288898
553;0.8791002226468195
566;0.8800658475819978
579;0.8828544486533818
593;0.8839526536711932
605;0.8848917625898447
619;0.8851790194355501
629;0.8855701306793178
Instance37
40;0.04105648816348151
52;0.22935091317258738
67;0.2536051393857839
84;0.3730744612758694
99;0.3974482611478558
110;0.4054533816940473
123;0.4111969276722851
133;0.4284650690210917
147;0.4409466750753276
163;0.4464210636956065
179;0.46914196622521187
188;0.513309940660996
202;0.5278048242793894
217;0.5392868296805247
229;0.5486837029008138
241;0.5545257472489116
252;0.6206731774333244
259;0.6218379476152076
266;0.6239584266642774
278;0.6254815876713555
288;0.6304393274198847
296;0.6357853238957083
306;0.6509572021622914
318;0.6556760146940238
329;0.6603251401208574
338;0.6664476500512697
348;0.6735358241495684
360;0.678951507730291
372;0.6908082708638215
380;0.6933966490457844
387;0.6954972174934544
396;0.701749146332965
406;0.7189120847395196
429;0.7256120021105238
442;0.7275134645441965
452;0.7392607193700285
461;0.7435912751744667
470;0.7445370287409531
478;0.7452239444892432
485;0.7460203685452318
494;0.7475833507551095
503;0.7504604326573684
509;0.7509880635944608
518;0.7531483638463299
525;0.7534768887694252
532;0.7536063076785233
Instance38
14;0.5665718483374379
19;0.6085945430970329
28;0.6271828680431955
36;0.6544573015942695
44;0.6728381265163051
50;0.7228692715741689
57;0.7528201927782232
66;0.7735596888605885
80;0.7913836782748401
95;0.8171215610143406
107;0.8250170682615026
118;0.8341076705843326
132;0.8490686849821484
144;0.8598245406631623
152;0.8607569774804419
160;0.8719068205490388
171;0.8791824543064033
178;0.8873117274035311
186;0.8932583103734495
199;0.8962526145190798
208;0.9001635959864862
217;0.9098845781294489
225;0.9145073634770887
239;0.9165666042228554
248;0.9170420156705388
256;0.9205957819065368
263;0.9252369533322639
281;0.9270466687325614
287;0.9358824925447545
299;0.9367623977103563
306;0.937342872461395
311;0.937342872461395
316;0.9377499927618976
322;0.9377867649180719
Instance39
32;0.059581447043726934
45;0.4070991912253902
58;0.45322572207782913
66;0.49041113865602776
74;0.5046535248410344
88;0.5140209269596459
104;0.5194205729883437
119;0.5630112376896534
134;0.5775815376010992
147;0.6901800686824214
160;0.7279411946201853
175;0.7407456545243648
187;0.7523860726190735
194;0.8201637838344
203;0.8420966807845072
213;0.8528058915792817
223;0.8604282502107078
237;0.8651939167085088
244;0.8676173664332428
248;0.8686941442218876
251;0.8692496637850805
255;0.8693174100732749
260;0.8693445085885525

