0
Node Left Objective IInf Best_Integer Best_Bound ItCnt Gap
0+ 0 nan nan 17080.7259 -1708.0726 nan 110.00%
0+ 0 nan nan -66.3573 -1708.0726 nan ---
0 0 -93.0816 11 -66.3573 -93.0816 79 40.27%
0+ 0 nan nan -85.7652 -93.0816 nan 8.53%
0 0 -90.9631 13 -85.7652 Fract:8 96 6.06%
0 0 -90.4656 13 -85.7652 Fract:8 108 5.48%
0 0 -90.1711 11 -85.7652 Fract:6 121 5.14%
0 0 -89.9230 11 -85.7652 Fract:8 133 4.85%
0 0 -89.7587 8 -85.7652 Fract:2 143 4.66%
0+ 0 nan nan -86.3037 -89.7587 nan 4.00%
0 0 -89.7587 8 -86.3037 Fract:1 144 4.00%
0 2 -89.7250 10 -86.3037 -89.6944 144 3.93%
CPXPARAM_MIP_Cuts_Gomory 5
1
Node Left Objective IInf Best_Integer Best_Bound ItCnt Gap
0+ 0 nan nan 17807.5550 -1780.7555 nan 110.00%
0+ 0 nan nan -246.6070 -1780.7555 nan 622.10%
0 0 -451.0443 22 -246.6070 -451.0443 124 82.90%
0+ 0 nan nan -437.4023 -451.0443 nan 3.12%
0 0 -450.3580 19 -437.4023 Fract:14 145 2.96%
0+ 0 nan nan -439.5105 -450.3580 nan 2.47%
0 0 -450.1127 19 -439.5105 Fract:3 151 2.41%
0 0 -449.9654 18 -439.5105 Fract:10 168 2.38%
0+ 0 nan nan -441.7063 -449.9654 nan 1.87%
0 0 -449.8430 21 -441.7063 Fract:11 187 1.84%
0 0 -449.3960 24 -441.7063 Fract:8 212 1.74%
0 0 -449.3764 22 -441.7063 Fract:2 217 1.74%
0 0 -449.3764 23 -441.7063 Fract:1 219 1.74%
0+ 0 nan nan -444.6720 -449.3764 nan 1.06%
0 2 -449.2961 18 -444.6720 -449.2622 219 1.03%
CPXPARAM_MIP_Cuts_Gomory 9
2
Node Left Objective IInf Best_Integer Best_Bound ItCnt Gap
0+ 0 nan nan 21992.9672 -2199.2967 nan 110.00%
0+ 0 nan nan -144.9985 -2199.2967 nan ---
0 0 cutoff -144.9985 -144.9985 77 0.00%
0 0 cutoff -144.9985 -144.9985 77 0.00% 0
CPXPARAM_MIP_Cuts_Gomory 0
3
Node Left Objective IInf Best_Integer Best_Bound ItCnt Gap
0+ 0 nan nan 15130.5599 -1513.0560 nan 110.00%
0+ 0 nan nan -319.1991 -1513.0560 nan 374.02%
0 0 -373.2689 13 -319.1991 -373.2689 81 16.94%
0+ 0 nan nan -322.8337 -373.2689 nan 15.62%
0 0 -373.2689 11 -322.8337 Fract:4 99 15.62%
0 0 -373.1727 18 -322.8337 Fract:10 112 15.59%
0 0 -373.1190 19 -322.8337 Fract:5 118 15.58%
0 0 -373.0748 19 -322.8337 Fract:3 121 15.56%
0 0 -373.0407 18 -322.8337 Fract:3 127 15.55%
0 0 -373.0177 16 -322.8337 Fract:2 131 15.54%
0+ 0 nan nan -370.4134 -373.0177 nan 0.70%
0 1 -372.6109 6 -370.4134 -372.4768 153 0.56%
CPXPARAM_MIP_Cuts_Gomory 13
4
Node Left Objective IInf Best_Integer Best_Bound ItCnt Gap
0+ 0 nan nan 17229.3640 -1722.9364 nan 110.00%
0+ 0 nan nan -67.4145 -1722.9364 nan ---
0 0 -89.1646 11 -67.4145 -89.1646 97 32.26%
0 0 -88.4817 11 -67.4145 Fract:10 108 31.25%
0+ 0 nan nan -85.5988 -88.4817 nan 3.37%
0 0 -88.3947 10 -85.5988 Fract:5 114 3.27%
0 0 -88.2540 9 -85.5988 Fract:5 128 3.10%
0 0 -88.2312 8 -85.5988 Fract:1 137 3.08%
0 0 -88.1765 9 -85.5988 Fract:2 144 3.01%
0 0 -88.1765 9 -85.5988 Fract:1 145 3.01%
0 2 -87.8497 4 -85.5988 -87.6966 145 2.45%
CPXPARAM_MIP_Cuts_Gomory 7
5
Node Left Objective IInf Best_Integer Best_Bound ItCnt Gap
0+ 0 nan nan 19297.4075 -1929.7408 nan 110.00%
0+ 0 nan nan -216.7443 -1929.7408 nan 790.33%
0 0 -495.8139 18 -216.7443 -495.8139 104 128.76%
0+ 0 nan nan -360.6431 -495.8139 nan 37.48%
0 0 -495.2407 22 -360.6431 Fract:16 123 37.32%
0+ 0 nan nan -363.5780 -495.2407 nan 36.21%
0 0 -495.1495 25 -363.5780 Fract:11 137 36.19%
0 0 -495.0627 26 -363.5780 Fract:12 150 36.16%
0 0 -495.0316 24 -363.5780 Fract:3 158 36.16%
0 0 -495.0316 24 -363.5780 Fract:2 162 36.16%
0 0 -495.0316 23 -363.5780 Fract:1 169 36.16%
0+ 0 nan nan -484.0837 -495.0316 nan 2.26%
0+ 0 nan nan -485.2916 -495.0316 nan 2.01%
0 2 -495.0316 23 -485.2916 -495.0192 169 2.00%
CPXPARAM_MIP_Cuts_Gomory 12
6
Node Left Objective IInf Best_Integer Best_Bound ItCnt Gap
0+ 0 nan nan 17283.6857 -1728.3686 nan 110.00%
0+ 0 nan nan -89.3561 -1728.3686 nan ---
0 0 -92.8995 6 -89.3561 -92.8995 83 3.97%
0 0 -92.8995 2 -89.3561 Fract:4 86 3.97%
0+ 0 nan nan -92.7479 -92.8995 nan 0.16%
0 0 -92.8885 11 -92.7479 Fract:1 98 0.15%
0+ 0 nan nan -92.8162 -92.8885 nan 0.08%
0 0 -92.8540 2 -92.8162 Fract:1 112 0.04%
0 0 -92.8463 2 -92.8162 Fract:1 119 0.03%
0 0 -92.8324 2 -92.8162 Fract:1 124 0.02%
0 0 cutoff -92.8162 -92.8324 129 0.02% 0
CPXPARAM_MIP_Cuts_Gomory 4
7
Node Left Objective IInf Best_Integer Best_Bound ItCnt Gap
0+ 0 nan nan 18737.7240 -1873.9213 nan 110.00%
0+ 0 nan nan -349.2878 -1873.9213 nan 436.50%
0 0 -476.7132 19 -349.2878 -476.7132 92 36.48%
0+ 0 nan nan -351.7851 -476.7132 nan 35.51%
0 0 -476.0450 19 -351.7851 Fract:9 121 35.32%
0 0 -475.6297 22 -351.7851 Fract:5 134 35.20%
0 0 -475.5084 22 -351.7851 Fract:3 139 35.17%
0 0 -475.4910 23 -351.7851 Fract:3 142 35.17%
0 0 -475.4531 23 -351.7851 Fract:4 153 35.15%
0 0 -475.3841 24 -351.7851 Fract:1 159 35.13%
0 0 -475.2521 22 -351.7851 Fract:1 166 35.10%
0+ 0 nan nan -467.2359 -475.2521 nan 1.72%
0 2 -475.2521 21 -467.2359 -475.2332 166 1.71%
CPXPARAM_MIP_Cuts_Gomory 10
8
Node Left Objective IInf Best_Integer Best_Bound ItCnt Gap
0+ 0 nan nan 20324.0135 -2032.4014 nan 110.00%
0+ 0 nan nan -89.4132 -2032.4014 nan ---
0 0 -103.1383 11 -89.4132 -103.1383 78 15.35%
0 0 -102.3893 10 -89.4132 Fract:10 92 14.51%
0+ 0 nan nan -100.8155 -102.3893 nan 1.56%
0 0 -102.3368 11 -100.8155 Fract:5 102 1.51%
0+ 0 nan nan -102.0140 -102.3368 nan 0.32%
0 0 -102.3207 10 -102.0140 Fract:1 108 0.30%
0 0 -102.3175 10 -102.0140 Fract:1 112 0.30%
0 0 -102.3154 7 -102.0140 Fract:1 114 0.30%
0 2 -102.2100 4 -102.0140 -102.2074 114 0.19%
CPXPARAM_MIP_Cuts_Gomory 7
9
Node Left Objective IInf Best_Integer Best_Bound ItCnt Gap
0+ 0 nan nan 19574.3912 -1957.4391 nan 110.00%
0+ 0 nan nan -340.7562 -1957.4391 nan 474.44%
0 0 -481.4397 15 -340.7562 -481.4397 75 41.29%
0+ 0 nan nan -474.2321 -481.4397 nan 1.52%
0 0 -480.6119 16 -474.2321 Fract:11 96 1.35%
0 0 -480.1333 13 -474.2321 Fract:9 109 1.24%
0+ 0 nan nan -474.3320 -480.1333 nan 1.22%
0 0 -479.8564 14 -474.3320 Fract:5 121 1.16%
0 0 -479.7570 17 -474.3320 Fract:5 128 1.14%
0 0 -479.6894 16 -474.3320 Fract:7 140 1.13%
0+ 0 nan nan -475.6999 -479.6894 nan 0.84%
0 2 -479.6894 13 -475.6999 -479.4910 140 0.80%
CPXPARAM_MIP_Cuts_Gomory 10
10
Node Left Objective IInf Best_Integer Best_Bound ItCnt Gap
0+ 0 nan nan 27187.3215 -2718.7321 nan 110.00%
0+ 0 nan nan 10.9576 -2718.7321 nan ---
0 0 -173.4759 5 10.9576 -173.4759 75 ---
0+ 0 nan nan 7.7729 -173.4759 nan ---
0+ 0 nan nan -171.3795 -173.4759 nan 1.22%
0 0 -173.4759 3 -171.3795 Fract:4 81 1.22%
0 0 -173.4759 8 -171.3795 Fract:3 92 1.22%
0 0 -173.4759 4 -171.3795 Fract:6 102 1.22%
0 0 -173.4759 4 -171.3795 Fract:2 108 1.22%
0 2 -173.4759 4 -171.3795 -173.4759 108 1.22%
CPXPARAM_MIP_Cuts_Gomory 13
11
Node Left Objective IInf Best_Integer Best_Bound ItCnt Gap
0+ 0 nan nan 22470.7077 -2247.0708 nan 110.00%
0+ 0 nan nan -339.2451 -2247.0708 nan 562.37%
0 0 -573.6242 10 -339.2451 -573.6242 79 69.09%
0+ 0 nan nan -570.2156 -573.6242 nan 0.60%
0 0 -573.6242 13 -570.2156 Fract:3 93 0.60%
0 0 -573.5316 18 -570.2156 Fract:11 112 0.58%
0 0 -573.4097 18 -570.2156 Fract:3 126 0.56%
0 0 -573.2651 17 -570.2156 Fract:3 136 0.53%
0 0 -573.2282 18 -570.2156 Fract:3 142 0.53%
0 0 -573.2176 21 -570.2156 Fract:2 146 0.53%
0 2 -572.9410 8 -570.2156 -572.8578 146 0.46%
CPXPARAM_MIP_Cuts_Gomory 11
12
Node Left Objective IInf Best_Integer Best_Bound ItCnt Gap
0+ 0 nan nan 21290.0070 -2129.0007 nan 110.00%
0+ 0 nan nan -108.2542 -2129.0007 nan ---
0 0 -125.5769 9 -108.2542 -125.5769 93 16.00%
0+ 0 nan nan -118.3639 -125.5769 nan 6.09%
0 0 -124.7999 10 -118.3639 Fract:6 107 5.44%
0 0 -124.3182 13 -118.3639 Fract:9 119 5.03%
0 0 -124.0318 11 -118.3639 Fract:9 130 4.79%
0+ 0 nan nan -121.2111 -124.0318 nan 2.33%
0 0 -123.9842 12 -121.2111 Fract:7 141 2.29%
0 0 -123.9245 13 -121.2111 Fract:7 151 2.24%
0 2 -123.6665 8 -121.2111 -123.5078 151 1.89%
CPXPARAM_MIP_Cuts_Gomory 9
13
Node Left Objective IInf Best_Integer Best_Bound ItCnt Gap
0+ 0 nan nan 18711.1828 -1871.1183 nan 110.00%
0+ 0 nan nan -86.7463 -1871.1183 nan ---
0 0 -468.4244 16 -86.7463 -468.4244 90 439.99%
0+ 0 nan nan -462.1230 -468.4244 nan 1.36%
0 0 -468.0134 20 -462.1230 Fract:12 108 1.27%
0 0 -467.7177 19 -462.1230 Fract:16 123 1.21%
0 0 -467.4424 22 -462.1230 Fract:11 148 1.15%
0+ 0 nan nan -462.3653 -467.4424 nan 1.10%
0 0 -467.4203 22 -462.3653 Fract:10 162 1.09%
0 0 -467.4188 25 -462.3653 Fract:6 174 1.09%
0 2 -467.4188 23 -462.3653 -467.4178 174 1.09%
CPXPARAM_MIP_Cuts_Gomory 16
14
Node Left Objective IInf Best_Integer Best_Bound ItCnt Gap
0+ 0 nan nan 22739.1838 -2273.9184 nan 110.00%
0+ 0 nan nan -144.2844 -2273.9184 nan ---
0 0 -146.9071 10 -144.2844 -146.9071 80 1.82%
0 0 -146.8581 7 -144.2844 Fract:4 86 1.78%
0 0 -146.7191 8 -144.2844 Fract:8 98 1.69%
0 0 -146.6955 8 -144.2844 Fract:6 117 1.67%
0 0 -146.6955 3 -144.2844 Fract:5 122 1.67%
0+ 0 nan nan -145.9432 -146.6955 nan 0.52%
0 0 -146.6955 2 -145.9432 Fract:1 125 0.52%
0 0 -146.6955 2 -145.9432 Fract:1 127 0.52%
0+ 0 nan nan -146.6955 -146.6955 nan 0.00%
0 0 cutoff -146.6955 -146.6955 127 0.00% 0
CPXPARAM_MIP_Cuts_Gomory 13
15
Node Left Objective IInf Best_Integer Best_Bound ItCnt Gap
0+ 0 nan nan 20293.1236 -2029.3124 nan 110.00%
0+ 0 nan nan -243.7454 -2029.3124 nan 732.55%
0 0 -518.7322 13 -243.7454 -518.7322 83 112.82%
0+ 0 nan nan -315.8010 -518.7322 nan 64.26%
0+ 0 nan nan -450.6273 -518.7322 nan 15.11%
0 0 -518.6328 19 -450.6273 Fract:13 111 15.09%
0 0 -518.5713 18 -450.6273 Fract:2 113 15.08%
0 0 -518.5244 18 -450.6273 Fract:4 119 15.07%
0 0 -518.4912 19 -450.6273 Fract:3 125 15.06%
0 0 -518.4612 19 -450.6273 Fract:3 133 15.05%
0 0 -518.4414 19 -450.6273 Fract:1 135 15.05%
0 0 -518.4272 18 -450.6273 Fract:1 139 15.05%
0+ 0 nan nan -513.2509 -518.4272 nan 1.01%
0+ 0 nan nan -514.2581 -518.4272 nan 0.81%
0 2 -518.3688 12 -514.2581 -518.3560 139 0.80%
CPXPARAM_MIP_Cuts_Gomory 15
16
Node Left Objective IInf Best_Integer Best_Bound ItCnt Gap
0+ 0 nan nan 21872.1954 -2187.2195 nan 110.00%
0+ 0 nan nan -112.2220 -2187.2195 nan ---
0 0 -126.4787 11 -112.2220 -126.4787 89 12.70%
0 0 -126.1346 12 -112.2220 Fract:10 102 12.40%
0+ 0 nan nan -124.3570 -126.1346 nan 1.43%
0 0 -126.0664 14 -124.3570 Fract:5 111 1.37%
0 0 -125.8659 14 -124.3570 Fract:4 120 1.21%
0 0 -125.8379 14 -124.3570 Fract:3 133 1.19%
0 0 -125.7925 12 -124.3570 Fract:3 142 1.15%
0 0 -125.7873 13 -124.3570 Fract:1 147 1.15%
0 2 -125.7873 12 -124.3570 -125.7838 147 1.15%
CPXPARAM_MIP_Cuts_Gomory 5
17
Node Left Objective IInf Best_Integer Best_Bound ItCnt Gap
0+ 0 nan nan 16639.6111 -1663.9611 nan 110.00%
0+ 0 nan nan -399.5270 -1663.9611 nan 316.48%
0 0 -404.1656 14 -399.5270 -404.1656 83 1.16%
0 0 -403.5458 13 -399.5270 Fract:12 99 1.01%
0 0 -403.3135 15 -399.5270 Fract:10 114 0.95%
0+ 0 nan nan -400.1632 -403.3135 nan 0.79%
0 0 -403.2058 14 -400.1632 Fract:8 127 0.76%
0 0 -403.1629 18 -400.1632 Fract:7 145 0.75%
0 0 -403.1415 17 -400.1632 Fract:10 156 0.74%
0 0 -403.0476 17 -400.1632 Fract:7 171 0.72%
0+ 0 nan nan -400.7366 -403.0476 nan 0.58%
0+ 0 nan nan -401.6537 -403.0476 nan 0.35%
0 2 -403.0211 10 -401.6537 -402.9932 171 0.33%
CPXPARAM_MIP_Cuts_Gomory 14
18
Node Left Objective IInf Best_Integer Best_Bound ItCnt Gap
0+ 0 nan nan 18821.9021 -1882.1902 nan 110.00%
0+ 0 nan nan -97.2991 -1882.1902 nan ---
0 0 -99.0172 8 -97.2991 -99.0172 77 1.77%
0 0 -99.0172 6 -97.2991 Fract:8 90 1.77%
0 0 -99.0161 13 -97.2991 Fract:6 99 1.76%
0 0 -99.0085 6 -97.2991 Fract:3 105 1.76%
0+ 0 nan nan -98.9690 -99.0085 nan 0.04%
0 0 -99.0014 2 -98.9690 Fract:1 109 0.03%
0+ 0 nan nan -98.9995 -99.0014 nan 0.00%
CPXPARAM_MIP_Cuts_Gomory 8
19
Node Left Objective IInf Best_Integer Best_Bound ItCnt Gap
0+ 0 nan nan 19012.1137 -1901.2740 nan 110.00%
0+ 0 nan nan -411.3325 -1901.2740 nan 362.22%
0 0 -474.7865 8 -411.3325 -474.7865 76 15.43%
0+ 0 nan nan -411.4107 -474.7865 nan 15.40%
0+ 0 nan nan -472.5175 -474.7865 nan 0.48%
0 0 -474.7865 5 -472.5175 Fract:6 90 0.48%
0+ 0 nan nan -473.4153 -474.7865 nan 0.29%
0 0 -474.7865 5 -473.4153 Fract:3 99 0.29%
0 0 -474.7815 6 -473.4153 Fract:3 104 0.29%
0+ 0 nan nan -474.7791 -474.7815 nan 0.00%
CPXPARAM_MIP_Cuts_Gomory 11
20
Node Left Objective IInf Best_Integer Best_Bound ItCnt Gap
0+ 0 nan nan 15115.0246 -1511.5025 nan 110.00%
0+ 0 nan nan -66.4447 -1511.5025 nan ---
0 0 -90.2455 12 -66.4447 -90.2455 91 35.82%
0 0 -89.5556 12 -66.4447 Fract:10 103 34.78%
0+ 0 nan nan -88.1244 -89.5556 nan 1.62%
0 0 -89.2220 11 -88.1244 Fract:4 112 1.25%
0 0 -88.9552 13 -88.1244 Fract:5 121 0.94%
0 0 -88.8661 11 -88.1244 Fract:4 129 0.84%
0 0 -88.8126 10 -88.1244 Fract:3 135 0.78%
0 1 -88.3076 2 -88.1244 -88.1346 135 0.01%
CPXPARAM_MIP_Cuts_Gomory 9
21
Node Left Objective IInf Best_Integer Best_Bound ItCnt Gap
0+ 0 nan nan 15333.4248 -1533.3425 nan 110.00%
0+ 0 nan nan -221.9629 -1533.3425 nan 590.81%
0 0 -397.2126 26 -221.9629 -397.2126 110 78.95%
0+ 0 nan nan -235.8252 -397.2126 nan 68.44%
0 0 -395.6319 28 -235.8252 Fract:5 124 67.76%
0 0 -394.9324 26 -235.8252 Fract:4 139 67.47%
0+ 0 nan nan -284.2537 -394.9324 nan 38.94%
0 0 -394.7948 27 -284.2537 Fract:6 152 38.89%
0+ 0 nan nan -286.1599 -394.7948 nan 37.96%
0 0 -394.4747 26 -286.1599 Fract:4 167 37.85%
0+ 0 nan nan -287.3368 -394.4747 nan 37.29%
0 0 -394.1872 28 -287.3368 Fract:7 178 37.19%
0+ 0 nan nan -336.4258 -394.1872 nan 17.17%
0 0 -394.1238 29 -336.4258 Fract:3 185 17.15%
0 0 -394.0720 27 -336.4258 Fract:1 189 17.13%
0 0 -394.0680 28 -336.4258 Fract:1 190 17.13%
0+ 0 nan nan -384.2232 -394.0680 nan 2.56%
0 2 -394.0680 28 -384.2232 -394.0359 190 2.55%
CPXPARAM_MIP_Cuts_Gomory 11
22
Node Left Objective IInf Best_Integer Best_Bound ItCnt Gap
0+ 0 nan nan 15579.5689 -1557.9569 nan 110.00%
0+ 0 nan nan -75.9857 -1557.9569 nan ---
0 0 -96.9770 4 -75.9857 -96.9770 80 27.63%
0+ 0 nan nan -96.9770 -96.9770 nan 0.00%
0 0 cutoff -96.9770 -96.9770 80 0.00% 0
CPXPARAM_MIP_Cuts_Gomory 0
23
Node Left Objective IInf Best_Integer Best_Bound ItCnt Gap
0+ 0 nan nan 16097.8588 -1609.8715 nan 110.00%
0+ 0 nan nan -135.1706 -1609.8715 nan ---
0 0 -420.0439 21 -135.1706 -420.0439 92 210.75%
0+ 0 nan nan -205.3944 -420.0439 nan 104.51%
0+ 0 nan nan -308.1357 -420.0439 nan 36.32%
0 0 -418.6918 22 -308.1357 Fract:4 101 35.88%
0+ 0 nan nan -308.2577 -418.6918 nan 35.83%
0 0 -417.4915 18 -308.2577 Fract:4 116 35.44%
0 0 -417.0341 22 -308.2577 Fract:12 134 35.29%
0+ 0 nan nan -308.4428 -417.0341 nan 35.21%
0 0 -416.3923 23 -308.4428 Fract:2 143 35.00%
0 0 -416.0435 21 -308.4428 Fract:2 158 34.89%
0 0 -415.8272 22 -308.4428 Fract:5 175 34.82%
0 0 -415.8160 21 -308.4428 Fract:1 178 34.81%
0 0 -415.7827 21 -308.4428 Fract:1 179 34.80%
0+ 0 nan nan -408.5191 -415.7827 nan 1.78%
0 2 -415.7827 21 -408.5191 -415.7564 179 1.77%
CPXPARAM_MIP_Cuts_Gomory 11
24
Node Left Objective IInf Best_Integer Best_Bound ItCnt Gap
0+ 0 nan nan 18436.4445 -1843.6444 nan 110.00%
0+ 0 nan nan -94.2493 -1843.6444 nan ---
0 0 -115.3546 13 -94.2493 -115.3546 85 22.39%
0+ 0 nan nan -112.0044 -115.3546 nan 2.99%
0 0 -114.5760 7 -112.0044 Fract:6 90 2.30%
0 0 -114.3614 7 -112.0044 Fract:6 99 2.10%
0 0 -114.2930 8 -112.0044 Fract:3 107 2.04%
0 0 -114.1181 9 -112.0044 Fract:5 117 1.89%
0 0 -113.9337 8 -112.0044 Fract:6 126 1.72%
0 2 -113.4480 4 -112.0044 -113.3400 126 1.19%
CPXPARAM_MIP_Cuts_Gomory 7
25
Node Left Objective IInf Best_Integer Best_Bound ItCnt Gap
0+ 0 nan nan 18806.7169 -1880.6717 nan 110.00%
0+ 0 nan nan -288.0183 -1880.6717 nan 552.97%
0 0 -492.8236 25 -288.0183 -492.8236 100 71.11%
0+ 0 nan nan -362.9258 -492.8236 nan 35.79%
0 0 -490.4813 26 -362.9258 Fract:7 116 35.15%
0 0 -489.8073 27 -362.9258 Fract:7 134 34.96%
0 0 -489.4130 27 -362.9258 Fract:4 144 34.85%
0 0 -489.0598 28 -362.9258 Fract:6 172 34.75%
0+ 0 nan nan -420.3785 -489.0598 nan 16.34%
0 0 -488.9890 26 -420.3785 Fract:3 185 16.32%
0 0 -488.9574 29 -420.3785 Fract:2 194 16.31%
0+ 0 nan nan -471.8119 -488.9574 nan 3.63%
0+ 0 nan nan -478.7286 -488.9574 nan 2.14%
0 2 -488.9574 29 -478.7286 -488.9531 194 2.14%
CPXPARAM_MIP_Cuts_Gomory 9
26
Node Left Objective IInf Best_Integer Best_Bound ItCnt Gap
0+ 0 nan nan 18555.8907 -1855.7233 nan 110.00%
0+ 0 nan nan -104.0034 -1855.7233 nan ---
0 0 -115.9815 5 -104.0034 -115.9815 67 11.52%
0+ 0 nan nan -115.9815 -115.9815 nan 0.00%
0 0 cutoff -115.9815 -115.9815 67 0.00% 0
CPXPARAM_MIP_Cuts_Gomory 0
27
Node Left Objective IInf Best_Integer Best_Bound ItCnt Gap
0+ 0 nan nan 17101.2086 -1710.7893 nan 110.00%
0+ 0 nan nan -257.8104 -1710.7893 nan 563.58%
0 0 -441.6815 19 -257.8104 -441.6815 93 71.32%
0+ 0 nan nan -327.4274 -441.6815 nan 34.89%
0 0 -439.8654 19 -327.4274 Fract:4 109 34.34%
0+ 0 nan nan -327.5556 -439.8654 nan 34.29%
0 0 -439.1539 21 -327.5556 Fract:6 121 34.07%
0 0 -438.6730 20 -327.5556 Fract:6 149 33.92%
0 0 -438.6540 19 -327.5556 Fract:4 154 33.92%
0 0 -438.6124 24 -327.5556 Fract:2 168 33.90%
0+ 0 nan nan -380.5165 -438.6124 nan 15.27%
0 0 -438.4553 24 -380.5165 Fract:1 193 15.23%
0 0 -438.4489 24 -380.5165 Fract:1 197 15.22%
0+ 0 nan nan -431.3875 -438.4489 nan 1.64%
0+ 0 nan nan -433.6572 -438.4489 nan 1.10%
0 2 -438.4489 24 -433.6572 -438.4280 197 1.10%
CPXPARAM_MIP_Cuts_Gomory 6
28
Node Left Objective IInf Best_Integer Best_Bound ItCnt Gap
0+ 0 nan nan 23195.9038 -2319.5904 nan 110.00%
0+ 0 nan nan -104.6712 -2319.5904 nan ---
0 0 -120.0533 11 -104.6712 -120.0533 77 14.70%
0 0 -119.2753 11 -104.6712 Fract:10 87 13.95%
0+ 0 nan nan -115.2003 -119.2753 nan 3.54%
0 0 -119.0984 10 -115.2003 Fract:9 99 3.38%
0 0 -118.9538 9 -115.2003 Fract:3 106 3.26%
0+ 0 nan nan -116.8709 -118.9538 nan 1.78%
0 0 -118.8991 9 -116.8709 Fract:5 112 1.74%
0 0 -118.8766 9 -116.8709 Fract:7 120 1.72%
0 2 -118.7928 6 -116.8709 -118.7771 120 1.63%
CPXPARAM_MIP_Cuts_Gomory 8
29
Node Left Objective IInf Best_Integer Best_Bound ItCnt Gap
0+ 0 nan nan 18473.6572 -1847.3657 nan 110.00%
0+ 0 nan nan -427.6235 -1847.3657 nan 332.01%
0 0 -444.7353 17 -427.6235 -444.7353 96 4.00%
0 0 -444.1889 20 -427.6235 Fract:10 123 3.87%
0 0 -443.8405 21 -427.6235 Fract:15 137 3.79%
0 0 -443.6892 23 -427.6235 Fract:7 149 3.76%
0 0 -443.6221 24 -427.6235 Fract:13 160 3.74%
0 0 -443.6221 18 -427.6235 Fract:6 166 3.74%
0 0 -443.6129 25 -427.6235 Fract:2 173 3.74%
0+ 0 nan nan -438.9674 -443.6129 nan 1.06%
0 2 -443.6128 13 -438.9674 -443.6058 173 1.06%
CPXPARAM_MIP_Cuts_Gomory 11
30
Node Left Objective IInf Best_Integer Best_Bound ItCnt Gap
0+ 0 nan nan 20012.4297 -2001.2537 nan 110.00%
0+ 0 nan nan -82.7793 -2001.2537 nan ---
0 0 -93.4019 2 -82.7793 -93.4019 66 12.83%
0+ 0 nan nan -93.4019 -93.4019 nan 0.00%
CPXPARAM_MIP_Cuts_Gomory 0
31
Node Left Objective IInf Best_Integer Best_Bound ItCnt Gap
0+ 0 nan nan 20469.5526 -2046.9553 nan 110.00%
0+ 0 nan nan -497.9458 -2046.9553 nan 311.08%
0 0 -506.7396 12 -497.9458 -506.7396 92 1.77%
0+ 0 nan nan -501.8232 -506.7396 nan 0.98%
0 0 -506.7114 5 -501.8232 Fract:2 104 0.97%
0+ 0 nan nan -506.6867 -506.7114 nan 0.00%
CPXPARAM_MIP_Cuts_Gomory 2
32
Node Left Objective IInf Best_Integer Best_Bound ItCnt Gap
0+ 0 nan nan 13911.0729 -1391.1073 nan 110.00%
0+ 0 nan nan -39.6136 -1391.1073 nan ---
0 0 -68.2827 6 -39.6136 -68.2827 77 72.37%
0+ 0 nan nan -65.9578 -68.2827 nan 3.52%
0 0 -66.4980 6 -65.9578 Fract:1 86 0.82%
0 0 cutoff -65.9578 99 0.00% 0 0
CPXPARAM_MIP_Cuts_Gomory 0
33
Node Left Objective IInf Best_Integer Best_Bound ItCnt Gap
0+ 0 nan nan 16748.4512 -1674.8451 nan 110.00%
0+ 0 nan nan -180.4833 -1674.8451 nan 827.98%
0 0 -425.8102 14 -180.4833 -425.8102 120 135.93%
0+ 0 nan nan -362.2668 -425.8102 nan 17.54%
0 0 -425.0203 22 -362.2668 Fract:10 144 17.32%
0 0 -424.8278 26 -362.2668 Fract:14 168 17.27%
0 0 -424.4922 26 -362.2668 Fract:5 181 17.18%
0+ 0 nan nan -363.5477 -424.4922 nan 16.76%
0 0 -424.2876 29 -363.5477 Fract:24 210 16.71%
0 0 -424.1851 29 -363.5477 Fract:5 224 16.68%
0 0 -424.1544 28 -363.5477 Fract:2 231 16.67%
0+ 0 nan nan -416.5474 -424.1544 nan 1.83%
0 2 -424.1544 28 -416.5474 -424.1333 231 1.82%
CPXPARAM_MIP_Cuts_Gomory 23
34
Node Left Objective IInf Best_Integer Best_Bound ItCnt Gap
0+ 0 nan nan 19055.0102 -1905.5010 nan 110.00%
0+ 0 nan nan -113.0294 -1905.5010 nan ---
0 0 -121.1718 5 -113.0294 -121.1718 75 7.20%
0+ 0 nan nan -117.8797 -121.1718 nan 2.79%
0 0 -121.1718 10 -117.8797 Fract:5 92 2.79%
0+ 0 nan nan -119.8794 -121.1718 nan 1.08%
0 0 -121.1551 11 -119.8794 Fract:3 104 1.06%
0 0 -121.0629 12 -119.8794 Fract:5 111 0.99%
0+ 0 nan nan -120.8524 -121.0629 nan 0.17%
0 0 -121.0138 3 -120.8524 Fract:1 122 0.13%
0+ 0 nan nan -120.8524 -121.0138 nan 0.13%
0 0 -121.0138 3 -120.8524 -121.0138 200 0.13%
0 0 -120.8953 2 -120.8524 Fract:2 204 0.04%
0 0 cutoff -120.8524 208 0.00% 0 0
CPXPARAM_MIP_Cuts_Gomory 2
35
Node Left Objective IInf Best_Integer Best_Bound ItCnt Gap
0+ 0 nan nan 16780.9114 -1678.3241 nan 110.00%
0+ 0 nan nan -187.6361 -1678.3241 nan 794.46%
0 0 -420.9670 14 -187.6361 -420.9670 75 124.35%
0+ 0 nan nan -253.1346 -420.9670 nan 66.30%
0+ 0 nan nan -417.9530 -420.9670 nan 0.72%
0 0 -420.8922 17 -417.9530 Fract:5 101 0.70%
0 0 -420.5560 20 -417.9530 Fract:5 115 0.62%
0 0 -420.3742 18 -417.9530 Fract:5 122 0.58%
0 0 -420.2310 15 -417.9530 Fract:4 134 0.55%
0 0 -420.1967 18 -417.9530 Fract:7 145 0.54%
0+ 0 nan nan -417.9530 -420.1967 nan 0.54%
0 0 -418.0058 3 -417.9530 -418.0058 195 0.01%
0 0 cutoff -417.9530 200 0.00% 0 0
CPXPARAM_MIP_Cuts_Gomory 13
36
Node Left Objective IInf Best_Integer Best_Bound ItCnt Gap
0+ 0 nan nan 22941.7465 -2294.1747 nan 110.00%
0+ 0 nan nan -123.5349 -2294.1747 nan ---
0 0 -146.5944 12 -123.5349 -146.5944 96 18.67%
0 0 -145.3470 6 -123.5349 Fract:6 109 17.66%
0+ 0 nan nan -140.1787 -145.3470 nan 3.69%
0 0 -145.0145 6 -140.1787 Fract:3 114 3.45%
0 0 -144.3906 7 -140.1787 Fract:3 131 3.00%
0 0 -144.0482 5 -140.1787 Fract:2 140 2.76%
0 0 -143.9347 6 -140.1787 Fract:5 151 2.68%
0 2 -143.7662 5 -140.1787 -143.7167 151 2.52%
CPXPARAM_MIP_Cuts_Gomory 7
37
Node Left Objective IInf Best_Integer Best_Bound ItCnt Gap
0+ 0 nan nan 22253.7712 -2225.3771 nan 110.00%
0+ 0 nan nan -192.7597 -2225.3771 nan ---
0 0 -583.6149 25 -192.7597 -583.6149 103 202.77%
0+ 0 nan nan -350.5396 -583.6149 nan 66.49%
0 0 -581.8257 25 -350.5396 Fract:7 119 65.98%
0 0 -580.4073 28 -350.5396 Fract:8 136 65.58%
0 0 -579.4310 24 -350.5396 Fract:3 146 65.30%
0 0 -579.0639 25 -350.5396 Fract:5 160 65.19%
0+ 0 nan nan -355.1572 -579.0639 nan 63.04%
0 0 -578.8636 24 -355.1572 Fract:3 172 62.99%
0 0 -578.8134 26 -355.1572 Fract:2 178 62.97%
0+ 0 nan nan -491.9491 -578.8134 nan 17.66%
0+ 0 nan nan -561.9389 -578.8134 nan 3.00%
0+ 0 nan nan -564.1013 -578.8134 nan 2.61%
0 2 -578.8134 26 -564.1013 -578.8125 178 2.61%
CPXPARAM_MIP_Cuts_Gomory 9
38
Node Left Objective IInf Best_Integer Best_Bound ItCnt Gap
0+ 0 nan nan 19121.8104 -1912.4176 nan 110.00%
0+ 0 nan nan -95.8861 -1912.4176 nan ---
0 0 -109.3384 7 -95.8861 -109.3384 75 14.03%
0+ 0 nan nan -109.3384 -109.3384 nan 0.00%
0 0 cutoff -109.3384 -109.3384 75 0.00% 0
CPXPARAM_MIP_Cuts_Gomory 0
39
Node Left Objective IInf Best_Integer Best_Bound ItCnt Gap
0+ 0 nan nan 22617.4474 -2261.8298 nan 110.00%
0+ 0 nan nan -361.4650 -2261.8298 nan 525.74%
0 0 -588.7435 24 -361.4650 -588.7435 97 62.88%
0+ 0 nan nan -434.4180 -588.7435 nan 35.52%
0 0 -586.7701 21 -434.4180 Fract:6 116 35.07%
0 0 -586.0450 22 -434.4180 Fract:4 126 34.90%
0 0 -585.4891 23 -434.4180 Fract:3 137 34.78%
0 0 -584.8497 21 -434.4180 Fract:4 155 34.63%
0 0 -584.6127 25 -434.4180 Fract:2 181 34.57%
0 0 -584.4999 24 -434.4180 Fract:1 185 34.55%
0 0 -584.4451 24 -434.4180 Fract:1 196 34.54%
0 0 -584.3965 24 -434.4180 Fract:1 204 34.52%
0 0 -584.3891 26 -434.4180 Fract:2 211 34.52%
0+ 0 nan nan -573.8440 -584.3891 nan 1.84%
0 2 -584.3891 26 -573.8440 -584.2484 211 1.81%
CPXPARAM_MIP_Cuts_Gomory 11
