0
Node Left Objective IInf Best_Integer Best_Bound ItCnt Gap
0+ 0 nan nan 360.0000 -360.0000 nan 200.00%
0 0 33.3849 18 360.0000 33.3849 115 90.73%
0+ 0 nan nan 96.7438 33.3849 nan 65.49%
0 0 34.2637 22 96.7438 Cuts:20 142 64.58%
0+ 0 nan nan 78.9648 34.2637 nan 56.61%
0 0 35.6417 20 78.9648 Cuts:29 162 54.86%
0+ 0 nan nan 69.0776 35.6417 nan 48.40%
0 0 36.0093 23 69.0776 Cuts:29 181 47.87%
0 0 36.3493 31 69.0776 Cuts:27 220 47.38%
0 0 36.5440 32 69.0776 Cuts:30 242 47.10%
0 0 37.0044 26 69.0776 Cuts:21 279 46.43%
0 0 37.2596 27 69.0776 Cuts:32 297 46.06%
0 0 37.3270 28 69.0776 Cuts:27 320 45.96%
0 0 37.4727 27 69.0776 LiftProj:23 348 45.75%
0 0 37.5392 29 69.0776 Cuts:26 358 45.66%
0 0 37.6943 32 69.0776 Cuts:22 373 45.43%
0 0 38.0201 32 69.0776 Cuts:22 389 44.96%
0 0 38.1276 31 69.0776 LiftProj:21 398 44.80%
0 0 38.3203 31 69.0776 LiftProj:24 420 44.53%
0 0 38.4031 28 69.0776 Cuts:28 434 44.41%
0 0 38.5191 31 69.0776 LiftProj:20 441 44.24%
0 0 38.9530 28 69.0776 LiftProj:21 468 43.61%
0 0 39.1269 31 69.0776 LiftProj:19 489 43.36%
0 0 39.2258 32 69.0776 LiftProj:22 504 43.21%
0 0 39.4403 33 69.0776 LiftProj:23 543 42.90%
0 0 39.5262 32 69.0776 LiftProj:23 567 42.78%
0 0 39.5320 33 69.0776 LiftProj:16 577 42.77%
0 0 39.5520 33 69.0776 Cuts:17 598 42.74%
0 0 39.5708 36 69.0776 LiftProj:32 611 42.72%
0 0 39.7000 29 69.0776 LiftProj:20 634 42.53%
0 0 39.7246 32 69.0776 LiftProj:46 649 42.49%
0 0 39.7690 32 69.0776 LiftProj:22 667 42.43%
0 0 39.8228 37 69.0776 LiftProj:27 681 42.35%
0 0 39.9109 35 69.0776 LiftProj:16 719 42.22%
0 0 39.9157 36 69.0776 LiftProj:25 734 42.22%
0+ 0 nan nan 61.0503 39.9157 nan 34.62%
0 2 39.9157 32 61.0503 39.9390 734 34.58%
CPXPARAM_MIP_Cuts_FlowCovers-Gomory-LiftProj:FlowCovers 0
CPXPARAM_MIP_Cuts_FlowCovers-Gomory-LiftProj:Gomory 29
CPXPARAM_MIP_Cuts_FlowCovers-Gomory-LiftProj:LiftProj 0
1
Node Left Objective IInf Best_Integer Best_Bound ItCnt Gap
0+ 0 nan nan 360.0000 -360.0000 nan 200.00%
0 0 -0.0000 24 360.0000 -0.0000 121 100.00%
0+ 0 nan nan 32.3215 0.0000 nan 100.00%
0 2 0.0000 19 32.3215 0.0000 121 100.00%
CPXPARAM_MIP_Cuts_FlowCovers-Gomory-LiftProj:FlowCovers 0
CPXPARAM_MIP_Cuts_FlowCovers-Gomory-LiftProj:Gomory 0
CPXPARAM_MIP_Cuts_FlowCovers-Gomory-LiftProj:LiftProj 0
2
Node Left Objective IInf Best_Integer Best_Bound ItCnt Gap
0+ 0 nan nan 450.0000 -450.0000 nan 200.00%
0 0 24.3849 16 450.0000 24.3849 114 94.58%
0+ 0 nan nan 77.4880 24.3849 nan 68.53%
0 0 25.3112 25 77.4880 Cuts:21 151 67.34%
0+ 0 nan nan 62.5858 25.3112 nan 59.56%
0 0 25.6681 26 62.5858 Cuts:16 161 58.99%
0+ 0 nan nan 62.3744 25.6681 nan 58.85%
0 0 26.0636 23 62.3744 Cuts:20 176 58.21%
0+ 0 nan nan 61.8311 26.0636 nan 57.85%
0 0 26.2714 25 61.8311 Cuts:16 186 57.51%
0 0 26.5476 26 61.8311 Cuts:14 200 57.06%
0 0 26.6792 29 61.8311 Cuts:19 209 56.85%
0 0 27.1285 28 61.8311 LiftProj:15 232 56.12%
0 0 27.2510 23 61.8311 Cuts:16 246 55.93%
0 0 27.3271 25 61.8311 LiftProj:19 256 55.80%
0 0 27.5306 30 61.8311 Cuts:22 269 55.47%
0 0 27.7513 32 61.8311 Cuts:19 287 55.12%
0 0 28.1552 32 61.8311 LiftProj:10 302 54.46%
0 0 28.6991 32 61.8311 LiftProj:16 315 53.58%
0 0 29.5861 31 61.8311 LiftProj:15 331 52.15%
0 0 30.1467 31 61.8311 LiftProj:16 351 51.24%
0 0 30.5720 31 61.8311 Cuts:20 374 50.56%
0 0 30.7686 31 61.8311 LiftProj:14 384 50.24%
0 0 30.9588 33 61.8311 Cuts:19 397 49.93%
0 0 31.3081 30 61.8311 LiftProj:14 422 49.37%
0 0 31.5127 32 61.8311 LiftProj:7 432 49.03%
0 0 31.6737 31 61.8311 LiftProj:11 444 48.77%
0 0 31.7633 31 61.8311 LiftProj:15 452 48.63%
0 0 31.8538 32 61.8311 LiftProj:19 460 48.48%
0 0 32.1204 32 61.8311 LiftProj:13 473 48.05%
0 0 32.2223 32 61.8311 LiftProj:11 482 47.89%
0 0 32.4275 32 61.8311 LiftProj:8 496 47.55%
0 0 32.6226 31 61.8311 LiftProj:12 513 47.24%
0 0 32.6803 32 61.8311 LiftProj:11 531 47.15%
0 0 32.7689 32 61.8311 LiftProj:11 543 47.00%
0 0 32.8046 32 61.8311 LiftProj:11 554 46.94%
0 0 32.9247 31 61.8311 LiftProj:11 568 46.75%
0 0 32.9671 32 61.8311 LiftProj:5 577 46.68%
0 0 33.0510 32 61.8311 LiftProj:7 592 46.55%
0 0 33.1092 31 61.8311 LiftProj:8 606 46.45%
0 0 33.1644 32 61.8311 LiftProj:13 615 46.36%
0 0 33.2006 32 61.8311 LiftProj:9 626 46.30%
0 0 33.2251 32 61.8311 LiftProj:10 635 46.26%
0 0 33.2595 32 61.8311 LiftProj:4 641 46.21%
0 0 33.3288 32 61.8311 LiftProj:8 658 46.10%
0 0 33.3697 32 61.8311 LiftProj:8 668 46.03%
0 0 33.3968 32 61.8311 LiftProj:8 678 45.99%
0 0 33.4327 31 61.8311 LiftProj:10 689 45.93%
0 0 33.4416 32 61.8311 LiftProj:9 699 45.91%
0 0 33.4500 33 61.8311 LiftProj:7 707 45.90%
0+ 0 nan nan 45.1778 33.4500 nan 25.96%
0 2 33.4500 32 45.1778 33.4528 707 25.95%
CPXPARAM_MIP_Cuts_FlowCovers-Gomory-LiftProj:FlowCovers 0
CPXPARAM_MIP_Cuts_FlowCovers-Gomory-LiftProj:Gomory 43
CPXPARAM_MIP_Cuts_FlowCovers-Gomory-LiftProj:LiftProj 0
3
Node Left Objective IInf Best_Integer Best_Bound ItCnt Gap
0+ 0 nan nan 330.0000 -330.0000 nan 200.00%
0 0 -0.0000 24 330.0000 -0.0000 119 100.00%
0+ 0 nan nan 55.2731 0.0000 nan 100.00%
0 0 0.0000 19 55.2731 Cuts:4 138 100.00%
0 0 0.0000 21 55.2731 Cuts:14 167 100.00%
0+ 0 nan nan 33.4766 0.0000 nan 100.00%
0+ 0 nan nan 30.7162 0.0000 nan 100.00%
0+ 0 nan nan 20.8112 0.0000 nan 100.00%
0+ 0 nan nan 20.0185 0.0000 nan 100.00%
0 2 0.0000 19 20.0185 0.0000 167 100.00%
CPXPARAM_MIP_Cuts_FlowCovers-Gomory-LiftProj:FlowCovers 0
CPXPARAM_MIP_Cuts_FlowCovers-Gomory-LiftProj:Gomory 0
CPXPARAM_MIP_Cuts_FlowCovers-Gomory-LiftProj:LiftProj 0
4
Node Left Objective IInf Best_Integer Best_Bound ItCnt Gap
0+ 0 nan nan 360.0000 -360.0000 nan 200.00%
0 0 43.8454 15 360.0000 43.8454 120 87.82%
0+ 0 nan nan 75.9975 43.8454 nan 42.31%
0 0 43.9072 21 75.9975 Cuts:12 150 42.23%
0+ 0 nan nan 75.3543 43.9072 nan 41.73%
0 0 44.5004 21 75.3543 Cuts:25 172 40.95%
0+ 0 nan nan 66.5980 44.5004 nan 33.18%
0 0 44.6612 31 66.5980 Cuts:32 209 32.94%
0 0 44.8759 33 66.5980 Cuts:37 239 32.62%
0 0 44.9215 32 66.5980 Cuts:15 253 32.55%
0+ 0 nan nan 65.7764 44.9215 nan 31.71%
0 0 45.1166 35 65.7764 Cuts:14 279 31.41%
0 0 45.3765 32 65.7764 Cuts:18 301 31.01%
0 0 45.4199 32 65.7764 LiftProj:15 318 30.95%
0 0 45.5033 33 65.7764 Cuts:19 332 30.82%
0 0 45.5851 34 65.7764 LiftProj:16 351 30.70%
0 0 45.7166 35 65.7764 Cuts:16 364 30.50%
0 0 45.7486 33 65.7764 Cuts:15 371 30.45%
0 0 45.9946 34 65.7764 LiftProj:15 386 30.07%
0 0 46.0262 36 65.7764 LiftProj:13 405 30.03%
0 0 46.0501 36 65.7764 LiftProj:13 415 29.99%
0 0 46.1565 37 65.7764 LiftProj:18 430 29.83%
0 0 46.1785 38 65.7764 LiftProj:15 437 29.79%
0 0 46.2596 36 65.7764 LiftProj:13 455 29.67%
0 0 46.3273 38 65.7764 LiftProj:14 469 29.57%
0 0 46.4236 38 65.7764 LiftProj:15 483 29.42%
0 0 46.5994 38 65.7764 LiftProj:13 499 29.15%
0 0 46.6899 39 65.7764 LiftProj:11 512 29.02%
0 0 46.7903 38 65.7764 Cuts:13 529 28.86%
0 0 46.8096 39 65.7764 LiftProj:12 536 28.84%
0 0 46.8296 37 65.7764 LiftProj:7 545 28.80%
0 0 46.8568 39 65.7764 LiftProj:14 551 28.76%
0 0 46.8863 38 65.7764 LiftProj:10 565 28.72%
0 0 46.9098 39 65.7764 LiftProj:11 570 28.68%
0 0 46.9393 38 65.7764 LiftProj:13 577 28.64%
0 0 46.9583 38 65.7764 LiftProj:8 585 28.61%
0 0 46.9674 39 65.7764 LiftProj:6 593 28.60%
0 0 46.9802 39 65.7764 LiftProj:9 598 28.58%
0+ 0 nan nan 55.3179 46.9802 nan 15.07%
0 2 47.2151 29 55.3179 47.2258 598 14.63%
CPXPARAM_MIP_Cuts_FlowCovers-Gomory-LiftProj:FlowCovers 0
CPXPARAM_MIP_Cuts_FlowCovers-Gomory-LiftProj:Gomory 36
CPXPARAM_MIP_Cuts_FlowCovers-Gomory-LiftProj:LiftProj 0
5
Node Left Objective IInf Best_Integer Best_Bound ItCnt Gap
0+ 0 nan nan 390.0000 -390.0000 nan 200.00%
0 0 0.0000 25 390.0000 0.0000 141 100.00%
0+ 0 nan nan 28.0320 0.0000 nan 100.00%
0 0 0.0000 20 28.0320 Fract:2 148 100.00%
0 0 0.0000 20 28.0320 Cuts:17 167 100.00%
0+ 0 nan nan 24.4964 0.0000 nan 100.00%
0+ 0 nan nan 22.5211 0.0000 nan 100.00%
0+ 0 nan nan 19.1376 0.0000 nan 100.00%
0 2 0.0000 19 19.1376 0.0000 167 100.00%
CPXPARAM_MIP_Cuts_FlowCovers-Gomory-LiftProj:FlowCovers 0
CPXPARAM_MIP_Cuts_FlowCovers-Gomory-LiftProj:Gomory 0
CPXPARAM_MIP_Cuts_FlowCovers-Gomory-LiftProj:LiftProj 1
6
Node Left Objective IInf Best_Integer Best_Bound ItCnt Gap
0+ 0 nan nan 360.0000 -360.0000 nan 200.00%
0+ 0 nan nan 70.1893 -360.0000 nan 612.90%
0 0 43.8454 11 70.1893 43.8454 108 37.53%
0+ 0 nan nan 51.9567 43.8454 nan 15.61%
0 0 43.8454 13 51.9567 Cuts:12 130 15.61%
0 0 44.0962 17 51.9567 Cuts:10 164 15.13%
0 0 44.4262 25 51.9567 Cuts:10 177 14.49%
0 0 44.6520 25 51.9567 Cuts:16 190 14.06%
0 0 44.6937 24 51.9567 Cuts:10 196 13.98%
0 0 44.7973 25 51.9567 Cuts:16 215 13.78%
0 0 44.9295 27 51.9567 Cuts:14 233 13.53%
0 0 45.0804 26 51.9567 Cuts:12 252 13.23%
0 0 45.1788 28 51.9567 LiftProj:12 261 13.05%
0 0 45.2040 30 51.9567 LiftProj:14 269 13.00%
0 0 45.2278 28 51.9567 LiftProj:15 281 12.95%
0 0 45.2855 27 51.9567 Cuts:26 291 12.84%
0 0 45.4066 29 51.9567 Cuts:16 307 12.61%
0 0 45.4685 30 51.9567 Cuts:21 315 12.49%
0 0 45.5264 32 51.9567 Cuts:20 325 12.38%
0 0 45.6588 32 51.9567 LiftProj:10 335 12.12%
0 0 45.7147 32 51.9567 LiftProj:17 344 12.01%
0 0 45.7795 32 51.9567 LiftProj:12 352 11.89%
0 0 45.8957 33 51.9567 LiftProj:11 362 11.67%
0 0 45.9369 31 51.9567 LiftProj:10 372 11.59%
0 0 45.9404 31 51.9567 LiftProj:18 375 11.58%
0+ 0 nan nan 51.9567 45.9404 nan 11.58%
0 0 46.7879 10 51.9567 46.7879 478 9.95%
0 0 47.2741 10 51.9567 Cuts:17 492 9.01%
0 0 47.4877 10 51.9567 Cuts:13 507 8.60%
0+ 0 nan nan 51.1567 47.4877 nan 7.17%
0 0 47.6019 10 51.1567 Cuts:22 518 6.95%
0+ 0 nan nan 51.1055 47.6019 nan 6.86%
0 0 47.6681 10 51.1055 Cuts:13 531 6.73%
0 0 47.7461 10 51.1055 LiftProj:8 541 6.57%
0 0 47.7926 10 51.1055 LiftProj:8 549 6.48%
0 0 47.8593 10 51.1055 Cuts:12 563 6.35%
0 0 47.8906 10 51.1055 LiftProj:13 570 6.29%
0 0 47.8992 10 51.1055 LiftProj:7 574 6.27%
0 0 48.0051 10 51.1055 LiftProj:8 592 6.07%
0+ 0 nan nan 50.4435 48.0051 nan 4.83%
0 0 48.0572 10 50.4435 Cuts:17 601 4.73%
0 0 48.0917 10 50.4435 LiftProj:9 613 4.66%
0+ 0 nan nan 49.2391 48.0917 nan 2.33%
0 0 48.1033 10 49.2391 LiftProj:9 620 2.31%
0 0 48.1097 10 49.2391 LiftProj:10 628 2.29%
0 0 48.1551 10 49.2391 LiftProj:8 637 2.20%
0 0 48.2356 10 49.2391 LiftProj:9 651 2.04%
0 0 48.3013 10 49.2391 LiftProj:11 661 1.90%
0 0 48.4435 10 49.2391 LiftProj:8 674 1.62%
0 0 48.5753 10 49.2391 LiftProj:7 685 1.35%
0 0 48.6049 11 49.2391 LiftProj:11 693 1.29%
0 0 48.6138 11 49.2391 LiftProj:11 699 1.27%
0 2 48.7974 7 49.2391 48.8423 699 0.81%
CPXPARAM_MIP_Cuts_FlowCovers-Gomory-LiftProj:FlowCovers 0
CPXPARAM_MIP_Cuts_FlowCovers-Gomory-LiftProj:Gomory 24
CPXPARAM_MIP_Cuts_FlowCovers-Gomory-LiftProj:LiftProj 0
7
Node Left Objective IInf Best_Integer Best_Bound ItCnt Gap
0+ 0 nan nan 390.0000 -390.0000 nan 200.00%
0+ 0 nan nan 68.7303 -390.0000 nan 667.44%
0 0 -0.0000 21 68.7303 -0.0000 127 100.00%
0+ 0 nan nan 20.8747 0.0000 nan 100.00%
0+ 0 nan nan 12.4128 0.0000 nan 100.00%
0+ 0 nan nan 11.8788 0.0000 nan 100.00%
0 2 0.0000 14 11.8788 0.0000 127 100.00%
CPXPARAM_MIP_Cuts_FlowCovers-Gomory-LiftProj:FlowCovers 0
CPXPARAM_MIP_Cuts_FlowCovers-Gomory-LiftProj:Gomory 0
CPXPARAM_MIP_Cuts_FlowCovers-Gomory-LiftProj:LiftProj 0
8
Node Left Objective IInf Best_Integer Best_Bound ItCnt Gap
0+ 0 nan nan 420.0000 -420.0000 nan 200.00%
0 0 56.1710 16 420.0000 56.1710 111 86.63%
0+ 0 nan nan 105.5506 56.1710 nan 46.78%
0 0 56.1751 18 105.5506 Cuts:21 137 46.78%
0+ 0 nan nan 105.3044 56.1751 nan 46.65%
0 0 56.7200 22 105.3044 Cuts:18 154 46.14%
0+ 0 nan nan 79.4556 56.7200 nan 28.61%
0 0 57.0815 29 79.4556 Cuts:20 171 28.16%
0 0 57.2545 32 79.4556 Cuts:26 189 27.94%
0 0 57.2714 30 79.4556 Cuts:14 203 27.92%
0 0 57.3266 30 79.4556 Cuts:23 220 27.85%
0 0 57.3536 34 79.4556 Cuts:21 237 27.82%
0 0 57.3939 35 79.4556 Cuts:19 255 27.77%
0 0 57.4808 35 79.4556 Cuts:18 277 27.66%
0 0 57.4941 35 79.4556 LiftProj:16 286 27.64%
0 0 57.5639 32 79.4556 Cuts:18 303 27.55%
0 0 57.6241 37 79.4556 Cuts:21 317 27.48%
0+ 0 nan nan 76.7492 57.6241 nan 24.92%
0 0 57.6754 35 76.7492 LiftProj:18 324 24.85%
0 0 57.7098 36 76.7492 Cuts:16 335 24.81%
0 0 57.7958 35 76.7492 Cuts:15 349 24.70%
0 0 57.8292 36 76.7492 LiftProj:13 357 24.65%
0 0 57.8522 35 76.7492 LiftProj:14 360 24.62%
0 0 58.1017 37 76.7492 Cuts:17 383 24.30%
0 0 58.3257 35 76.7492 Cuts:19 409 24.00%
0 0 58.3569 35 76.7492 LiftProj:13 415 23.96%
0 0 58.4385 35 76.7492 LiftProj:14 427 23.86%
0 0 58.4519 37 76.7492 LiftProj:10 430 23.84%
0 0 58.5013 35 76.7492 LiftProj:13 442 23.78%
0 0 58.5120 35 76.7492 LiftProj:14 446 23.76%
0 0 58.5196 36 76.7492 LiftProj:8 450 23.75%
0+ 0 nan nan 67.9166 58.5196 nan 13.84%
0 2 58.6352 34 67.9166 58.6562 450 13.64%
CPXPARAM_MIP_Cuts_FlowCovers-Gomory-LiftProj:FlowCovers 0
CPXPARAM_MIP_Cuts_FlowCovers-Gomory-LiftProj:Gomory 34
CPXPARAM_MIP_Cuts_FlowCovers-Gomory-LiftProj:LiftProj 2
9
Node Left Objective IInf Best_Integer Best_Bound ItCnt Gap
0+ 0 nan nan 420.0000 -420.0000 nan 200.00%
0 0 0.0000 26 420.0000 0.0000 132 100.00%
0+ 0 nan nan 90.5377 0.0000 nan 100.00%
0 0 -0.0000 26 90.5377 Cuts:3 136 100.00%
0+ 0 nan nan 69.6581 0.0000 nan 100.00%
0 0 0.0000 26 69.6581 Cuts:9 173 100.00%
0+ 0 nan nan 67.5722 0.0000 nan 100.00%
0+ 0 nan nan 63.1412 0.0000 nan 100.00%
0+ 0 nan nan 57.3464 0.0000 nan 100.00%
0+ 0 nan nan 35.4213 0.0000 nan 100.00%
0 2 0.0000 25 35.4213 0.0000 173 100.00%
CPXPARAM_MIP_Cuts_FlowCovers-Gomory-LiftProj:FlowCovers 0
CPXPARAM_MIP_Cuts_FlowCovers-Gomory-LiftProj:Gomory 0
CPXPARAM_MIP_Cuts_FlowCovers-Gomory-LiftProj:LiftProj 0
10
Node Left Objective IInf Best_Integer Best_Bound ItCnt Gap
0+ 0 nan nan 570.0000 -570.0000 nan 200.00%
0 0 41.1710 16 570.0000 41.1710 125 92.78%
0+ 0 nan nan 102.1758 41.1710 nan 59.71%
0 0 41.1710 13 102.1758 Cuts:5 136 59.71%
0+ 0 nan nan 99.0749 41.1710 nan 58.44%
0 0 41.3166 17 99.0749 Cuts:17 164 58.30%
0 0 42.4097 22 99.0749 Cuts:21 176 57.19%
0 0 42.9108 25 99.0749 Cuts:15 185 56.69%
0+ 0 nan nan 84.9732 42.9108 nan 49.50%
0 0 43.5784 27 84.9732 Cuts:15 202 48.72%
0 0 43.8765 29 84.9732 Cuts:15 218 48.36%
0 0 44.0766 31 84.9732 Cuts:19 233 48.13%
0 0 44.3433 29 84.9732 Cuts:18 255 47.82%
0 0 44.5681 30 84.9732 LiftProj:14 266 47.55%
0 0 44.6581 31 84.9732 LiftProj:19 271 47.44%
0 0 44.8349 29 84.9732 LiftProj:14 283 47.24%
0 0 45.1683 31 84.9732 LiftProj:13 291 46.84%
0 0 45.9647 32 84.9732 LiftProj:16 314 45.91%
0 0 46.5779 33 84.9732 LiftProj:17 329 45.19%
0 0 47.3414 33 84.9732 LiftProj:13 349 44.29%
0 0 47.6353 31 84.9732 LiftProj:13 361 43.94%
0 0 47.8409 33 84.9732 LiftProj:17 371 43.70%
0+ 0 nan nan 84.0135 47.8409 nan 43.06%
0 0 48.0149 33 84.0135 LiftProj:16 383 42.85%
0 0 48.2422 33 84.0135 LiftProj:14 398 42.58%
0 0 48.7440 31 84.0135 LiftProj:19 423 41.98%
0 0 48.7906 33 84.0135 LiftProj:11 439 41.93%
0 0 48.9972 31 84.0135 Cuts:13 457 41.68%
0 0 49.0182 32 84.0135 LiftProj:13 463 41.65%
0 0 49.2363 32 84.0135 LiftProj:9 480 41.39%
0 0 49.4131 32 84.0135 LiftProj:8 491 41.18%
0 0 49.4577 33 84.0135 LiftProj:10 495 41.13%
0 0 49.7307 31 84.0135 LiftProj:17 512 40.81%
0 0 49.7583 32 84.0135 LiftProj:8 522 40.77%
0 0 49.8498 32 84.0135 LiftProj:9 535 40.66%
0 0 50.0407 31 84.0135 LiftProj:5 546 40.44%
0 0 50.1007 33 84.0135 LiftProj:17 557 40.37%
0 0 50.2801 32 84.0135 LiftProj:7 577 40.15%
0 0 50.3028 32 84.0135 LiftProj:5 588 40.13%
0 0 50.3430 31 84.0135 LiftProj:8 602 40.08%
0 0 50.3442 33 84.0135 LiftProj:7 607 40.08%
0 0 50.3863 33 84.0135 LiftProj:8 620 40.03%
0 0 50.4069 33 84.0135 LiftProj:5 632 40.00%
0 0 50.4208 33 84.0135 LiftProj:6 643 39.98%
0+ 0 nan nan 63.3159 50.4208 nan 20.37%
0 2 50.4208 33 63.3159 50.4253 643 20.36%
CPXPARAM_MIP_Cuts_FlowCovers-Gomory-LiftProj:FlowCovers 0
CPXPARAM_MIP_Cuts_FlowCovers-Gomory-LiftProj:Gomory 40
CPXPARAM_MIP_Cuts_FlowCovers-Gomory-LiftProj:LiftProj 0
11
Node Left Objective IInf Best_Integer Best_Bound ItCnt Gap
0+ 0 nan nan 450.0000 -450.0000 nan 200.00%
0 0 0.0000 22 450.0000 0.0000 134 100.00%
0+ 0 nan nan 71.7694 0.0000 nan 100.00%
0 0 0.0000 19 71.7694 Fract:3 142 100.00%
0+ 0 nan nan 20.3616 0.0000 nan 100.00%
0 0 0.0000 20 20.3616 Cuts:11 180 100.00%
0 0 0.0000 20 20.3616 Cuts:12 196 100.00%
0+ 0 nan nan 17.9448 0.0000 nan 100.00%
0 2 0.0000 17 17.9448 0.0000 196 100.00%
CPXPARAM_MIP_Cuts_FlowCovers-Gomory-LiftProj:FlowCovers 0
CPXPARAM_MIP_Cuts_FlowCovers-Gomory-LiftProj:Gomory 0
CPXPARAM_MIP_Cuts_FlowCovers-Gomory-LiftProj:LiftProj 3
12
Node Left Objective IInf Best_Integer Best_Bound ItCnt Gap
0+ 0 nan nan 450.0000 -450.0000 nan 200.00%
0 0 34.1191 18 450.0000 34.1191 110 92.42%
0+ 0 nan nan 93.2111 34.1191 nan 63.40%
0 0 34.9033 19 93.2111 Cuts:14 139 62.55%
0+ 0 nan nan 77.3444 34.9033 nan 54.87%
0 0 35.7347 18 77.3444 Cuts:28 162 53.80%
0+ 0 nan nan 69.5945 35.7347 nan 48.65%
0 0 36.5066 25 69.5945 Cuts:27 180 47.54%
0 0 37.0180 26 69.5945 Cuts:29 200 46.81%
0 0 37.2933 30 69.5945 Cuts:22 221 46.41%
0 0 37.3901 31 69.5945 LiftProj:20 237 46.27%
0 0 37.5011 34 69.5945 LiftProj:20 256 46.11%
0 0 37.6159 36 69.5945 LiftProj:16 262 45.95%
0 0 38.5764 35 69.5945 LiftProj:16 283 44.57%
0 0 38.9460 31 69.5945 Cuts:15 301 44.04%
0 0 39.0892 35 69.5945 LiftProj:21 321 43.83%
0 0 39.1546 36 69.5945 Cuts:23 345 43.74%
0 0 39.1790 37 69.5945 LiftProj:21 357 43.70%
0 0 39.3500 37 69.5945 LiftProj:16 379 43.46%
0 0 39.4603 38 69.5945 LiftProj:21 390 43.30%
0 0 39.5870 39 69.5945 LiftProj:15 398 43.12%
0 0 40.2238 34 69.5945 LiftProj:15 422 42.20%
0 0 40.2836 37 69.5945 LiftProj:20 434 42.12%
0 0 40.5120 37 69.5945 LiftProj:14 451 41.79%
0 0 40.6491 36 69.5945 LiftProj:13 464 41.59%
0 0 40.7866 38 69.5945 LiftProj:19 474 41.39%
0 0 40.8190 38 69.5945 LiftProj:18 481 41.35%
0 0 40.9409 39 69.5945 LiftProj:15 494 41.17%
0 0 41.0444 39 69.5945 LiftProj:14 502 41.02%
0 0 41.1416 38 69.5945 LiftProj:16 515 40.88%
0 0 41.1805 39 69.5945 LiftProj:14 525 40.83%
0 0 41.2296 39 69.5945 LiftProj:10 534 40.76%
0 0 41.3557 39 69.5945 LiftProj:14 546 40.58%
0 0 41.5416 37 69.5945 LiftProj:15 567 40.31%
0 0 41.6494 38 69.5945 LiftProj:14 588 40.15%
0 0 41.7080 38 69.5945 LiftProj:15 600 40.07%
0 0 41.7247 38 69.5945 LiftProj:16 609 40.05%
0 0 41.7795 39 69.5945 LiftProj:14 616 39.97%
0 0 41.7971 39 69.5945 LiftProj:14 624 39.94%
0 0 41.9006 38 69.5945 LiftProj:16 636 39.79%
0 0 41.9278 39 69.5945 LiftProj:12 645 39.75%
0 0 41.9894 38 69.5945 LiftProj:13 658 39.67%
0 0 42.1016 38 69.5945 LiftProj:17 676 39.50%
0 0 42.1223 39 69.5945 LiftProj:13 687 39.47%
0 0 42.1986 38 69.5945 LiftProj:17 699 39.36%
0 0 42.2179 37 69.5945 LiftProj:14 710 39.34%
0 0 42.2454 37 69.5945 LiftProj:14 717 39.30%
0 0 42.2805 38 69.5945 LiftProj:15 733 39.25%
0 0 42.3362 37 69.5945 LiftProj:13 741 39.17%
0 0 42.3435 39 69.5945 LiftProj:15 745 39.16%
0 0 42.3708 39 69.5945 LiftProj:14 753 39.12%
0 0 42.4201 38 69.5945 LiftProj:12 771 39.05%
0 0 42.4375 38 69.5945 LiftProj:14 783 39.02%
0+ 0 nan nan 61.0161 42.4375 nan 30.45%
0 2 42.4375 38 61.0161 42.4503 783 30.43%
CPXPARAM_MIP_Cuts_FlowCovers-Gomory-LiftProj:FlowCovers 0
CPXPARAM_MIP_Cuts_FlowCovers-Gomory-LiftProj:Gomory 43
CPXPARAM_MIP_Cuts_FlowCovers-Gomory-LiftProj:LiftProj 0
13
Node Left Objective IInf Best_Integer Best_Bound ItCnt Gap
0+ 0 nan nan 390.0000 -390.0000 nan 200.00%
0 0 0.0000 26 390.0000 0.0000 142 100.00%
0+ 0 nan nan 72.2076 0.0000 nan 100.00%
0+ 0 nan nan 63.2676 0.0000 nan 100.00%
0+ 0 nan nan 54.5969 0.0000 nan 100.00%
0+ 0 nan nan 19.6266 0.0000 nan 100.00%
0 2 0.0000 25 19.6266 0.0000 142 100.00%
CPXPARAM_MIP_Cuts_FlowCovers-Gomory-LiftProj:FlowCovers 0
CPXPARAM_MIP_Cuts_FlowCovers-Gomory-LiftProj:Gomory 0
CPXPARAM_MIP_Cuts_FlowCovers-Gomory-LiftProj:LiftProj 0
14
Node Left Objective IInf Best_Integer Best_Bound ItCnt Gap
0+ 0 nan nan 480.0000 -480.0000 nan 200.00%
0 0 31.1191 15 480.0000 31.1191 124 93.52%
0+ 0 nan nan 61.8842 31.1191 nan 49.71%
0 0 31.1191 16 61.8842 Cuts:7 146 49.71%
0 0 32.3208 24 61.8842 Cuts:19 171 47.77%
0 0 33.1219 24 61.8842 Cuts:16 183 46.48%
0 0 33.5451 22 61.8842 Cuts:14 203 45.79%
0 0 33.7330 24 61.8842 Cuts:19 215 45.49%
0 0 33.8729 27 61.8842 Cuts:24 236 45.26%
0 0 33.9622 27 61.8842 LiftProj:11 247 45.12%
0 0 34.0310 28 61.8842 LiftProj:17 258 45.01%
0 0 34.1205 25 61.8842 LiftProj:11 273 44.86%
0 0 34.3349 29 61.8842 Cuts:17 295 44.52%
0 0 34.4664 31 61.8842 Cuts:18 305 44.31%
0 0 34.6558 30 61.8842 LiftProj:12 318 44.00%
0 0 35.2350 31 61.8842 LiftProj:15 335 43.06%
0 0 35.4484 30 61.8842 LiftProj:14 351 42.72%
0 0 35.5678 31 61.8842 LiftProj:14 362 42.53%
0 0 35.7144 32 61.8842 LiftProj:8 371 42.29%
0 0 35.9556 30 61.8842 Cuts:21 386 41.90%
0 0 36.0327 32 61.8842 LiftProj:12 401 41.77%
0 0 36.3898 33 61.8842 LiftProj:13 421 41.20%
0 0 37.1340 29 61.8842 LiftProj:13 443 39.99%
0 0 37.2373 32 61.8842 LiftProj:9 458 39.83%
0 0 37.3791 33 61.8842 LiftProj:9 472 39.60%
0 0 37.8659 30 61.8842 LiftProj:11 491 38.81%
0 0 38.0726 31 61.8842 LiftProj:12 501 38.48%
0 0 38.2008 31 61.8842 LiftProj:9 515 38.27%
0 0 38.3377 31 61.8842 LiftProj:12 539 38.05%
0 0 38.3934 30 61.8842 LiftProj:11 550 37.96%
0 0 38.4204 32 61.8842 LiftProj:10 563 37.92%
0 0 38.4514 32 61.8842 LiftProj:8 569 37.87%
0 0 38.4890 32 61.8842 LiftProj:8 576 37.80%
0 0 38.5387 31 61.8842 LiftProj:10 597 37.72%
0 0 38.5564 33 61.8842 LiftProj:8 605 37.70%
0 0 38.6125 32 61.8842 LiftProj:7 617 37.61%
0 0 38.7598 33 61.8842 LiftProj:9 627 37.37%
0 0 38.8254 32 61.8842 LiftProj:8 641 37.26%
0 0 38.8553 30 61.8842 LiftProj:11 650 37.21%
0 0 38.8899 32 61.8842 LiftProj:10 662 37.16%
0+ 0 nan nan 57.7280 38.8899 nan 32.63%
0 0 38.8990 32 57.7280 Cuts:18 668 32.62%
0+ 0 nan nan 50.6037 38.8990 nan 23.13%
0 2 38.8990 32 50.6037 38.9114 668 23.11%
CPXPARAM_MIP_Cuts_FlowCovers-Gomory-LiftProj:FlowCovers 0
CPXPARAM_MIP_Cuts_FlowCovers-Gomory-LiftProj:Gomory 31
CPXPARAM_MIP_Cuts_FlowCovers-Gomory-LiftProj:LiftProj 0
15
Node Left Objective IInf Best_Integer Best_Bound ItCnt Gap
0+ 0 nan nan 420.0000 -420.0000 nan 200.00%
0 0 0.0000 22 420.0000 0.0000 127 100.00%
0+ 0 nan nan 46.8457 0.0000 nan 100.00%
0 0 0.0000 17 46.8457 Fract:3 132 100.00%
0+ 0 nan nan 32.2543 0.0000 nan 100.00%
0 0 0.0000 19 32.2543 Cuts:21 160 100.00%
0+ 0 nan nan 28.1532 0.0000 nan 100.00%
0+ 0 nan nan 18.5192 0.0000 nan 100.00%
0 2 0.0000 17 18.5192 0.0000 160 100.00%
CPXPARAM_MIP_Cuts_FlowCovers-Gomory-LiftProj:FlowCovers 0
CPXPARAM_MIP_Cuts_FlowCovers-Gomory-LiftProj:Gomory 0
CPXPARAM_MIP_Cuts_FlowCovers-Gomory-LiftProj:LiftProj 0
16
Node Left Objective IInf Best_Integer Best_Bound ItCnt Gap
0+ 0 nan nan 450.0000 -450.0000 nan 200.00%
0 0 41.5886 16 450.0000 41.5886 100 90.76%
0+ 0 nan nan 98.3618 41.5886 nan 57.72%
0 0 41.7296 32 98.3618 Cuts:28 141 57.58%
0+ 0 nan nan 80.9600 41.7296 nan 48.46%
0 0 42.3115 31 80.9600 Cuts:23 171 47.74%
0 0 42.4422 32 80.9600 Cuts:21 186 47.58%
0 0 42.7172 33 80.9600 Cuts:21 203 47.24%
0 0 43.0851 35 80.9600 Cuts:23 225 46.78%
0 0 43.7433 35 80.9600 LiftProj:20 252 45.97%
0 0 44.0205 35 80.9600 Cuts:16 266 45.63%
0 0 44.2018 35 80.9600 Cuts:20 287 45.40%
0 0 44.6602 35 80.9600 Cuts:25 300 44.84%
0 0 44.8055 34 80.9600 Cuts:26 319 44.66%
0 0 44.8579 36 80.9600 Cuts:26 333 44.59%
0 0 44.9383 35 80.9600 Cuts:20 349 44.49%
0+ 0 nan nan 79.5670 44.9383 nan 43.52%
0 0 44.9893 37 79.5670 Cuts:20 360 43.46%
0 0 45.3072 38 79.5670 LiftProj:16 378 43.06%
0 0 45.6571 39 79.5670 Cuts:23 400 42.62%
0 0 45.7572 36 79.5670 Cuts:26 416 42.49%
0 0 45.9831 36 79.5670 LiftProj:20 435 42.21%
0 0 46.1488 35 79.5670 LiftProj:16 453 42.00%
0 0 46.1488 36 79.5670 Cuts:19 459 42.00%
0 0 46.5763 37 79.5670 LiftProj:9 479 41.46%
0 0 46.6632 37 79.5670 LiftProj:16 486 41.35%
0 0 46.8276 34 79.5670 Cuts:12 503 41.15%
0 0 46.8600 35 79.5670 LiftProj:20 516 41.11%
0 0 46.8995 36 79.5670 LiftProj:10 524 41.06%
0 0 46.9185 37 79.5670 LiftProj:14 529 41.03%
0 0 46.9895 36 79.5670 LiftProj:16 541 40.94%
0 0 47.0614 36 79.5670 LiftProj:13 547 40.85%
0 0 47.1620 38 79.5670 LiftProj:14 559 40.73%
0 0 47.2559 38 79.5670 LiftProj:11 571 40.61%
0 0 47.3057 38 79.5670 LiftProj:13 577 40.55%
0 0 47.3433 37 79.5670 LiftProj:13 589 40.50%
0 0 47.3552 39 79.5670 LiftProj:14 597 40.48%
0+ 0 nan nan 67.8937 47.3552 nan 30.25%
0 2 47.3552 39 67.8937 47.3798 597 30.21%
CPXPARAM_MIP_Cuts_FlowCovers-Gomory-LiftProj:FlowCovers 1
CPXPARAM_MIP_Cuts_FlowCovers-Gomory-LiftProj:Gomory 41
CPXPARAM_MIP_Cuts_FlowCovers-Gomory-LiftProj:LiftProj 0
17
Node Left Objective IInf Best_Integer Best_Bound ItCnt Gap
0+ 0 nan nan 360.0000 -360.0000 nan 200.00%
0 0 0.0000 23 360.0000 0.0000 120 100.00%
0+ 0 nan nan 42.0628 0.0000 nan 100.00%
0 0 0.0000 26 42.0628 Cuts:24 155 100.00%
0+ 0 nan nan 35.6037 0.0000 nan 100.00%
0 0 0.0000 26 35.6037 LiftProj:2 165 100.00%
0 2 0.0000 26 35.6037 0.0000 165 100.00%
CPXPARAM_MIP_Cuts_FlowCovers-Gomory-LiftProj:FlowCovers 0
CPXPARAM_MIP_Cuts_FlowCovers-Gomory-LiftProj:Gomory 1
CPXPARAM_MIP_Cuts_FlowCovers-Gomory-LiftProj:LiftProj 1
18
Node Left Objective IInf Best_Integer Best_Bound ItCnt Gap
0+ 0 nan nan 390.0000 -390.0000 nan 200.00%
0+ 0 nan nan 77.2939 -390.0000 nan 604.57%
0 0 47.5886 11 77.2939 47.5886 104 38.43%
0+ 0 nan nan 66.7840 47.5886 nan 28.74%
0 0 47.5886 10 66.7840 Cuts:10 121 28.74%
0 0 48.0052 20 66.7840 Cuts:15 148 28.12%
0 0 48.6071 25 66.7840 Cuts:17 161 27.22%
0 0 48.8394 23 66.7840 Cuts:11 170 26.87%
0+ 0 nan nan 65.0828 48.8394 nan 24.96%
0 0 48.9587 25 65.0828 Cuts:15 182 24.77%
0 0 49.0589 26 65.0828 Cuts:15 206 24.62%
0 0 49.2882 28 65.0828 LiftProj:9 220 24.27%
0 0 49.4807 28 65.0828 Cuts:11 234 23.97%
0 0 49.6726 24 65.0828 Cuts:12 253 23.68%
0 0 49.7266 25 65.0828 LiftProj:15 259 23.59%
0 0 49.7556 28 65.0828 Cuts:12 274 23.55%
0 0 49.8265 30 65.0828 Cuts:11 289 23.44%
0 0 49.8419 28 65.0828 LiftProj:10 302 23.42%
0 0 49.9449 31 65.0828 LiftProj:13 318 23.26%
0 0 49.9619 30 65.0828 LiftProj:10 331 23.23%
0 0 50.1557 28 65.0828 LiftProj:9 348 22.94%
0 0 50.2727 31 65.0828 LiftProj:15 363 22.76%
0 0 50.3313 31 65.0828 Cuts:10 376 22.67%
0 0 50.3318 32 65.0828 LiftProj:6 379 22.67%
0 0 50.4145 31 65.0828 LiftProj:7 388 22.54%
0 0 50.4910 32 65.0828 LiftProj:12 401 22.42%
0 0 50.5349 30 65.0828 LiftProj:6 409 22.35%
0 0 50.5687 31 65.0828 LiftProj:13 419 22.30%
0 0 50.5892 32 65.0828 LiftProj:6 428 22.27%
0 0 50.6514 32 65.0828 LiftProj:13 439 22.17%
0 0 50.7030 31 65.0828 LiftProj:9 450 22.09%
0 0 50.8112 31 65.0828 LiftProj:8 461 21.93%
0 0 50.8325 30 65.0828 LiftProj:8 466 21.90%
0 0 50.8406 30 65.0828 LiftProj:10 468 21.88%
0+ 0 nan nan 59.6894 50.8406 nan 14.82%
0 2 50.9058 28 59.6894 50.9504 468 14.64%
CPXPARAM_MIP_Cuts_FlowCovers-Gomory-LiftProj:FlowCovers 0
CPXPARAM_MIP_Cuts_FlowCovers-Gomory-LiftProj:Gomory 29
CPXPARAM_MIP_Cuts_FlowCovers-Gomory-LiftProj:LiftProj 2
19
Node Left Objective IInf Best_Integer Best_Bound ItCnt Gap
0+ 0 nan nan 390.0000 -390.0000 nan 200.00%
0+ 0 nan nan 77.2939 -390.0000 nan 604.57%
0 0 -0.0000 23 77.2939 -0.0000 112 100.00%
0 0 0.0000 18 77.2939 Cuts:6 113 100.00%
0+ 0 nan nan 57.5958 0.0000 nan 100.00%
0 0 0.0000 23 57.5958 Cuts:21 143 100.00%
0+ 0 nan nan 27.8320 0.0000 nan 100.00%
0+ 0 nan nan 24.6478 0.0000 nan 100.00%
0+ 0 nan nan 20.4024 0.0000 nan 100.00%
0 2 0.0000 20 20.4024 0.0000 143 100.00%
CPXPARAM_MIP_Cuts_FlowCovers-Gomory-LiftProj:FlowCovers 0
CPXPARAM_MIP_Cuts_FlowCovers-Gomory-LiftProj:Gomory 0
CPXPARAM_MIP_Cuts_FlowCovers-Gomory-LiftProj:LiftProj 1
20
Node Left Objective IInf Best_Integer Best_Bound ItCnt Gap
0+ 0 nan nan 330.0000 -330.0000 nan 200.00%
0 0 25.2745 13 330.0000 25.2745 114 92.34%
0+ 0 nan nan 46.1855 25.2745 nan 45.28%
0 0 25.3724 27 46.1855 Cuts:11 150 45.06%
0 0 25.8153 30 46.1855 Cuts:18 181 44.11%
0 0 26.3535 27 46.1855 Cuts:16 214 42.94%
0 0 26.5293 28 46.1855 Cuts:36 232 42.56%
0 0 26.6160 28 46.1855 Cuts:32 248 42.37%
0+ 0 nan nan 43.5215 26.6160 nan 38.84%
0 0 26.7825 30 43.5215 Cuts:30 268 38.46%
0 0 26.9797 33 43.5215 LiftProj:12 285 38.01%
0 0 27.0679 32 43.5215 LiftProj:15 298 37.81%
0 0 27.0845 29 43.5215 LiftProj:9 305 37.77%
0 0 27.2442 31 43.5215 LiftProj:12 320 37.40%
0 0 27.3572 32 43.5215 LiftProj:13 332 37.14%
0+ 0 nan nan 43.4803 27.3572 nan 37.08%
0 0 27.5288 33 43.4803 LiftProj:13 349 36.69%
0 0 27.6188 33 43.4803 LiftProj:12 360 36.48%
0 0 27.9328 31 43.4803 LiftProj:13 372 35.76%
0 0 28.1964 33 43.4803 Cuts:18 392 35.15%
0 0 28.3175 36 43.4803 LiftProj:14 407 34.87%
0 0 28.4435 38 43.4803 LiftProj:14 425 34.58%
0 0 28.4777 39 43.4803 LiftProj:13 430 34.50%
0 0 28.7177 36 43.4803 Cuts:13 452 33.95%
0 0 28.8853 36 43.4803 LiftProj:16 472 33.57%
0 0 28.9482 36 43.4803 Cuts:12 481 33.42%
0 0 29.0359 34 43.4803 LiftProj:13 497 33.22%
0 0 29.0604 36 43.4803 LiftProj:11 506 33.16%
0 0 29.0889 34 43.4803 LiftProj:10 518 33.10%
0 0 29.3200 36 43.4803 LiftProj:16 532 32.57%
0 0 29.4206 36 43.4803 LiftProj:11 555 32.34%
0 0 29.4996 34 43.4803 LiftProj:6 569 32.15%
0 0 29.5702 33 43.4803 LiftProj:11 580 31.99%
0+ 0 nan nan 34.8935 29.5702 nan 15.26%
0 0 29.6646 34 34.8935 LiftProj:25 595 14.99%
0 0 29.7032 34 34.8935 LiftProj:12 610 14.87%
0 0 29.7124 35 34.8935 Cuts:13 620 14.85%
0 0 29.7294 35 34.8935 LiftProj:9 630 14.80%
0 0 29.7910 35 34.8935 LiftProj:16 646 14.62%
0 0 29.8556 34 34.8935 LiftProj:12 661 14.44%
0 0 29.9282 35 34.8935 LiftProj:9 673 14.23%
0 0 30.0020 34 34.8935 LiftProj:10 689 14.02%
0 0 30.0482 34 34.8935 LiftProj:10 704 13.89%
0 0 30.0787 32 34.8935 LiftProj:10 716 13.80%
0 0 30.0826 33 34.8935 LiftProj:10 720 13.79%
0+ 0 nan nan 34.4861 30.0826 nan 12.77%
0+ 0 nan nan 34.4861 30.0826 nan 12.77%
0 0 30.9533 13 34.4861 30.9533 825 10.24%
0 0 31.0867 14 34.4861 Cuts:32 843 9.86%
0 0 31.1609 14 34.4861 Cuts:12 857 9.64%
0 0 31.1849 13 34.4861 Cuts:10 870 9.57%
0 0 31.2096 14 34.4861 Cuts:8 883 9.50%
0 0 31.2124 14 34.4861 Cuts:10 892 9.49%
0 0 31.2188 13 34.4861 LiftProj:9 899 9.47%
0 0 31.2210 14 34.4861 LiftProj:15 903 9.47%
0 0 31.2218 14 34.4861 LiftProj:12 908 9.47%
0 2 31.2229 12 34.4861 31.2372 908 9.42%
CPXPARAM_MIP_Cuts_FlowCovers-Gomory-LiftProj:FlowCovers 0
CPXPARAM_MIP_Cuts_FlowCovers-Gomory-LiftProj:Gomory 24
CPXPARAM_MIP_Cuts_FlowCovers-Gomory-LiftProj:LiftProj 4
21
Node Left Objective IInf Best_Integer Best_Bound ItCnt Gap
0+ 0 nan nan 330.0000 -330.0000 nan 200.00%
0 0 -0.0000 23 330.0000 -0.0000 137 100.00%
0+ 0 nan nan 25.9784 0.0000 nan 100.00%
0 0 0.0000 21 25.9784 Fract:1 142 100.00%
0+ 0 nan nan 20.4484 0.0000 nan 100.00%
0 0 0.0000 22 20.4484 Cuts:30 175 100.00%
0 0 0.0000 19 20.4484 Fract:7 176 100.00%
0+ 0 nan nan 13.0460 0.0000 nan 100.00%
0 0 0.0000 21 13.0460 Cuts:17 202 100.00%
0 2 0.0000 20 13.0460 0.0000 202 100.00%
CPXPARAM_MIP_Cuts_FlowCovers-Gomory-LiftProj:FlowCovers 0
CPXPARAM_MIP_Cuts_FlowCovers-Gomory-LiftProj:Gomory 0
CPXPARAM_MIP_Cuts_FlowCovers-Gomory-LiftProj:LiftProj 0
22
Node Left Objective IInf Best_Integer Best_Bound ItCnt Gap
0+ 0 nan nan 330.0000 -330.0000 nan 200.00%
0 0 25.2745 9 330.0000 25.2745 107 92.34%
0+ 0 nan nan 32.2062 25.2745 nan 21.52%
0 0 25.3815 22 32.2062 Cuts:13 140 21.19%
0 0 25.7932 22 32.2062 Cuts:10 156 19.91%
0 0 25.9958 22 32.2062 Cuts:12 169 19.28%
0 0 26.2299 22 32.2062 Cuts:11 187 18.56%
0 0 26.3240 22 32.2062 Cuts:10 201 18.26%
0 0 26.3598 22 32.2062 LiftProj:5 214 18.15%
0 0 26.4022 23 32.2062 Cuts:8 227 18.02%
0 0 26.4789 26 32.2062 LiftProj:5 242 17.78%
0 0 26.5833 24 32.2062 LiftProj:7 254 17.46%
0 0 26.7547 21 32.2062 LiftProj:8 272 16.93%
0 0 27.0418 24 32.2062 LiftProj:16 301 16.04%
0 0 27.1903 24 32.2062 LiftProj:8 316 15.57%
0+ 0 nan nan 29.9751 27.1903 nan 9.29%
0 0 27.2464 26 29.9751 LiftProj:9 329 9.10%
0 0 27.2958 23 29.9751 LiftProj:6 341 8.94%
0 0 27.3491 25 29.9751 LiftProj:11 357 8.76%
0 0 27.4563 25 29.9751 LiftProj:8 372 8.40%
0+ 0 nan nan 28.5540 27.4563 nan 3.84%
0 0 27.5306 24 28.5540 LiftProj:8 382 3.58%
0 0 27.5574 22 28.5540 LiftProj:5 391 3.49%
0 0 27.5781 19 28.5540 LiftProj:8 400 3.42%
0 0 27.6529 22 28.5540 LiftProj:8 409 3.16%
0 0 27.8159 17 28.5540 LiftProj:5 432 2.59%
0 0 27.9145 16 28.5540 LiftProj:6 442 2.24%
0 0 28.0186 13 28.5540 LiftProj:6 460 1.88%
0 0 28.0763 12 28.5540 LiftProj:6 477 1.67%
0 0 28.1057 11 28.5540 LiftProj:3 486 1.57%
0+ 0 nan nan 28.5540 28.1057 nan 1.57%
0 0 28.1057 11 28.5540 28.1057 575 1.57%
0 0 28.1417 10 28.5540 Cuts:17 590 1.44%
0 0 28.2219 12 28.5540 Cuts:13 607 1.16%
0 0 28.2328 13 28.5540 Cuts:9 618 1.13%
0 0 28.2657 13 28.5540 Cuts:13 632 1.01%
0 0 28.2709 13 28.5540 Cuts:8 640 0.99%
0 0 28.2962 13 28.5540 LiftProj:8 651 0.90%
0 0 28.3059 13 28.5540 Cuts:23 665 0.87%
0 0 28.3157 12 28.5540 LiftProj:4 675 0.83%
0 0 28.3200 12 28.5540 Cuts:16 688 0.82%
0 0 28.3377 12 28.5540 Cuts:7 703 0.76%
0 0 28.3505 13 28.5540 LiftProj:8 714 0.71%
0 0 28.3509 12 28.5540 LiftProj:5 719 0.71%
0 0 28.3539 13 28.5540 LiftProj:8 725 0.70%
0 2 28.5101 4 28.5540 28.5101 725 0.15%
CPXPARAM_MIP_Cuts_FlowCovers-Gomory-LiftProj:FlowCovers 0
CPXPARAM_MIP_Cuts_FlowCovers-Gomory-LiftProj:Gomory 15
CPXPARAM_MIP_Cuts_FlowCovers-Gomory-LiftProj:LiftProj 2
23
Node Left Objective IInf Best_Integer Best_Bound ItCnt Gap
0+ 0 nan nan 330.0000 -330.0000 nan 200.00%
0 0 -0.0000 18 330.0000 -0.0000 129 100.00%
0+ 0 nan nan 25.8557 -0.0000 nan 100.00%
0+ 0 nan nan 10.8551 0.0000 nan 100.00%
0 0 0.0000 16 10.8551 Cuts:2 137 100.00%
0 0 0.0000 16 10.8551 Cuts:17 157 100.00%
0+ 0 nan nan 10.0602 0.0000 nan 100.00%
0+ 0 nan nan 8.8038 0.0000 nan 100.00%
0 2 0.0000 15 8.8038 0.0000 157 100.00%
CPXPARAM_MIP_Cuts_FlowCovers-Gomory-LiftProj:FlowCovers 0
CPXPARAM_MIP_Cuts_FlowCovers-Gomory-LiftProj:Gomory 0
CPXPARAM_MIP_Cuts_FlowCovers-Gomory-LiftProj:LiftProj 0
24
Node Left Objective IInf Best_Integer Best_Bound ItCnt Gap
0+ 0 nan nan 390.0000 -390.0000 nan 200.00%
0 0 29.8402 18 390.0000 29.8402 113 92.35%
0+ 0 nan nan 53.3075 29.8402 nan 44.02%
0 0 29.9208 29 53.3075 Cuts:17 156 43.87%
0 0 30.3771 31 53.3075 Cuts:8 167 43.02%
0 0 31.5256 29 53.3075 Cuts:18 185 40.86%
0 0 31.6902 30 53.3075 Cuts:13 201 40.55%
0+ 0 nan nan 49.2379 31.6902 nan 35.64%
0 0 31.9084 33 49.2379 Cuts:17 215 35.20%
0 0 32.1352 33 49.2379 Cuts:19 231 34.73%
0 0 32.1850 33 49.2379 Cuts:17 244 34.63%
0 0 32.2777 34 49.2379 Cuts:14 255 34.45%
0 0 32.5493 35 49.2379 Cuts:12 272 33.89%
0 0 32.6792 34 49.2379 Cuts:19 290 33.63%
0 0 32.8386 33 49.2379 Cuts:14 309 33.31%
0 0 32.8860 37 49.2379 Cuts:25 319 33.21%
0 0 33.1832 37 49.2379 LiftProj:11 345 32.61%
0 0 33.3139 36 49.2379 Cuts:14 358 32.34%
0 0 33.3329 37 49.2379 LiftProj:13 370 32.30%
0 0 33.5118 36 49.2379 Cuts:12 391 31.94%
0+ 0 nan nan 43.7119 33.5118 nan 23.33%
0 0 33.7455 37 43.7119 Cuts:16 413 22.80%
0 0 33.8062 38 43.7119 LiftProj:13 427 22.66%
0 0 33.9282 36 43.7119 LiftProj:11 447 22.38%
0 0 33.9374 38 43.7119 LiftProj:11 452 22.36%
0 0 33.9973 35 43.7119 LiftProj:13 467 22.22%
0 0 34.1326 37 43.7119 LiftProj:17 481 21.91%
0 0 34.2873 34 43.7119 Cuts:13 504 21.56%
0 0 34.3589 34 43.7119 LiftProj:17 515 21.40%
0 0 34.3589 35 43.7119 Cuts:16 522 21.40%
0 0 34.3820 37 43.7119 Cuts:22 532 21.34%
0 0 34.4990 37 43.7119 Cuts:31 557 21.08%
0 0 34.5378 38 43.7119 LiftProj:11 568 20.99%
0 0 34.5399 38 43.7119 LiftProj:8 571 20.98%
0+ 0 nan nan 38.6714 34.5399 nan 10.68%
0+ 0 nan nan 38.6714 34.5399 nan 10.68%
0 0 35.7360 15 38.6714 35.7360 668 7.59%
0 0 36.3402 17 38.6714 Cuts:47 702 6.03%
0 0 36.5666 16 38.6714 Cuts:16 728 5.44%
0 0 36.6583 16 38.6714 Cuts:14 744 5.21%
0 0 36.7801 17 38.6714 Cuts:26 770 4.89%
0 0 36.7950 16 38.6714 LiftProj:10 781 4.85%
0 0 36.7973 17 38.6714 LiftProj:11 789 4.85%
0 0 36.8005 17 38.6714 LiftProj:8 793 4.84%
0 0 36.9517 16 38.6714 LiftProj:9 814 4.45%
0 0 36.9667 17 38.6714 Cuts:11 822 4.41%
0 0 36.9757 17 38.6714 LiftProj:10 830 4.38%
0 0 36.9868 17 38.6714 LiftProj:6 840 4.36%
0 0 36.9999 17 38.6714 Cuts:4 847 4.32%
0 0 37.0023 17 38.6714 LiftProj:6 854 4.32%
0 0 37.0064 17 38.6714 LiftProj:9 861 4.31%
0 2 37.1925 13 38.6714 37.2028 861 3.80%
CPXPARAM_MIP_Cuts_FlowCovers-Gomory-LiftProj:FlowCovers 0
CPXPARAM_MIP_Cuts_FlowCovers-Gomory-LiftProj:Gomory 27
CPXPARAM_MIP_Cuts_FlowCovers-Gomory-LiftProj:LiftProj 3
25
Node Left Objective IInf Best_Integer Best_Bound ItCnt Gap
0+ 0 nan nan 390.0000 -390.0000 nan 200.00%
0 0 0.0000 26 390.0000 0.0000 121 100.00%
0+ 0 nan nan 29.0852 0.0000 nan 100.00%
0 0 0.0000 21 29.0852 Cuts:2 123 100.00%
0 0 0.0000 20 29.0852 Cuts:9 145 100.00%
0+ 0 nan nan 16.0675 0.0000 nan 100.00%
0+ 0 nan nan 13.5701 0.0000 nan 100.00%
0 2 0.0000 19 13.5701 0.0000 145 100.00%
CPXPARAM_MIP_Cuts_FlowCovers-Gomory-LiftProj:FlowCovers 0
CPXPARAM_MIP_Cuts_FlowCovers-Gomory-LiftProj:Gomory 0
CPXPARAM_MIP_Cuts_FlowCovers-Gomory-LiftProj:LiftProj 0
26
Node Left Objective IInf Best_Integer Best_Bound ItCnt Gap
0+ 0 nan nan 390.0000 -390.0000 nan 200.00%
0 0 29.8490 14 390.0000 29.8490 117 92.35%
0+ 0 nan nan 39.1730 29.8490 nan 23.80%
0 0 29.8490 20 39.1730 Cuts:6 138 23.80%
0 0 30.8236 24 39.1730 Cuts:13 173 21.31%
0 0 32.0893 26 39.1730 Cuts:28 200 18.08%
0 0 32.4068 25 39.1730 Cuts:11 222 17.27%
0 0 32.6694 28 39.1730 Cuts:10 238 16.60%
0 0 32.9126 26 39.1730 Cuts:7 248 15.98%
0 0 32.9760 27 39.1730 Cuts:7 260 15.82%
0 0 33.0428 28 39.1730 LiftProj:10 280 15.65%
0 0 33.2059 29 39.1730 LiftProj:10 300 15.23%
0 0 33.3690 27 39.1730 Cuts:10 322 14.82%
0 0 33.6050 29 39.1730 Cuts:10 336 14.21%
0 0 33.7751 30 39.1730 LiftProj:6 350 13.78%
0 0 33.8164 30 39.1730 LiftProj:6 358 13.67%
0 0 34.1693 29 39.1730 LiftProj:7 373 12.77%
0 0 34.1994 31 39.1730 LiftProj:9 379 12.70%
0 0 34.2973 31 39.1730 LiftProj:5 390 12.45%
0 0 34.5294 28 39.1730 LiftProj:11 410 11.85%
0 0 34.5675 30 39.1730 Cuts:4 416 11.76%
0 0 34.7491 26 39.1730 LiftProj:4 436 11.29%
0 0 34.7658 27 39.1730 LiftProj:4 441 11.25%
0 0 34.8123 29 39.1730 LiftProj:8 450 11.13%
0 0 34.8386 29 39.1730 LiftProj:7 461 11.06%
0 0 34.8428 30 39.1730 LiftProj:2 463 11.05%
0+ 0 nan nan 36.9351 34.8428 nan 5.66%
0+ 0 nan nan 36.9351 34.8428 nan 5.66%
0 0 36.4456 7 36.9351 36.4456 561 1.33%
0 0 36.7905 5 36.9351 Cuts:9 586 0.39%
0 0 36.8393 4 36.9351 LiftProj:1 592 0.26%
CPXPARAM_MIP_Cuts_FlowCovers-Gomory-LiftProj:FlowCovers 0
CPXPARAM_MIP_Cuts_FlowCovers-Gomory-LiftProj:Gomory 3
CPXPARAM_MIP_Cuts_FlowCovers-Gomory-LiftProj:LiftProj 0
27
Node Left Objective IInf Best_Integer Best_Bound ItCnt Gap
0+ 0 nan nan 360.0000 -360.0000 nan 200.00%
0 0 -0.0000 21 360.0000 -0.0000 122 100.00%
0+ 0 nan nan 72.0000 -0.0000 nan 100.00%
0+ 0 nan nan 17.6195 0.0000 nan 100.00%
0 0 0.0000 14 17.6195 Cuts:3 124 100.00%
0 0 0.0000 16 17.6195 Cuts:19 172 100.00%
0+ 0 nan nan 9.0869 0.0000 nan 100.00%
0 0 0.0000 17 9.0869 Cuts:17 188 100.00%
0+ 0 nan nan 9.0069 0.0000 nan 100.00%
0+ 0 nan nan 8.9967 0.0000 nan 100.00%
0 2 0.0000 17 8.9967 0.0000 188 100.00%
CPXPARAM_MIP_Cuts_FlowCovers-Gomory-LiftProj:FlowCovers 0
CPXPARAM_MIP_Cuts_FlowCovers-Gomory-LiftProj:Gomory 0
CPXPARAM_MIP_Cuts_FlowCovers-Gomory-LiftProj:LiftProj 3
28
Node Left Objective IInf Best_Integer Best_Bound ItCnt Gap
0+ 0 nan nan 480.0000 -480.0000 nan 200.00%
0 0 56.4662 14 480.0000 56.4662 102 88.24%
0+ 0 nan nan 85.1204 56.4662 nan 33.66%
0 0 56.7328 20 85.1204 Cuts:16 130 33.35%
0 0 57.2523 32 85.1204 Cuts:23 165 32.74%
0+ 0 nan nan 78.2406 57.2523 nan 26.83%
0 0 57.7930 31 78.2406 Cuts:12 178 26.13%
0 0 58.0734 34 78.2406 Cuts:18 198 25.78%
0 0 58.2417 32 78.2406 Cuts:19 214 25.56%
0 0 58.5540 32 78.2406 Cuts:24 237 25.16%
0 0 58.8651 31 78.2406 Cuts:23 255 24.76%
0 0 58.9883 32 78.2406 Cuts:17 282 24.61%
0 0 58.9945 32 78.2406 LiftProj:14 288 24.60%
0 0 59.0203 34 78.2406 Cuts:12 297 24.57%
0 0 59.0517 35 78.2406 Cuts:18 315 24.53%
0 0 59.1014 34 78.2406 Cuts:14 332 24.46%
0 0 59.2556 32 78.2406 Cuts:23 366 24.26%
0 0 59.3432 32 78.2406 Cuts:21 376 24.15%
0 0 59.4715 31 78.2406 LiftProj:23 389 23.99%
0 0 59.7230 34 78.2406 Cuts:18 404 23.67%
0 0 59.7701 35 78.2406 LiftProj:17 410 23.61%
0 0 59.8190 35 78.2406 LiftProj:17 426 23.54%
0 0 59.8609 36 78.2406 LiftProj:14 435 23.49%
0 0 60.0973 35 78.2406 Cuts:21 456 23.19%
0 0 60.1598 37 78.2406 Cuts:22 465 23.11%
0 0 60.1901 36 78.2406 LiftProj:17 473 23.07%
0 0 60.2581 36 78.2406 LiftProj:15 484 22.98%
0 0 60.3223 36 78.2406 LiftProj:20 501 22.90%
0 0 60.3418 37 78.2406 LiftProj:17 511 22.88%
0 0 60.3517 38 78.2406 LiftProj:20 517 22.86%
0 0 61.1568 34 78.2406 LiftProj:14 542 21.84%
0 0 61.6001 36 78.2406 LiftProj:18 559 21.27%
0 0 61.6283 37 78.2406 LiftProj:13 569 21.23%
0 0 61.7278 35 78.2406 LiftProj:17 581 21.11%
0 0 61.7974 37 78.2406 LiftProj:18 591 21.02%
0 0 61.8660 38 78.2406 LiftProj:18 603 20.93%
0 0 61.9033 36 78.2406 LiftProj:14 612 20.88%
0 0 61.9959 37 78.2406 LiftProj:18 622 20.76%
0 0 62.5887 38 78.2406 LiftProj:14 645 20.00%
0 0 62.6690 36 78.2406 LiftProj:15 657 19.90%
0 0 62.7167 37 78.2406 LiftProj:26 671 19.84%
0 0 62.7290 35 78.2406 LiftProj:21 678 19.83%
0+ 0 nan nan 78.1219 62.7290 nan 19.70%
0 2 62.7290 35 78.1219 62.7997 678 19.61%
CPXPARAM_MIP_Cuts_FlowCovers-Gomory-LiftProj:FlowCovers 0
CPXPARAM_MIP_Cuts_FlowCovers-Gomory-LiftProj:Gomory 29
CPXPARAM_MIP_Cuts_FlowCovers-Gomory-LiftProj:LiftProj 0
29
Node Left Objective IInf Best_Integer Best_Bound ItCnt Gap
0+ 0 nan nan 390.0000 -390.0000 nan 200.00%
0 0 0.0000 26 390.0000 0.0000 116 100.00%
0+ 0 nan nan 28.0451 0.0000 nan 100.00%
0 0 0.0000 23 28.0451 Cuts:13 129 100.00%
0 0 0.0000 25 28.0451 Cuts:31 193 100.00%
0+ 0 nan nan 27.2189 0.0000 nan 100.00%
0 0 0.0000 25 27.2189 Cuts:7 215 100.00%
0+ 0 nan nan 21.0583 0.0000 nan 100.00%
0 2 0.0000 25 21.0583 0.0000 215 100.00%
CPXPARAM_MIP_Cuts_FlowCovers-Gomory-LiftProj:FlowCovers 0
CPXPARAM_MIP_Cuts_FlowCovers-Gomory-LiftProj:Gomory 1
CPXPARAM_MIP_Cuts_FlowCovers-Gomory-LiftProj:LiftProj 3
30
Node Left Objective IInf Best_Integer Best_Bound ItCnt Gap
0+ 0 nan nan 420.0000 -420.0000 nan 200.00%
0 0 62.4662 9 420.0000 62.4662 108 85.13%
0+ 0 nan nan 73.8536 62.4662 nan 15.42%
0 0 62.4662 14 73.8536 Cuts:12 131 15.42%
0+ 0 nan nan 71.4859 62.4662 nan 12.62%
0 0 62.5322 21 71.4859 Cuts:8 165 12.53%
0 0 63.2705 24 71.4859 Cuts:10 177 11.49%
0 0 63.6311 23 71.4859 Cuts:12 189 10.99%
0 0 63.9027 23 71.4859 Cuts:11 205 10.61%
0 0 63.9657 23 71.4859 Cuts:12 213 10.52%
0 0 63.9821 25 71.4859 LiftProj:7 220 10.50%
0 0 64.0156 24 71.4859 Cuts:10 226 10.45%
0 0 64.0783 25 71.4859 Cuts:12 235 10.36%
0 0 64.1257 24 71.4859 LiftProj:11 244 10.30%
0 0 64.1423 26 71.4859 Cuts:14 251 10.27%
0 0 64.1782 28 71.4859 Cuts:13 258 10.22%
0 0 64.1926 28 71.4859 LiftProj:9 266 10.20%
0 0 64.2521 28 71.4859 Cuts:12 275 10.12%
0 0 64.3488 26 71.4859 LiftProj:11 292 9.98%
0 0 64.3845 27 71.4859 Cuts:14 301 9.93%
0 0 64.4733 25 71.4859 Cuts:11 314 9.81%
0 0 64.4998 28 71.4859 Cuts:13 323 9.77%
0 0 64.6604 26 71.4859 LiftProj:10 339 9.55%
0 0 64.6826 28 71.4859 LiftProj:12 345 9.52%
0 0 64.7700 28 71.4859 LiftProj:8 355 9.39%
0 0 64.9087 27 71.4859 LiftProj:9 365 9.20%
0 0 65.0710 29 71.4859 LiftProj:13 375 8.97%
0 0 65.3235 25 71.4859 LiftProj:7 393 8.62%
0 0 65.3770 27 71.4859 LiftProj:9 398 8.55%
0 0 65.4820 28 71.4859 LiftProj:14 410 8.40%
0 0 65.5945 26 71.4859 LiftProj:17 421 8.24%
0 0 65.6069 27 71.4859 LiftProj:11 424 8.22%
0+ 0 nan nan 71.4859 65.6069 nan 8.22%
0 0 67.0928 12 71.4859 67.0928 517 6.15%
0 0 67.4537 12 71.4859 Cuts:26 543 5.64%
0 0 67.5247 12 71.4859 Cuts:16 555 5.54%
0 0 67.6343 11 71.4859 Cuts:23 569 5.39%
0 0 67.8234 11 71.4859 Cuts:13 578 5.12%
0 0 67.8418 11 71.4859 Cuts:21 588 5.10%
0 0 67.8463 12 71.4859 LiftProj:13 597 5.09%
0 0 67.8721 12 71.4859 LiftProj:9 610 5.06%
0 0 67.9712 12 71.4859 LiftProj:8 628 4.92%
0+ 0 nan nan 70.7703 67.9712 nan 3.96%
0 0 67.9825 12 70.7703 LiftProj:13 640 3.94%
0 0 68.0519 12 70.7703 Cuts:8 652 3.84%
0 0 68.0783 12 70.7703 LiftProj:11 661 3.80%
0 0 68.0979 12 70.7703 LiftProj:13 669 3.78%
0+ 0 nan nan 69.9378 68.0979 nan 2.63%
0 0 68.1506 12 69.9378 Cuts:6 677 2.56%
0 0 68.2693 12 69.9378 LiftProj:18 687 2.39%
0 0 68.3340 11 69.9378 LiftProj:9 695 2.29%
0 0 68.3720 12 69.9378 LiftProj:15 707 2.24%
0 0 68.3953 11 69.9378 Cuts:6 714 2.21%
0 0 68.4111 12 69.9378 LiftProj:3 717 2.18%
0 0 68.4141 12 69.9378 LiftProj:4 721 2.18%
0 0 68.4317 12 69.9378 LiftProj:3 724 2.15%
0 0 68.5165 12 69.9378 LiftProj:5 738 2.03%
0 0 68.5466 12 69.9378 LiftProj:4 746 1.99%
0 0 68.5623 12 69.9378 LiftProj:5 751 1.97%
0 2 68.5649 11 69.9378 68.5956 751 1.92%
CPXPARAM_MIP_Cuts_FlowCovers-Gomory-LiftProj:FlowCovers 0
CPXPARAM_MIP_Cuts_FlowCovers-Gomory-LiftProj:Gomory 23
CPXPARAM_MIP_Cuts_FlowCovers-Gomory-LiftProj:LiftProj 0
31
Node Left Objective IInf Best_Integer Best_Bound ItCnt Gap
0+ 0 nan nan 420.0000 -420.0000 nan 200.00%
0 0 -0.0000 21 420.0000 -0.0000 121 100.00%
0+ 0 nan nan 10.9948 0.0000 nan 100.00%
0 0 0.0000 19 10.9948 Cuts:15 131 100.00%
0 0 0.0000 22 10.9948 Cuts:18 150 100.00%
0 0 0.0000 18 10.9948 Cuts:7 166 100.00%
0 0 0.0000 23 10.9948 Cuts:24 223 100.00%
0+ 0 nan nan 10.8073 0.0000 nan 100.00%
0 2 0.0000 17 10.8073 0.0000 223 100.00%
CPXPARAM_MIP_Cuts_FlowCovers-Gomory-LiftProj:FlowCovers 0
CPXPARAM_MIP_Cuts_FlowCovers-Gomory-LiftProj:Gomory 0
CPXPARAM_MIP_Cuts_FlowCovers-Gomory-LiftProj:LiftProj 0
32
Node Left Objective IInf Best_Integer Best_Bound ItCnt Gap
0+ 0 nan nan 300.0000 -300.0000 nan 200.00%
0 0 38.5476 15 300.0000 38.5476 115 87.15%
0+ 0 nan nan 76.5635 38.5476 nan 49.65%
0 0 38.6598 20 76.5635 Cuts:12 144 49.51%
0 0 39.2302 22 76.5635 Cuts:20 162 48.76%
0+ 0 nan nan 57.3533 39.2302 nan 31.60%
0 0 39.3320 27 57.3533 Cuts:24 193 31.42%
0 0 39.4303 30 57.3533 Cuts:30 220 31.25%
0+ 0 nan nan 56.0588 39.4303 nan 29.66%
0 0 39.4928 32 56.0588 Cuts:19 239 29.55%
0 0 39.6334 35 56.0588 Cuts:19 253 29.30%
0 0 39.6876 36 56.0588 LiftProj:11 266 29.20%
0 0 39.7897 36 56.0588 LiftProj:10 281 29.02%
0 0 39.9131 36 56.0588 Cuts:14 302 28.80%
0 0 40.0928 38 56.0588 Cuts:13 317 28.48%
0 0 40.1873 37 56.0588 LiftProj:11 326 28.31%
0 0 40.2696 37 56.0588 Cuts:12 334 28.17%
0 0 40.3582 36 56.0588 LiftProj:11 346 28.01%
0 0 40.4778 37 56.0588 Cuts:12 362 27.79%
0 0 40.5440 36 56.0588 LiftProj:12 375 27.68%
0 0 40.5634 38 56.0588 LiftProj:14 385 27.64%
0 0 40.6476 36 56.0588 LiftProj:13 396 27.49%
0 0 40.7362 37 56.0588 LiftProj:13 408 27.33%
0 0 40.7722 38 56.0588 LiftProj:11 419 27.27%
0 0 40.7990 39 56.0588 LiftProj:12 431 27.22%
0 0 40.9055 38 56.0588 LiftProj:14 455 27.03%
0 0 40.9479 37 56.0588 LiftProj:10 462 26.96%
0 0 41.0834 36 56.0588 LiftProj:15 475 26.71%
0 0 41.1692 37 56.0588 LiftProj:17 489 26.56%
0 0 41.1915 37 56.0588 LiftProj:11 495 26.52%
0 0 41.3112 35 56.0588 LiftProj:11 507 26.31%
0 0 41.3246 36 56.0588 LiftProj:13 512 26.28%
0 0 41.3649 36 56.0588 LiftProj:18 522 26.21%
0 0 41.4273 37 56.0588 LiftProj:16 533 26.10%
0 0 41.4654 38 56.0588 LiftProj:15 542 26.03%
0 0 41.5006 36 56.0588 LiftProj:9 557 25.97%
0 0 41.5383 37 56.0588 LiftProj:10 570 25.90%
0 0 41.5651 37 56.0588 LiftProj:10 579 25.85%
0 0 41.5791 37 56.0588 LiftProj:12 586 25.83%
0 0 41.6100 38 56.0588 LiftProj:9 591 25.77%
0 0 41.6256 37 56.0588 LiftProj:10 600 25.75%
0 0 41.6542 38 56.0588 LiftProj:10 607 25.70%
0 0 41.7179 38 56.0588 LiftProj:8 616 25.58%
0 0 41.7903 37 56.0588 LiftProj:11 628 25.45%
0 0 41.8135 37 56.0588 LiftProj:10 635 25.41%
0 0 41.8538 38 56.0588 LiftProj:13 646 25.34%
0 0 41.8629 37 56.0588 LiftProj:8 658 25.32%
0+ 0 nan nan 49.9118 41.8629 nan 16.13%
0 2 41.9099 36 49.9118 41.9106 658 16.03%
CPXPARAM_MIP_Cuts_FlowCovers-Gomory-LiftProj:FlowCovers 0
CPXPARAM_MIP_Cuts_FlowCovers-Gomory-LiftProj:Gomory 39
CPXPARAM_MIP_Cuts_FlowCovers-Gomory-LiftProj:LiftProj 0
33
Node Left Objective IInf Best_Integer Best_Bound ItCnt Gap
0+ 0 nan nan 360.0000 -360.0000 nan 200.00%
0 0 0.0000 23 360.0000 0.0000 119 100.00%
0+ 0 nan nan 42.6820 0.0000 nan 100.00%
0 0 0.0000 21 42.6820 Fract:2 124 100.00%
0+ 0 nan nan 23.1650 0.0000 nan 100.00%
0 0 0.0000 20 23.1650 Cuts:13 143 100.00%
0 0 0.0000 23 23.1650 Cuts:25 197 100.00%
0 2 0.0000 21 23.1650 0.0000 197 100.00%
CPXPARAM_MIP_Cuts_FlowCovers-Gomory-LiftProj:FlowCovers 0
CPXPARAM_MIP_Cuts_FlowCovers-Gomory-LiftProj:Gomory 0
CPXPARAM_MIP_Cuts_FlowCovers-Gomory-LiftProj:LiftProj 0
34
Node Left Objective IInf Best_Integer Best_Bound ItCnt Gap
0+ 0 nan nan 390.0000 -390.0000 nan 200.00%
0 0 29.4698 12 390.0000 29.4698 119 92.44%
0+ 0 nan nan 53.3914 29.4698 nan 44.80%
0 0 29.4698 17 53.3914 Cuts:7 143 44.80%
0 0 30.3232 22 53.3914 Cuts:20 169 43.21%
0 0 30.9307 23 53.3914 Cuts:14 185 42.07%
0 0 31.1598 27 53.3914 Cuts:11 203 41.64%
0 0 31.4271 25 53.3914 Cuts:14 220 41.14%
0 0 31.5450 25 53.3914 Cuts:11 234 40.92%
0 0 31.5612 27 53.3914 Cuts:12 244 40.89%
0 0 31.7243 28 53.3914 Cuts:17 261 40.58%
0 0 31.7960 30 53.3914 Cuts:16 269 40.45%
0 0 31.9988 29 53.3914 Cuts:16 279 40.07%
0 0 32.1565 30 53.3914 Cuts:16 293 39.77%
0 0 32.3864 29 53.3914 Cuts:16 307 39.34%
0 0 32.5113 28 53.3914 LiftProj:11 320 39.11%
0 0 32.6785 29 53.3914 LiftProj:18 332 38.79%
0 0 32.6785 29 53.3914 LiftProj:10 334 38.79%
0+ 0 nan nan 45.9478 32.6785 nan 28.88%
0 2 32.6785 29 45.9478 32.7500 334 28.72%
CPXPARAM_MIP_Cuts_FlowCovers-Gomory-LiftProj:FlowCovers 0
CPXPARAM_MIP_Cuts_FlowCovers-Gomory-LiftProj:Gomory 16
CPXPARAM_MIP_Cuts_FlowCovers-Gomory-LiftProj:LiftProj 4
35
Node Left Objective IInf Best_Integer Best_Bound ItCnt Gap
0+ 0 nan nan 360.0000 -360.0000 nan 200.00%
0 0 0.0000 19 360.0000 0.0000 124 100.00%
0+ 0 nan nan 55.4328 0.0000 nan 100.00%
0+ 0 nan nan 43.7480 0.0000 nan 100.00%
0 0 0.0000 17 43.7480 Cuts:12 127 100.00%
0+ 0 nan nan 27.2787 0.0000 nan 100.00%
0 0 0.0000 18 27.2787 Cuts:26 178 100.00%
0+ 0 nan nan 26.5931 0.0000 nan 100.00%
0+ 0 nan nan 20.2630 0.0000 nan 100.00%
0+ 0 nan nan 15.5083 0.0000 nan 100.00%
0 2 0.0000 16 15.5083 0.0000 178 100.00%
CPXPARAM_MIP_Cuts_FlowCovers-Gomory-LiftProj:FlowCovers 0
CPXPARAM_MIP_Cuts_FlowCovers-Gomory-LiftProj:Gomory 1
CPXPARAM_MIP_Cuts_FlowCovers-Gomory-LiftProj:LiftProj 0
36
Node Left Objective IInf Best_Integer Best_Bound ItCnt Gap
0+ 0 nan nan 480.0000 -480.0000 nan 200.00%
0 0 33.0392 15 480.0000 33.0392 116 93.12%
0+ 0 nan nan 67.3593 33.0392 nan 50.95%
0 0 33.0596 24 67.3593 Cuts:17 149 50.92%
0+ 0 nan nan 65.3248 33.0596 nan 49.39%
0 0 33.9374 29 65.3248 Cuts:27 181 48.05%
0 0 34.3505 32 65.3248 Cuts:24 200 47.42%
0 0 34.4827 28 65.3248 Cuts:16 220 47.21%
0 0 34.7088 28 65.3248 Cuts:31 231 46.87%
0 0 34.9252 33 65.3248 Cuts:15 250 46.54%
0 0 35.0003 31 65.3248 LiftProj:17 265 46.42%
0 0 35.1526 32 65.3248 Cuts:19 287 46.19%
0 0 35.2347 34 65.3248 Cuts:23 301 46.06%
0 0 35.3893 33 65.3248 LiftProj:22 321 45.83%
0 0 35.5472 37 65.3248 LiftProj:20 335 45.58%
0 0 35.6279 38 65.3248 LiftProj:25 349 45.46%
0 0 35.8906 37 65.3248 LiftProj:19 368 45.06%
0 0 36.0083 38 65.3248 LiftProj:21 383 44.88%
0 0 36.9868 36 65.3248 LiftProj:23 409 43.38%
0 0 37.4067 36 65.3248 LiftProj:14 430 42.74%
0 0 37.6525 38 65.3248 LiftProj:21 450 42.36%
0 0 38.0410 37 65.3248 Cuts:15 471 41.77%
0 0 38.3721 38 65.3248 LiftProj:20 487 41.26%
0 0 38.4986 38 65.3248 LiftProj:18 498 41.07%
0 0 38.5778 39 65.3248 LiftProj:18 510 40.94%
0 0 38.7711 37 65.3248 LiftProj:15 534 40.65%
0 0 39.1050 38 65.3248 LiftProj:21 559 40.14%
0 0 39.2494 39 65.3248 LiftProj:19 570 39.92%
0 0 39.5457 38 65.3248 LiftProj:18 596 39.46%
0 0 40.0345 36 65.3248 LiftProj:18 621 38.71%
0 0 40.3104 38 65.3248 LiftProj:33 640 38.29%
0 0 40.5594 35 65.3248 LiftProj:16 666 37.91%
0 0 40.7041 35 65.3248 LiftProj:29 683 37.69%
0 0 40.7370 38 65.3248 LiftProj:24 692 37.64%
0 0 40.7659 38 65.3248 LiftProj:28 701 37.60%
0 0 40.8264 38 65.3248 LiftProj:16 711 37.50%
0 0 40.9086 39 65.3248 LiftProj:35 720 37.38%
0 0 40.9669 38 65.3248 LiftProj:19 739 37.29%
0 0 40.9798 39 65.3248 LiftProj:16 746 37.27%
0 0 41.0608 39 65.3248 LiftProj:11 757 37.14%
0 0 41.1003 39 65.3248 LiftProj:17 767 37.08%
0 0 41.1569 39 65.3248 LiftProj:14 776 37.00%
0 0 41.3028 39 65.3248 LiftProj:12 800 36.77%
0 0 41.3568 39 65.3248 LiftProj:11 814 36.69%
0 0 41.4098 39 65.3248 LiftProj:10 826 36.61%
0 0 41.4467 39 65.3248 LiftProj:9 838 36.55%
0 0 41.5466 38 65.3248 LiftProj:6 855 36.40%
0 0 41.5517 39 65.3248 LiftProj:15 860 36.39%
0+ 0 nan nan 56.6190 41.5517 nan 26.61%
0+ 0 nan nan 55.7931 41.5517 nan 25.53%
0 2 41.5517 39 55.7931 41.5804 860 25.47%
CPXPARAM_MIP_Cuts_FlowCovers-Gomory-LiftProj:FlowCovers 0
CPXPARAM_MIP_Cuts_FlowCovers-Gomory-LiftProj:Gomory 43
CPXPARAM_MIP_Cuts_FlowCovers-Gomory-LiftProj:LiftProj 0
37
Node Left Objective IInf Best_Integer Best_Bound ItCnt Gap
0+ 0 nan nan 450.0000 -450.0000 nan 200.00%
0 0 0.0000 25 450.0000 0.0000 124 100.00%
0+ 0 nan nan 57.0719 0.0000 nan 100.00%
0+ 0 nan nan 43.4804 0.0000 nan 100.00%
0+ 0 nan nan 26.0306 0.0000 nan 100.00%
0+ 0 nan nan 17.4171 0.0000 nan 100.00%
0 2 0.0000 20 17.4171 0.0000 124 100.00%
CPXPARAM_MIP_Cuts_FlowCovers-Gomory-LiftProj:FlowCovers 0
CPXPARAM_MIP_Cuts_FlowCovers-Gomory-LiftProj:Gomory 0
CPXPARAM_MIP_Cuts_FlowCovers-Gomory-LiftProj:LiftProj 0
38
Node Left Objective IInf Best_Integer Best_Bound ItCnt Gap
0+ 0 nan nan 390.0000 -390.0000 nan 200.00%
0 0 42.0392 11 390.0000 42.0392 104 89.22%
0+ 0 nan nan 53.2610 42.0392 nan 21.07%
0 0 42.0392 12 53.2610 Cuts:4 117 21.07%
0 0 42.3829 23 53.2610 Cuts:15 150 20.42%
0 0 42.7135 24 53.2610 Cuts:13 161 19.80%
0 0 43.0775 26 53.2610 Cuts:14 179 19.12%
0 0 43.1810 28 53.2610 Cuts:15 192 18.93%
0 0 43.2859 30 53.2610 Cuts:18 207 18.73%
0 0 43.3442 29 53.2610 LiftProj:11 219 18.62%
0 0 43.4519 31 53.2610 LiftProj:14 240 18.42%
0 0 43.4680 28 53.2610 Cuts:16 252 18.39%
0 0 43.4939 31 53.2610 LiftProj:16 271 18.34%
0 0 43.5681 32 53.2610 LiftProj:14 289 18.20%
0 0 43.6475 30 53.2610 LiftProj:10 304 18.05%
0 0 43.7338 31 53.2610 LiftProj:19 318 17.89%
0 0 43.8736 30 53.2610 Cuts:15 336 17.63%
0 0 43.9114 30 53.2610 LiftProj:8 344 17.55%
0 0 43.9720 33 53.2610 LiftProj:9 357 17.44%
0 0 44.2848 31 53.2610 LiftProj:11 379 16.85%
0 0 44.4538 32 53.2610 LiftProj:15 394 16.54%
0 0 44.6064 32 53.2610 LiftProj:13 402 16.25%
0 0 44.7455 30 53.2610 LiftProj:10 412 15.99%
0 0 44.8255 32 53.2610 LiftProj:16 423 15.84%
0 0 44.8620 32 53.2610 LiftProj:11 431 15.77%
0 0 44.9666 33 53.2610 LiftProj:12 444 15.57%
0 0 45.0715 30 53.2610 LiftProj:12 459 15.38%
0 0 45.1205 30 53.2610 LiftProj:15 468 15.28%
0 0 45.1389 29 53.2610 LiftProj:7 475 15.25%
0 0 45.1454 29 53.2610 LiftProj:13 484 15.24%
0+ 0 nan nan 49.6360 45.1454 nan 9.05%
0+ 0 nan nan 49.6360 45.1454 nan 9.05%
0 0 45.8108 9 49.6360 45.8108 600 7.71%
0 0 46.0858 8 49.6360 Cuts:21 621 7.15%
0+ 0 nan nan 47.5785 46.0858 nan 3.14%
0 0 46.2084 10 47.5785 Cuts:19 631 2.88%
0 0 46.2719 10 47.5785 Cuts:16 644 2.75%
0 0 46.3015 9 47.5785 Cuts:10 654 2.68%
0 0 46.3047 9 47.5785 LiftProj:8 660 2.68%
0 0 46.3101 9 47.5785 Cuts:16 667 2.67%
0 0 46.3157 9 47.5785 LiftProj:6 673 2.65%
0 0 46.3532 11 47.5785 LiftProj:9 682 2.58%
0 0 46.3714 10 47.5785 LiftProj:7 688 2.54%
0 0 46.3728 10 47.5785 LiftProj:6 691 2.53%
0 0 46.3899 10 47.5785 LiftProj:6 700 2.50%
0 0 46.4040 10 47.5785 LiftProj:6 704 2.47%
0 0 46.4824 10 47.5785 LiftProj:6 717 2.30%
0 0 46.5226 10 47.5785 LiftProj:7 725 2.22%
0 0 46.5297 10 47.5785 LiftProj:14 730 2.20%
0 0 46.5547 10 47.5785 LiftProj:4 737 2.15%
0 0 46.5663 10 47.5785 LiftProj:8 742 2.13%
0 0 46.5819 10 47.5785 LiftProj:4 748 2.09%
0 0 46.6552 8 47.5785 LiftProj:6 761 1.94%
0 0 46.6589 9 47.5785 LiftProj:4 766 1.93%
0 2 46.6619 8 47.5785 46.6819 766 1.88%
CPXPARAM_MIP_Cuts_FlowCovers-Gomory-LiftProj:FlowCovers 0
CPXPARAM_MIP_Cuts_FlowCovers-Gomory-LiftProj:Gomory 20
CPXPARAM_MIP_Cuts_FlowCovers-Gomory-LiftProj:LiftProj 0
39
Node Left Objective IInf Best_Integer Best_Bound ItCnt Gap
0+ 0 nan nan 480.0000 -480.0000 nan 200.00%
0 0 0.0000 23 480.0000 0.0000 130 100.00%
0+ 0 nan nan 44.0554 0.0000 nan 100.00%
0+ 0 nan nan 22.8245 0.0000 nan 100.00%
0+ 0 nan nan 22.1812 0.0000 nan 100.00%
0+ 0 nan nan 19.2391 0.0000 nan 100.00%
0 2 0.0000 15 19.2391 0.0000 130 100.00%
CPXPARAM_MIP_Cuts_FlowCovers-Gomory-LiftProj:FlowCovers 0
CPXPARAM_MIP_Cuts_FlowCovers-Gomory-LiftProj:Gomory 0
CPXPARAM_MIP_Cuts_FlowCovers-Gomory-LiftProj:LiftProj 0
