0
Node Left Objective IInf Best_Integer Best_Bound ItCnt Gap
0+ 0 nan nan 34161.4517 -3416.1452 nan 110.00%
0+ 0 nan nan -9.1115 -3416.1452 nan ---
0 0 -272.2296 18 -9.1115 -272.2296 107 ---
0 0 -271.5071 17 -9.1115 Cuts:12 132 ---
0+ 0 nan nan -243.0290 -271.5071 nan 11.72%
0 0 -270.2955 20 -243.0290 Cuts:25 152 11.22%
0 0 -269.8109 18 -243.0290 Cuts:30 171 11.02%
0 0 -269.4695 18 -243.0290 Cuts:32 197 10.88%
0 0 -269.3335 23 -243.0290 Cuts:22 216 10.82%
0+ 0 nan nan -253.3077 -269.3335 nan 6.33%
0 0 -269.2718 22 -253.3077 Cuts:26 237 6.30%
0 0 -269.0934 22 -253.3077 Cuts:25 264 6.23%
0 0 -269.0613 24 -253.3077 LiftProj:13 277 6.22%
0 0 -268.6582 22 -253.3077 Cuts:37 304 6.06%
0 0 -268.5750 23 -253.3077 LiftProj:13 314 6.03%
0 0 -268.1003 26 -253.3077 LiftProj:21 343 5.84%
0 0 -268.0198 24 -253.3077 Cuts:23 357 5.81%
0 0 -267.7435 23 -253.3077 LiftProj:16 374 5.70%
0 0 -267.6159 25 -253.3077 Cuts:18 385 5.65%
0 0 -267.4123 27 -253.3077 LiftProj:25 410 5.57%
0 0 -267.2479 28 -253.3077 LiftProj:10 449 5.50%
0 0 -267.2135 26 -253.3077 Cuts:18 459 5.49%
0 0 -267.2135 21 -253.3077 Cuts:10 468 5.49%
0 2 -267.2135 21 -253.3077 -267.1197 468 5.45%
CPXPARAM_MIP_Cuts_Gomory-LiftProj:Gomory 18
CPXPARAM_MIP_Cuts_Gomory-LiftProj:LiftProj 2
1
Node Left Objective IInf Best_Integer Best_Bound ItCnt Gap
0+ 0 nan nan 35615.1100 -3561.5110 nan 110.00%
0+ 0 nan nan -13.9570 -3561.5110 nan ---
0 0 -961.6080 24 -13.9570 -961.6080 119 ---
0+ 0 nan nan -929.6071 -961.6080 nan 3.44%
0 0 -961.6080 23 -929.6071 Cuts:8 154 3.44%
0+ 0 nan nan -934.9141 -961.6080 nan 2.86%
0 0 -961.6080 24 -934.9141 Cuts:19 184 2.86%
0+ 0 nan nan -939.1232 -961.6080 nan 2.39%
0+ 0 nan nan -941.4687 -961.6080 nan 2.14%
0 2 -961.6080 23 -941.4687 -961.6080 184 2.14%
CPXPARAM_MIP_Cuts_Gomory-LiftProj:Gomory 0
CPXPARAM_MIP_Cuts_Gomory-LiftProj:LiftProj 1
2
Node Left Objective IInf Best_Integer Best_Bound ItCnt Gap
0+ 0 nan nan 43985.9344 -4398.5934 nan 110.00%
0 0 -370.4744 15 43985.9344 -370.4744 120 100.84%
0+ 0 nan nan 77.4880 -370.4744 nan 578.11%
0 0 -370.4744 17 77.4880 Cuts:9 147 578.11%
0+ 0 nan nan -65.7985 -370.4744 nan 463.04%
0 0 -369.2465 25 -65.7985 Cuts:21 172 461.18%
0+ 0 nan nan -68.1263 -369.2465 nan 442.00%
0 0 -368.7768 25 -68.1263 Cuts:19 186 441.31%
0 0 -368.1547 27 -68.1263 Cuts:22 205 440.40%
0 0 -367.8772 28 -68.1263 Cuts:17 226 439.99%
0 0 -367.7077 28 -68.1263 Cuts:19 241 439.74%
0+ 0 nan nan -70.1267 -367.7077 nan 424.35%
0 0 -367.3915 29 -70.1267 Cuts:13 262 423.90%
0 0 -367.2704 31 -70.1267 LiftProj:13 271 423.72%
0 0 -367.1762 30 -70.1267 LiftProj:10 283 423.59%
0 0 -366.6655 29 -70.1267 LiftProj:17 298 422.86%
0 0 -366.3335 32 -70.1267 LiftProj:20 312 422.39%
0 0 -366.1432 32 -70.1267 LiftProj:13 321 422.12%
0 0 -365.8309 31 -70.1267 LiftProj:13 340 421.67%
0 0 -365.2956 30 -70.1267 LiftProj:13 360 420.91%
0 0 -365.1285 32 -70.1267 LiftProj:14 374 420.67%
0 0 -364.7294 30 -70.1267 LiftProj:12 397 420.10%
0 0 -364.5217 31 -70.1267 LiftProj:15 408 419.80%
0 0 -364.3431 33 -70.1267 LiftProj:18 417 419.55%
0 0 -363.9941 30 -70.1267 LiftProj:17 435 419.05%
0 0 -363.8132 32 -70.1267 LiftProj:12 450 418.79%
0 0 -363.5119 31 -70.1267 LiftProj:13 465 418.36%
0 0 -363.3200 33 -70.1267 LiftProj:14 482 418.09%
0 0 -363.0820 33 -70.1267 LiftProj:9 496 417.75%
0 0 -362.8413 32 -70.1267 LiftProj:13 511 417.41%
0 0 -362.7256 32 -70.1267 LiftProj:9 527 417.24%
0 0 -362.6000 31 -70.1267 LiftProj:12 540 417.06%
0 0 -362.5100 30 -70.1267 LiftProj:11 552 416.94%
0+ 0 nan nan -343.0086 -362.5100 nan 5.69%
0+ 0 nan nan -345.4349 -362.5100 nan 4.94%
0 2 -362.5100 30 -345.4349 -362.4768 552 4.93%
CPXPARAM_MIP_Cuts_Gomory-LiftProj:Gomory 34
CPXPARAM_MIP_Cuts_Gomory-LiftProj:LiftProj 0
3
Node Left Objective IInf Best_Integer Best_Bound ItCnt Gap
0+ 0 nan nan 30261.1198 -3026.1120 nan 110.00%
0+ 0 nan nan -27.8385 -3026.1120 nan ---
0 0 -817.0502 21 -27.8385 -817.0502 123 ---
0+ 0 nan nan -500.5414 -817.0502 nan 63.23%
0 0 -817.0502 20 -500.5414 Cuts:6 132 63.23%
0+ 0 nan nan -503.0172 -817.0502 nan 62.43%
0 0 -817.0502 21 -503.0172 Cuts:20 157 62.43%
0+ 0 nan nan -607.7307 -817.0502 nan 34.44%
0 0 -817.0502 19 -607.7307 Cuts:16 176 34.44%
0+ 0 nan nan -705.3737 -817.0502 nan 15.83%
0+ 0 nan nan -797.5466 -817.0502 nan 2.45%
0+ 0 nan nan -800.8789 -817.0502 nan 2.02%
0 2 -817.0502 18 -800.8789 -817.0502 176 2.02%
CPXPARAM_MIP_Cuts_Gomory-LiftProj:Gomory 0
CPXPARAM_MIP_Cuts_Gomory-LiftProj:LiftProj 2
4
Node Left Objective IInf Best_Integer Best_Bound ItCnt Gap
0+ 0 nan nan 34458.7280 -3445.8728 nan 110.00%
0 0 -264.7419 14 34458.7280 -264.7419 108 100.77%
0+ 0 nan nan -234.8089 -264.7419 nan 12.75%
0 0 -264.7344 20 -234.8089 Cuts:13 133 12.74%
0+ 0 nan nan -248.4506 -264.7344 nan 6.55%
0 0 -264.1671 21 -248.4506 Cuts:13 146 6.33%
0+ 0 nan nan -248.5262 -264.1671 nan 6.29%
0 0 -263.9156 22 -248.5262 Cuts:25 171 6.19%
0+ 0 nan nan -254.7695 -263.9156 nan 3.59%
0 0 -263.8309 23 -254.7695 Cuts:20 184 3.56%
0 0 -263.7597 32 -254.7695 Cuts:20 214 3.53%
0 0 -263.7377 32 -254.7695 Cuts:8 224 3.52%
0 0 -263.6775 34 -254.7695 Cuts:15 241 3.50%
0+ 0 nan nan -255.5709 -263.6775 nan 3.17%
0 0 -263.6197 32 -255.5709 LiftProj:10 259 3.15%
0 0 -263.4817 32 -255.5709 Cuts:22 281 3.10%
0 0 -263.3292 32 -255.5709 Cuts:15 306 3.04%
0 0 -263.3219 33 -255.5709 Cuts:7 314 3.03%
0 0 -263.2933 35 -255.5709 LiftProj:10 333 3.02%
0 2 -263.1940 20 -255.5709 -263.1347 333 2.96%
CPXPARAM_MIP_Cuts_Gomory-LiftProj:Gomory 18
CPXPARAM_MIP_Cuts_Gomory-LiftProj:LiftProj 7
5
Node Left Objective IInf Best_Integer Best_Bound ItCnt Gap
0+ 0 nan nan 38594.8151 -3859.4815 nan 110.00%
0 0 -1042.0600 24 38594.8151 -1042.0600 131 102.70%
0+ 0 nan nan -643.5865 -1042.0600 nan 61.91%
0 0 -1042.0600 21 -643.5865 Fract:1 135 61.91%
0+ 0 nan nan -659.3828 -1042.0600 nan 58.04%
0 0 -1042.0600 22 -659.3828 Cuts:28 173 58.04%
0+ 0 nan nan -904.8430 -1042.0600 nan 15.16%
0+ 0 nan nan -1023.2245 -1042.0600 nan 1.84%
0 2 -1042.0600 19 -1023.2245 -1042.0600 173 1.84%
CPXPARAM_MIP_Cuts_Gomory-LiftProj:Gomory 0
CPXPARAM_MIP_Cuts_Gomory-LiftProj:LiftProj 0
6
Node Left Objective IInf Best_Integer Best_Bound ItCnt Gap
0+ 0 nan nan 34567.3714 -3456.7371 nan 110.00%
0 0 -265.8283 10 34567.3714 -265.8283 105 100.77%
0+ 0 nan nan -259.1378 -265.8283 nan 2.58%
0 0 -265.8283 9 -259.1378 Cuts:5 118 2.58%
0+ 0 nan nan -260.0244 -265.8283 nan 2.23%
0 0 -265.8002 20 -260.0244 Cuts:13 144 2.22%
0 0 -265.4858 24 -260.0244 Cuts:6 156 2.10%
0 0 -265.2461 23 -260.0244 Cuts:13 168 2.01%
0+ 0 nan nan -260.2672 -265.2461 nan 1.91%
0 0 -265.0715 22 -260.2672 Cuts:15 183 1.85%
0 0 -265.0279 24 -260.2672 Cuts:13 192 1.83%
0 0 -264.9581 24 -260.2672 Cuts:12 207 1.80%
0 0 -264.8432 24 -260.2672 LiftProj:7 231 1.76%
0 0 -264.7611 25 -260.2672 LiftProj:8 240 1.73%
0 0 -264.7081 22 -260.2672 Cuts:12 252 1.71%
0 0 -264.6968 24 -260.2672 LiftProj:7 258 1.70%
0+ 0 nan nan -260.3945 -264.6968 nan 1.65%
0 0 -264.6882 25 -260.3945 LiftProj:7 266 1.65%
0+ 0 nan nan -260.3945 -264.6882 nan 1.65%
0 0 -264.4854 11 -260.3945 -264.4854 371 1.57%
0 0 -264.2870 11 -260.3945 Cuts:20 382 1.49%
0 0 -264.2020 11 -260.3945 LiftProj:10 390 1.46%
0+ 0 nan nan -260.4794 -264.2020 nan 1.43%
0 0 -264.1581 11 -260.4794 LiftProj:7 398 1.41%
0 0 -264.1074 11 -260.4794 LiftProj:7 400 1.39%
0 0 -263.9434 11 -260.4794 Cuts:9 409 1.33%
0 0 -263.9052 11 -260.4794 Cuts:11 421 1.32%
0 0 -263.5110 11 -260.4794 Cuts:10 442 1.16%
0 0 -263.3920 11 -260.4794 Cuts:13 452 1.12%
0 0 -263.3273 11 -260.4794 Cuts:18 460 1.09%
0 0 -263.3047 11 -260.4794 LiftProj:13 466 1.08%
0 0 -263.2981 11 -260.4794 LiftProj:10 475 1.08%
0 2 -263.2741 10 -260.4794 -263.2714 475 1.07%
CPXPARAM_MIP_Cuts_Gomory-LiftProj:Gomory 15
CPXPARAM_MIP_Cuts_Gomory-LiftProj:LiftProj 3
7
Node Left Objective IInf Best_Integer Best_Bound ItCnt Gap
0+ 0 nan nan 37478.4256 -3747.8426 nan 110.00%
0 0 -1011.9175 20 37478.4256 -1011.9175 132 102.70%
0+ 0 nan nan -758.7340 -1011.9175 nan 33.37%
0 0 -1011.9175 18 -758.7340 Cuts:4 146 33.37%
0+ 0 nan nan -1000.2039 -1011.9175 nan 1.17%
0 0 -1011.9175 21 -1000.2039 Cuts:25 189 1.17%
0+ 0 nan nan -1002.0883 -1011.9175 nan 0.98%
0 2 -1011.9175 16 -1002.0883 -1011.9175 189 0.98%
CPXPARAM_MIP_Cuts_Gomory-LiftProj:Gomory 0
CPXPARAM_MIP_Cuts_Gomory-LiftProj:LiftProj 0
8
Node Left Objective IInf Best_Integer Best_Bound ItCnt Gap
0+ 0 nan nan 40648.0270 -4064.8027 nan 110.00%
0 0 -308.3092 15 40648.0270 -308.3092 100 100.76%
0+ 0 nan nan -16.3935 -308.3092 nan ---
0 0 -308.3092 20 -16.3935 Cuts:16 129 ---
0+ 0 nan nan -19.2777 -308.3092 nan ---
0 0 -307.9020 20 -19.2777 Cuts:20 145 ---
0+ 0 nan nan -29.5642 -307.9020 nan 941.47%
0 0 -307.3743 24 -29.5642 Cuts:17 156 939.69%
0+ 0 nan nan -290.9549 -307.3743 nan 5.64%
0 0 -307.2858 28 -290.9549 Cuts:22 183 5.61%
0 0 -307.2480 25 -290.9549 Cuts:23 198 5.60%
0 0 -307.2286 29 -290.9549 Cuts:11 220 5.59%
0 0 -307.2278 33 -290.9549 Cuts:6 229 5.59%
0+ 0 nan nan -296.1822 -307.2278 nan 3.73%
0+ 0 nan nan -296.4044 -307.2278 nan 3.65%
0 2 -307.2278 32 -296.4044 -307.2263 229 3.65%
CPXPARAM_MIP_Cuts_Gomory-LiftProj:Gomory 9
CPXPARAM_MIP_Cuts_Gomory-LiftProj:LiftProj 18
9
Node Left Objective IInf Best_Integer Best_Bound ItCnt Gap
0+ 0 nan nan 39148.7823 -3914.8782 nan 110.00%
0 0 -1057.0171 26 39148.7823 -1057.0171 128 102.70%
0+ 0 nan nan -983.3068 -1057.0171 nan 7.50%
0+ 0 nan nan -1024.0985 -1057.0171 nan 3.21%
0 2 -1057.0171 25 -1024.0985 -1057.0171 128 3.21%
CPXPARAM_MIP_Cuts_Gomory-LiftProj:Gomory 0
CPXPARAM_MIP_Cuts_Gomory-LiftProj:LiftProj 0
10
Node Left Objective IInf Best_Integer Best_Bound ItCnt Gap
0+ 0 nan nan 54374.6429 -5437.4643 nan 110.00%
0 0 -445.5754 15 54374.6429 -445.5754 114 100.82%
0+ 0 nan nan -60.9481 -445.5754 nan 631.07%
0 0 -445.5754 14 -60.9481 Cuts:9 132 631.07%
0+ 0 nan nan -72.0939 -445.5754 nan 518.05%
0 0 -445.4878 20 -72.0939 Cuts:18 153 517.93%
0+ 0 nan nan -78.1507 -445.4878 nan 470.04%
0 0 -444.6472 26 -78.1507 Cuts:23 173 468.96%
0 0 -444.0184 28 -78.1507 Cuts:15 194 468.16%
0 0 -443.1382 29 -78.1507 Cuts:16 219 467.03%
0 0 -442.4318 30 -78.1507 Cuts:17 246 466.13%
0 0 -442.4247 31 -78.1507 LiftProj:12 251 466.12%
0 0 -442.3372 30 -78.1507 Cuts:15 259 466.01%
0 0 -442.2737 31 -78.1507 LiftProj:13 267 465.92%
0 0 -442.1579 30 -78.1507 LiftProj:12 275 465.78%
0 0 -441.9805 31 -78.1507 LiftProj:14 291 465.55%
0+ 0 nan nan -79.1104 -441.9805 nan 458.69%
0 0 -441.6502 27 -79.1104 LiftProj:16 307 458.27%
0 0 -441.3072 30 -79.1104 LiftProj:21 325 457.84%
0 0 -441.1437 30 -79.1104 LiftProj:17 334 457.63%
0 0 -441.0666 33 -79.1104 LiftProj:15 342 457.53%
0 0 -440.2936 30 -79.1104 LiftProj:14 363 456.56%
0 0 -440.1044 31 -79.1104 LiftProj:11 378 456.32%
0 0 -439.7813 30 -79.1104 LiftProj:9 395 455.91%
0 0 -439.5937 32 -79.1104 LiftProj:12 406 455.67%
0 0 -439.4096 32 -79.1104 LiftProj:7 416 455.44%
0 0 -439.0446 31 -79.1104 LiftProj:13 437 454.98%
0 0 -438.7814 32 -79.1104 LiftProj:9 452 454.64%
0 0 -438.4248 32 -79.1104 LiftProj:10 463 454.19%
0 0 -438.3936 32 -79.1104 LiftProj:13 472 454.15%
0+ 0 nan nan -420.3389 -438.3936 nan 4.30%
0+ 0 nan nan -424.4142 -438.3936 nan 3.29%
0 2 -438.3936 32 -424.4142 -438.3873 472 3.29%
CPXPARAM_MIP_Cuts_Gomory-LiftProj:Gomory 34
CPXPARAM_MIP_Cuts_Gomory-LiftProj:LiftProj 0
11
Node Left Objective IInf Best_Integer Best_Bound ItCnt Gap
0+ 0 nan nan 44941.4154 -4494.1415 nan 110.00%
0 0 -1213.4182 21 44941.4154 -1213.4182 124 102.70%
0+ 0 nan nan -885.8560 -1213.4182 nan 36.98%
0 0 -1213.4182 17 -885.8560 Fract:1 126 36.98%
0+ 0 nan nan -1038.7827 -1213.4182 nan 16.81%
0 0 -1213.4182 20 -1038.7827 Cuts:23 159 16.81%
0+ 0 nan nan -1045.5164 -1213.4182 nan 16.06%
0+ 0 nan nan -1185.9446 -1213.4182 nan 2.32%
0+ 0 nan nan -1186.8068 -1213.4182 nan 2.24%
0 2 -1213.4182 19 -1186.8068 -1213.4182 159 2.24%
CPXPARAM_MIP_Cuts_Gomory-LiftProj:Gomory 0
CPXPARAM_MIP_Cuts_Gomory-LiftProj:LiftProj 0
12
Node Left Objective IInf Best_Integer Best_Bound ItCnt Gap
0+ 0 nan nan 42580.0140 -4258.0014 nan 110.00%
0 0 -346.6810 17 42580.0140 -346.6810 121 100.81%
0+ 0 nan nan -162.2690 -346.6810 nan 113.65%
0 0 -346.1144 18 -162.2690 Cuts:16 147 113.30%
0+ 0 nan nan -310.5479 -346.1144 nan 11.45%
0 0 -345.0681 18 -310.5479 Cuts:26 160 11.12%
0 0 -344.9065 23 -310.5479 Cuts:24 185 11.06%
0+ 0 nan nan -315.5233 -344.9065 nan 9.31%
0 0 -344.6495 28 -315.5233 Cuts:29 201 9.23%
0 0 -344.1516 28 -315.5233 Cuts:28 228 9.07%
0 0 -344.1312 35 -315.5233 LiftProj:11 250 9.07%
0 0 -343.9556 35 -315.5233 LiftProj:16 265 9.01%
0 0 -343.8091 36 -315.5233 Cuts:18 289 8.96%
0 0 -343.5898 36 -315.5233 LiftProj:16 308 8.90%
0+ 0 nan nan -315.5731 -343.5898 nan 8.88%
0 0 -343.4178 35 -315.5731 LiftProj:13 320 8.82%
0+ 0 nan nan -317.3396 -343.4178 nan 8.22%
0 0 -343.2550 37 -317.3396 LiftProj:15 334 8.17%
0 0 -343.0924 36 -317.3396 LiftProj:11 348 8.12%
0 0 -343.0392 38 -317.3396 LiftProj:15 357 8.10%
0 0 -342.8309 37 -317.3396 LiftProj:14 367 8.03%
0 0 -342.7419 38 -317.3396 LiftProj:20 376 8.00%
0 0 -342.5323 36 -317.3396 LiftProj:17 392 7.94%
0 0 -342.2903 36 -317.3396 LiftProj:17 408 7.86%
0 0 -342.2374 37 -317.3396 LiftProj:24 418 7.85%
0 2 -342.2374 37 -317.3396 -342.2125 418 7.84%
CPXPARAM_MIP_Cuts_Gomory-LiftProj:Gomory 30
CPXPARAM_MIP_Cuts_Gomory-LiftProj:LiftProj 0
13
Node Left Objective IInf Best_Integer Best_Bound ItCnt Gap
0+ 0 nan nan 37422.3656 -3742.2366 nan 110.00%
0 0 -1010.4039 26 37422.3656 -1010.4039 127 102.70%
0+ 0 nan nan -705.3729 -1010.4039 nan 43.24%
0+ 0 nan nan -835.0344 -1010.4039 nan 21.00%
0+ 0 nan nan -960.5667 -1010.4039 nan 5.19%
0+ 0 nan nan -963.1022 -1010.4039 nan 4.91%
0 2 -1010.4039 22 -963.1022 -1010.4039 127 4.91%
CPXPARAM_MIP_Cuts_Gomory-LiftProj:Gomory 0
CPXPARAM_MIP_Cuts_Gomory-LiftProj:LiftProj 0
14
Node Left Objective IInf Best_Integer Best_Bound ItCnt Gap
0+ 0 nan nan 45478.3676 -4547.8368 nan 110.00%
0+ 0 nan nan -71.5867 -4547.8368 nan ---
0 0 -375.6645 14 -71.5867 -375.6645 118 424.77%
0+ 0 nan nan -210.9861 -375.6645 nan 78.05%
0 0 -375.6645 15 -210.9861 Cuts:7 143 78.05%
0 0 -374.5720 24 -210.9861 Cuts:16 174 77.53%
0+ 0 nan nan -215.8596 -374.5720 nan 73.53%
0 0 -373.9988 23 -215.8596 Cuts:15 190 73.26%
0 0 -373.6612 24 -215.8596 Cuts:12 200 73.10%
0 0 -373.2728 25 -215.8596 Cuts:16 217 72.92%
0 0 -373.1707 24 -215.8596 Cuts:12 229 72.88%
0 0 -373.0015 26 -215.8596 LiftProj:10 241 72.80%
0 0 -372.7980 27 -215.8596 LiftProj:9 257 72.70%
0 0 -372.4036 30 -215.8596 Cuts:12 281 72.52%
0 0 -371.9800 27 -215.8596 Cuts:18 296 72.32%
0 0 -371.9737 30 -215.8596 LiftProj:11 302 72.32%
0+ 0 nan nan -352.8235 -371.9737 nan 5.43%
0+ 0 nan nan -356.6094 -371.9737 nan 4.31%
0 2 -371.9737 29 -356.6094 -371.9727 302 4.31%
CPXPARAM_MIP_Cuts_Gomory-LiftProj:Gomory 16
CPXPARAM_MIP_Cuts_Gomory-LiftProj:LiftProj 3
15
Node Left Objective IInf Best_Integer Best_Bound ItCnt Gap
0+ 0 nan nan 40586.2473 -4058.6247 nan 110.00%
0+ 0 nan nan -55.2796 -4058.6247 nan ---
0 0 -1095.8287 21 -55.2796 -1095.8287 127 ---
0+ 0 nan nan -810.7899 -1095.8287 nan 35.16%
0 0 -1095.8287 19 -810.7899 Cuts:2 129 35.16%
0+ 0 nan nan -935.8588 -1095.8287 nan 17.09%
0 0 -1095.8287 20 -935.8588 Cuts:29 161 17.09%
0+ 0 nan nan -937.0561 -1095.8287 nan 16.94%
0 0 -1095.8287 18 -937.0561 Cuts:3 164 16.94%
0+ 0 nan nan -938.8738 -1095.8287 nan 16.72%
0+ 0 nan nan -1071.1043 -1095.8287 nan 2.31%
0+ 0 nan nan -1074.4724 -1095.8287 nan 1.99%
0 2 -1095.8287 16 -1074.4724 -1095.8287 164 1.99%
CPXPARAM_MIP_Cuts_Gomory-LiftProj:Gomory 0
CPXPARAM_MIP_Cuts_Gomory-LiftProj:LiftProj 1
16
Node Left Objective IInf Best_Integer Best_Bound ItCnt Gap
0+ 0 nan nan 43744.3909 -4374.4391 nan 110.00%
0 0 -350.8553 16 43744.3909 -350.8553 106 100.80%
0+ 0 nan nan -164.1045 -350.8553 nan 113.80%
0 0 -350.8553 16 -164.1045 Cuts:21 136 113.80%
0+ 0 nan nan -188.0928 -350.8553 nan 86.53%
0 0 -349.7583 28 -188.0928 Cuts:20 154 85.95%
0 0 -349.3204 30 -188.0928 Cuts:16 168 85.72%
0 0 -349.0564 32 -188.0928 Cuts:17 190 85.58%
0 0 -348.9879 29 -188.0928 Cuts:13 205 85.54%
0 0 -348.8650 30 -188.0928 Cuts:21 221 85.47%
0+ 0 nan nan -188.5863 -348.8650 nan 84.99%
0 0 -348.7973 29 -188.5863 Cuts:7 231 84.95%
0 0 -348.7281 32 -188.5863 Cuts:21 241 84.92%
0+ 0 nan nan -189.1705 -348.7281 nan 84.35%
0 0 -348.4996 32 -189.1705 LiftProj:14 261 84.23%
0 0 -348.3191 35 -189.1705 Cuts:12 282 84.13%
0 0 -348.2493 34 -189.1705 LiftProj:11 295 84.09%
0 0 -348.0358 33 -189.1705 Cuts:17 316 83.98%
0 0 -347.9295 33 -189.1705 Cuts:13 323 83.92%
0 0 -347.7173 35 -189.1705 LiftProj:13 338 83.81%
0 0 -347.4493 34 -189.1705 LiftProj:11 358 83.67%
0 0 -347.4267 34 -189.1705 Cuts:10 367 83.66%
0+ 0 nan nan -325.8675 -347.4267 nan 6.62%
0 2 -347.4267 34 -325.8675 -347.4217 367 6.61%
CPXPARAM_MIP_Cuts_Gomory-LiftProj:Gomory 24
CPXPARAM_MIP_Cuts_Gomory-LiftProj:LiftProj 7
17
Node Left Objective IInf Best_Integer Best_Bound ItCnt Gap
0+ 0 nan nan 33279.2221 -3327.9222 nan 110.00%
0+ 0 nan nan -3.4967 -3327.9222 nan ---
0 0 -898.5390 26 -3.4967 -898.5390 128 ---
0+ 0 nan nan -737.6936 -898.5390 nan 21.80%
0 0 -898.5390 25 -737.6936 Cuts:4 131 21.80%
0 0 -898.5390 27 -737.6936 Cuts:38 161 21.80%
0 0 -898.5390 25 -737.6936 Cuts:12 194 21.80%
0+ 0 nan nan -858.6741 -898.5390 nan 4.64%
0+ 0 nan nan -869.3145 -898.5390 nan 3.36%
0 2 -898.5390 25 -869.3145 -898.5390 194 3.36%
CPXPARAM_MIP_Cuts_Gomory-LiftProj:Gomory 3
CPXPARAM_MIP_Cuts_Gomory-LiftProj:LiftProj 1
18
Node Left Objective IInf Best_Integer Best_Bound ItCnt Gap
0+ 0 nan nan 37643.8042 -3764.3804 nan 110.00%
0 0 -289.8495 10 37643.8042 -289.8495 101 100.77%
0+ 0 nan nan -272.0103 -289.8495 nan 6.56%
0 0 -289.8495 10 -272.0103 Cuts:8 118 6.56%
0+ 0 nan nan -279.8525 -289.8495 nan 3.57%
0 0 -289.6439 16 -279.8525 Cuts:13 143 3.50%
0 0 -289.1972 19 -279.8525 Cuts:10 151 3.34%
0+ 0 nan nan -280.8789 -289.1972 nan 2.96%
0 0 -288.9460 23 -280.8789 Cuts:14 164 2.87%
0 0 -288.8110 19 -280.8789 Cuts:11 171 2.82%
0 0 -288.6592 22 -280.8789 Cuts:14 186 2.77%
0 0 -288.5389 22 -280.8789 Cuts:11 191 2.73%
0 0 -288.3860 26 -280.8789 LiftProj:13 204 2.67%
0 0 -288.3316 26 -280.8789 Cuts:6 214 2.65%
0 0 -288.2752 25 -280.8789 Cuts:6 223 2.63%
0 0 -288.2613 28 -280.8789 Cuts:12 234 2.63%
0 2 -288.1010 19 -280.8789 -288.0440 234 2.55%
CPXPARAM_MIP_Cuts_Gomory-LiftProj:Gomory 15
CPXPARAM_MIP_Cuts_Gomory-LiftProj:LiftProj 11
19
Node Left Objective IInf Best_Integer Best_Bound ItCnt Gap
0+ 0 nan nan 38025.4807 -3802.5481 nan 110.00%
0 0 -1026.6880 21 38025.4807 -1026.6880 120 102.70%
0+ 0 nan nan -139.4268 -1026.6880 nan 636.36%
0+ 0 nan nan -876.0230 -1026.6880 nan 17.20%
0 0 -1026.6880 19 -876.0230 Cuts:3 127 17.20%
0 0 -1026.6880 20 -876.0230 Cuts:12 144 17.20%
0 0 -1026.6880 21 -876.0230 Cuts:10 163 17.20%
0+ 0 nan nan -998.2775 -1026.6880 nan 2.85%
0+ 0 nan nan -1006.6446 -1026.6880 nan 1.99%
0 2 -1026.6880 20 -1006.6446 -1026.6880 163 1.99%
CPXPARAM_MIP_Cuts_Gomory-LiftProj:Gomory 0
CPXPARAM_MIP_Cuts_Gomory-LiftProj:LiftProj 0
20
Node Left Objective IInf Best_Integer Best_Bound ItCnt Gap
0+ 0 nan nan 30230.0491 -3023.0049 nan 110.00%
0+ 0 nan nan -31.8492 -3023.0049 nan ---
0 0 -244.0260 13 -31.8492 -244.0260 114 666.19%
0+ 0 nan nan -225.0974 -244.0260 nan 8.41%
0 0 -244.0136 24 -225.0974 Cuts:10 153 8.40%
0 0 -243.3892 30 -225.0974 Cuts:20 175 8.13%
0 0 -243.0958 31 -225.0974 Cuts:26 195 8.00%
0+ 0 nan nan -235.2058 -243.0958 nan 3.35%
0 0 -242.9681 30 -235.2058 Cuts:18 216 3.30%
0 0 -242.7352 30 -235.2058 Cuts:18 233 3.20%
0 0 -242.7244 31 -235.2058 LiftProj:10 243 3.20%
0 0 -242.7219 27 -235.2058 LiftProj:2 246 3.20%
0+ 0 nan nan -235.5966 -242.7219 nan 3.02%
0 2 -242.6811 14 -235.5966 -242.6750 246 3.00%
CPXPARAM_MIP_Cuts_Gomory-LiftProj:Gomory 10
CPXPARAM_MIP_Cuts_Gomory-LiftProj:LiftProj 8
21
Node Left Objective IInf Best_Integer Best_Bound ItCnt Gap
0+ 0 nan nan 30666.8495 -3066.6850 nan 110.00%
0+ 0 nan nan -33.3052 -3066.6850 nan ---
0 0 -828.0049 23 -33.3052 -828.0049 122 ---
0+ 0 nan nan -702.5842 -828.0049 nan 17.85%
0 0 -828.0049 22 -702.5842 Fract:1 126 17.85%
0 0 -828.0049 23 -702.5842 Cuts:12 144 17.85%
0+ 0 nan nan -714.6256 -828.0049 nan 15.87%
0 0 -828.0049 24 -714.6256 Cuts:18 197 15.87%
0+ 0 nan nan -799.2577 -828.0049 nan 3.60%
0+ 0 nan nan -810.6533 -828.0049 nan 2.14%
0 2 -828.0049 21 -810.6533 -828.0049 197 2.14%
CPXPARAM_MIP_Cuts_Gomory-LiftProj:Gomory 0
CPXPARAM_MIP_Cuts_Gomory-LiftProj:LiftProj 1
22
Node Left Objective IInf Best_Integer Best_Bound ItCnt Gap
0+ 0 nan nan 31159.1377 -3115.9138 nan 110.00%
0+ 0 nan nan -43.0892 -3115.9138 nan ---
0 0 -253.3169 9 -43.0892 -253.3169 105 487.89%
0+ 0 nan nan -248.1698 -253.3169 nan 2.07%
0 0 -253.2942 21 -248.1698 Cuts:11 133 2.06%
0 0 -253.0262 21 -248.1698 Cuts:10 154 1.96%
0+ 0 nan nan -251.8782 -253.0262 nan 0.46%
0 0 -252.8416 21 -251.8782 Cuts:10 172 0.38%
0 0 -252.7604 19 -251.8782 Fract:4 180 0.35%
0 0 -252.6872 19 -251.8782 Cuts:8 202 0.32%
0+ 0 nan nan -251.8782 -252.6872 nan 0.32%
0 0 -252.6605 21 -251.8782 LiftProj:6 219 0.31%
0 0 -252.6507 20 -251.8782 Cuts:6 228 0.31%
0 0 -252.6472 21 -251.8782 LiftProj:5 233 0.31%
0+ 0 nan nan -251.8782 -252.6472 nan 0.31%
0 0 -252.3112 6 -251.8782 -252.3112 339 0.17%
0 0 -252.1418 6 -251.8782 Cuts:6 355 0.10%
0 0 -251.8982 4 -251.8782 Cuts:4 367 0.01%
CPXPARAM_MIP_Cuts_Gomory-LiftProj:Gomory 2
CPXPARAM_MIP_Cuts_Gomory-LiftProj:LiftProj 2
23
Node Left Objective IInf Best_Integer Best_Bound ItCnt Gap
0+ 0 nan nan 32197.4304 -3219.7430 nan 110.00%
0+ 0 nan nan -46.5502 -3219.7430 nan ---
0 0 -869.3306 18 -46.5502 -869.3306 127 ---
0+ 0 nan nan -332.7068 -869.3306 nan 161.29%
0+ 0 nan nan -560.8164 -869.3306 nan 55.01%
0 0 -869.3306 13 -560.8164 Cuts:2 129 55.01%
0+ 0 nan nan -765.0743 -869.3306 nan 13.63%
0 0 -869.3306 15 -765.0743 Cuts:14 151 13.63%
0 0 -869.3306 18 -765.0743 Cuts:14 192 13.63%
0+ 0 nan nan -862.1577 -869.3306 nan 0.83%
0+ 0 nan nan -864.3354 -869.3306 nan 0.58%
0 2 -869.3306 14 -864.3354 -869.3306 192 0.58%
CPXPARAM_MIP_Cuts_Gomory-LiftProj:Gomory 0
CPXPARAM_MIP_Cuts_Gomory-LiftProj:LiftProj 0
24
Node Left Objective IInf Best_Integer Best_Bound ItCnt Gap
0+ 0 nan nan 36872.8889 -3687.2889 nan 110.00%
0 0 -299.8887 17 36872.8889 -299.8887 109 100.81%
0+ 0 nan nan -277.2847 -299.8887 nan 8.15%
0 0 -299.8434 24 -277.2847 Cuts:12 146 8.14%
0 0 -298.9075 29 -277.2847 Cuts:21 178 7.80%
0+ 0 nan nan -289.0360 -298.9075 nan 3.42%
0 0 -298.5456 33 -289.0360 Cuts:12 196 3.29%
0 0 -298.3179 31 -289.0360 Cuts:10 211 3.21%
0+ 0 nan nan -291.0807 -298.3179 nan 2.49%
0 0 -298.3001 30 -291.0807 Cuts:5 216 2.48%
0 0 -298.2593 32 -291.0807 Cuts:11 234 2.47%
0 0 -298.2406 33 -291.0807 Cuts:10 240 2.46%
0 0 -298.1720 35 -291.0807 LiftProj:11 263 2.44%
0 0 -297.9778 34 -291.0807 Cuts:11 285 2.37%
0 0 -297.8641 34 -291.0807 Cuts:9 299 2.33%
0 0 -297.7930 35 -291.0807 Cuts:16 311 2.31%
0+ 0 nan nan -293.1846 -297.7930 nan 1.57%
0 0 -297.6996 32 -293.1846 Cuts:8 324 1.54%
0 0 -297.6308 35 -293.1846 LiftProj:10 339 1.52%
0 0 -297.5957 35 -293.1846 LiftProj:9 352 1.50%
0+ 0 nan nan -293.1846 -297.5957 nan 1.50%
0 0 -296.8020 14 -293.1846 -296.8020 461 1.23%
0 0 -296.3961 14 -293.1846 Cuts:19 483 1.10%
0 0 -296.2231 14 -293.1846 Cuts:24 501 1.04%
0 0 -296.1558 14 -293.1846 LiftProj:8 511 1.01%
0 0 -296.1430 14 -293.1846 Cuts:11 515 1.01%
0 0 -296.0229 14 -293.1846 LiftProj:8 524 0.97%
0 0 -295.9488 15 -293.1846 LiftProj:13 535 0.94%
0 0 -295.6469 15 -293.1846 Cuts:12 559 0.84%
0 0 -295.5730 15 -293.1846 Cuts:10 570 0.81%
0 0 -295.5284 15 -293.1846 Cuts:2 577 0.80%
0 0 -295.5015 15 -293.1846 LiftProj:6 582 0.79%
0 0 -295.2354 15 -293.1846 LiftProj:4 596 0.70%
0 0 -295.1585 15 -293.1846 LiftProj:5 607 0.67%
0 0 -295.0885 15 -293.1846 Cuts:14 615 0.65%
0 0 -294.9535 15 -293.1846 LiftProj:7 626 0.60%
0 2 -294.8512 12 -293.1846 -294.8396 626 0.56%
CPXPARAM_MIP_Cuts_Gomory-LiftProj:Gomory 24
CPXPARAM_MIP_Cuts_Gomory-LiftProj:LiftProj 1
25
Node Left Objective IInf Best_Integer Best_Bound ItCnt Gap
0+ 0 nan nan 37613.4338 -3761.3434 nan 110.00%
0 0 -1015.5627 24 37613.4338 -1015.5627 125 102.70%
0+ 0 nan nan -760.1720 -1015.5627 nan 33.60%
0+ 0 nan nan -993.4120 -1015.5627 nan 2.23%
0+ 0 nan nan -1004.3518 -1015.5627 nan 1.12%
0 2 -1015.5627 19 -1004.3518 -1015.5627 125 1.12%
CPXPARAM_MIP_Cuts_Gomory-LiftProj:Gomory 0
CPXPARAM_MIP_Cuts_Gomory-LiftProj:LiftProj 0
26
Node Left Objective IInf Best_Integer Best_Bound ItCnt Gap
0+ 0 nan nan 37114.4669 -3711.4467 nan 110.00%
0 0 -302.3044 14 37114.4669 -302.3044 115 100.81%
0+ 0 nan nan -295.0976 -302.3044 nan 2.44%
0 0 -302.3044 12 -295.0976 Cuts:5 129 2.44%
0 0 -301.7161 22 -295.0976 Cuts:12 160 2.24%
0+ 0 nan nan -295.9767 -301.7161 nan 1.94%
0 0 -301.2004 23 -295.9767 Cuts:15 169 1.76%
0 0 -300.8673 22 -295.9767 Cuts:12 193 1.65%
0+ 0 nan nan -296.9781 -300.8673 nan 1.31%
0 0 -300.5685 26 -296.9781 Cuts:12 206 1.21%
0 0 -300.3899 24 -296.9781 Cuts:10 229 1.15%
0 0 -300.2123 23 -296.9781 Cuts:9 242 1.09%
0 0 -300.1868 25 -296.9781 LiftProj:7 246 1.08%
0 0 -300.1567 27 -296.9781 LiftProj:8 252 1.07%
0 0 -300.0476 24 -296.9781 LiftProj:7 262 1.03%
0 0 -299.9658 24 -296.9781 LiftProj:7 270 1.01%
0 0 -299.6141 24 -296.9781 LiftProj:8 286 0.89%
0 0 -299.4781 26 -296.9781 Cuts:7 300 0.84%
0 0 -299.3065 25 -296.9781 LiftProj:7 320 0.78%
0 0 -299.2442 25 -296.9781 LiftProj:9 337 0.76%
0 0 -299.2158 27 -296.9781 LiftProj:7 346 0.75%
0 0 -299.1964 26 -296.9781 Cuts:6 355 0.75%
0+ 0 nan nan -297.0951 -299.1964 nan 0.71%
0+ 0 nan nan -297.0951 -299.1964 nan 0.71%
0 0 -298.0057 7 -297.0951 -298.0057 448 0.31%
0 0 -297.6753 7 -297.0951 Cuts:14 465 0.20%
0 0 -297.6036 7 -297.0951 Cuts:6 479 0.17%
0 0 -297.5467 7 -297.0951 Cuts:3 488 0.15%
0 0 -297.4952 7 -297.0951 Cuts:5 498 0.13%
0 0 -297.3555 7 -297.0951 Cuts:5 514 0.09%
0 0 -297.2860 7 -297.0951 LiftProj:6 525 0.06%
0 0 -297.2512 7 -297.0951 Cuts:5 536 0.05%
0 0 -297.2474 7 -297.0951 LiftProj:2 538 0.05%
0 0 -297.2392 7 -297.0951 LiftProj:2 544 0.05%
0+ 0 nan nan -297.0951 -297.2392 nan 0.05%
0 2 -297.0959 2 -297.0951 -297.0959 544 0.00%
CPXPARAM_MIP_Cuts_Gomory-LiftProj:Gomory 16
CPXPARAM_MIP_Cuts_Gomory-LiftProj:LiftProj 2
27
Node Left Objective IInf Best_Integer Best_Bound ItCnt Gap
0+ 0 nan nan 34215.7860 -3421.5786 nan 110.00%
0 0 -923.8262 20 34215.7860 -923.8262 128 102.70%
0+ 0 nan nan -707.7491 -923.8262 nan 30.53%
0+ 0 nan nan -811.5216 -923.8262 nan 13.84%
0+ 0 nan nan -914.5259 -923.8262 nan 1.02%
0 2 -923.8262 15 -914.5259 -923.8262 128 1.02%
CPXPARAM_MIP_Cuts_Gomory-LiftProj:Gomory 0
CPXPARAM_MIP_Cuts_Gomory-LiftProj:LiftProj 0
28
Node Left Objective IInf Best_Integer Best_Bound ItCnt Gap
0+ 0 nan nan 46391.8076 -4639.1808 nan 110.00%
0 0 -359.4519 17 46391.8076 -359.4519 119 100.77%
0+ 0 nan nan -334.9967 -359.4519 nan 7.30%
0 0 -359.4519 17 -334.9967 Cuts:9 144 7.30%
0 0 -358.9089 31 -334.9967 Cuts:15 187 7.14%
0 0 -358.0264 31 -334.9967 Cuts:15 198 6.87%
0 0 -357.5546 31 -334.9967 Cuts:9 210 6.73%
0+ 0 nan nan -337.1292 -357.5546 nan 6.06%
0 0 -357.3089 29 -337.1292 Cuts:24 225 5.99%
0 0 -357.1473 30 -337.1292 Cuts:14 233 5.94%
0 0 -357.0948 32 -337.1292 Cuts:8 243 5.92%
0+ 0 nan nan -338.6431 -357.0948 nan 5.45%
0 0 -357.0842 34 -338.6431 LiftProj:18 255 5.45%
0+ 0 nan nan -338.6952 -357.0842 nan 5.43%
0 2 -357.0842 33 -338.6952 -357.0814 255 5.43%
CPXPARAM_MIP_Cuts_Gomory-LiftProj:Gomory 8
CPXPARAM_MIP_Cuts_Gomory-LiftProj:LiftProj 12
29
Node Left Objective IInf Best_Integer Best_Bound ItCnt Gap
0+ 0 nan nan 36947.3145 -3694.7314 nan 110.00%
0 0 -997.5775 25 36947.3145 -997.5775 124 102.70%
0+ 0 nan nan -979.0513 -997.5775 nan 1.89%
0 0 -997.5775 24 -979.0513 Fract:3 146 1.89%
0 0 -997.5775 28 -979.0513 Cuts:25 187 1.89%
0+ 0 nan nan -981.4535 -997.5775 nan 1.64%
0 0 -997.5775 28 -981.4535 Cuts:10 207 1.64%
0 2 -997.5775 27 -981.4535 -997.5775 207 1.64%
CPXPARAM_MIP_Cuts_Gomory-LiftProj:Gomory 1
CPXPARAM_MIP_Cuts_Gomory-LiftProj:LiftProj 3
30
Node Left Objective IInf Best_Integer Best_Bound ItCnt Gap
0+ 0 nan nan 40025.0748 -4002.5075 nan 110.00%
0 0 -295.7845 13 40025.0748 -295.7845 119 100.74%
0+ 0 nan nan -286.3721 -295.7845 nan 3.29%
0 0 -295.7845 9 -286.3721 Cuts:9 137 3.29%
0+ 0 nan nan -288.3948 -295.7845 nan 2.56%
0 0 -295.6914 21 -288.3948 Cuts:12 161 2.53%
0 0 -295.1210 22 -288.3948 Cuts:10 169 2.33%
0+ 0 nan nan -288.4667 -295.1210 nan 2.31%
0 0 -294.7487 24 -288.4667 Cuts:11 185 2.18%
0+ 0 nan nan -289.4553 -294.7487 nan 1.83%
0 0 -294.6815 23 -289.4553 Cuts:7 197 1.81%
0 0 -294.4854 21 -289.4553 Cuts:8 210 1.74%
0 0 -294.4372 23 -289.4553 LiftProj:6 219 1.72%
0 0 -294.3146 23 -289.4553 LiftProj:9 228 1.68%
0 0 -294.2815 26 -289.4553 LiftProj:8 240 1.67%
0 0 -294.2554 27 -289.4553 LiftProj:8 248 1.66%
0 0 -294.2423 27 -289.4553 LiftProj:6 257 1.65%
0+ 0 nan nan -290.5413 -294.2423 nan 1.27%
0+ 0 nan nan -290.5413 -294.2423 nan 1.27%
0 0 -293.9011 11 -290.5413 -293.9011 367 1.16%
0 0 -293.7205 11 -290.5413 Cuts:17 381 1.09%
0 0 -293.5729 11 -290.5413 LiftProj:10 392 1.04%
0 0 -293.1965 11 -290.5413 Cuts:19 407 0.91%
0 0 -293.0366 11 -290.5413 Cuts:18 421 0.86%
0 0 -293.0309 11 -290.5413 Cuts:11 425 0.86%
0 0 -292.9812 11 -290.5413 LiftProj:10 439 0.84%
0 0 -292.9523 11 -290.5413 Cuts:12 448 0.83%
0 0 -292.8677 11 -290.5413 LiftProj:13 460 0.80%
0 0 -292.7500 11 -290.5413 Cuts:13 477 0.76%
0 0 -292.6971 11 -290.5413 LiftProj:9 483 0.74%
0 0 -292.6579 11 -290.5413 LiftProj:5 491 0.73%
0 0 -292.5207 11 -290.5413 LiftProj:6 501 0.68%
0 0 -292.4265 11 -290.5413 Cuts:11 512 0.65%
0 0 -292.2233 11 -290.5413 LiftProj:8 530 0.58%
0 0 -291.9266 11 -290.5413 LiftProj:6 543 0.48%
0 0 -291.8003 11 -290.5413 LiftProj:12 550 0.43%
0 0 -291.7767 11 -290.5413 LiftProj:5 555 0.43%
0 2 -291.6826 10 -290.5413 -291.6752 555 0.39%
CPXPARAM_MIP_Cuts_Gomory-LiftProj:Gomory 21
CPXPARAM_MIP_Cuts_Gomory-LiftProj:LiftProj 0
31
Node Left Objective IInf Best_Integer Best_Bound ItCnt Gap
0+ 0 nan nan 40939.1052 -4093.9105 nan 110.00%
0 0 -1105.3558 21 40939.1052 -1105.3558 125 102.70%
0+ 0 nan nan -829.4882 -1105.3558 nan 33.26%
0 0 -1105.3558 18 -829.4882 Cuts:5 145 33.26%
0+ 0 nan nan -1095.1558 -1105.3558 nan 0.93%
0 0 -1105.3558 20 -1095.1558 Cuts:12 187 0.93%
0 0 -1105.3558 20 -1095.1558 Cuts:16 209 0.93%
0+ 0 nan nan -1097.2775 -1105.3558 nan 0.74%
0 2 -1105.3558 17 -1097.2775 -1105.3558 209 0.74%
CPXPARAM_MIP_Cuts_Gomory-LiftProj:Gomory 0
CPXPARAM_MIP_Cuts_Gomory-LiftProj:LiftProj 3
32
Node Left Objective IInf Best_Integer Best_Bound ItCnt Gap
0+ 0 nan nan 27822.1458 -2782.2146 nan 110.00%
0 0 -209.7516 14 27822.1458 -209.7516 106 100.75%
0+ 0 nan nan -175.4149 -209.7516 nan 19.57%
0 0 -209.7492 20 -175.4149 Cuts:17 133 19.57%
0 0 -209.0881 25 -175.4149 Cuts:14 148 19.20%
0 0 -208.8537 29 -175.4149 Cuts:26 173 19.06%
0 0 -208.7539 30 -175.4149 Cuts:31 200 19.01%
0 0 -208.7227 30 -175.4149 Cuts:16 215 18.99%
0 0 -208.6904 31 -175.4149 Cuts:10 232 18.97%
0 0 -208.6563 31 -175.4149 LiftProj:16 249 18.95%
0 0 -208.5513 30 -175.4149 LiftProj:6 264 18.89%
0 0 -208.5299 31 -175.4149 Cuts:6 268 18.88%
0 0 -208.4768 32 -175.4149 LiftProj:17 283 18.85%
0 0 -208.4471 32 -175.4149 LiftProj:10 294 18.83%
0 0 -208.3919 31 -175.4149 Cuts:16 311 18.80%
0 0 -208.3856 35 -175.4149 Cuts:16 328 18.80%
0 0 -208.3618 34 -175.4149 Cuts:5 336 18.78%
0+ 0 nan nan -199.8875 -208.3618 nan 4.24%
0+ 0 nan nan -201.0511 -208.3618 nan 3.64%
0 2 -208.2932 27 -201.0511 -208.1533 336 3.53%
CPXPARAM_MIP_Cuts_Gomory-LiftProj:Gomory 20
CPXPARAM_MIP_Cuts_Gomory-LiftProj:LiftProj 6
33
Node Left Objective IInf Best_Integer Best_Bound ItCnt Gap
0+ 0 nan nan 33496.9025 -3349.6902 nan 110.00%
0 0 -904.4164 25 33496.9025 -904.4164 130 102.70%
0+ 0 nan nan -865.0838 -904.4164 nan 4.55%
0 0 -904.4164 22 -865.0838 Fract:1 133 4.55%
0 0 -904.4164 21 -865.0838 Cuts:10 150 4.55%
0 0 -904.4164 22 -865.0838 Cuts:27 191 4.55%
0+ 0 nan nan -870.3689 -904.4164 nan 3.91%
0+ 0 nan nan -873.4888 -904.4164 nan 3.54%
0 2 -904.4164 20 -873.4888 -904.4164 191 3.54%
CPXPARAM_MIP_Cuts_Gomory-LiftProj:Gomory 0
CPXPARAM_MIP_Cuts_Gomory-LiftProj:LiftProj 0
34
Node Left Objective IInf Best_Integer Best_Bound ItCnt Gap
0+ 0 nan nan 38110.0204 -3811.0020 nan 110.00%
0 0 -312.6304 12 38110.0204 -312.6304 122 100.82%
0+ 0 nan nan -175.2687 -312.6304 nan 78.37%
0 0 -312.6304 15 -175.2687 Cuts:11 150 78.37%
0 0 -312.0051 23 -175.2687 Cuts:16 189 78.02%
0+ 0 nan nan -178.4578 -312.0051 nan 74.83%
0 0 -311.6313 25 -178.4578 Cuts:9 202 74.62%
0 0 -311.3345 26 -178.4578 Cuts:15 212 74.46%
0 0 -311.1719 25 -178.4578 Cuts:15 227 74.37%
0 0 -311.0618 26 -178.4578 Cuts:13 242 74.31%
0 0 -310.8566 26 -178.4578 Cuts:10 256 74.19%
0 0 -310.6653 28 -178.4578 LiftProj:15 265 74.08%
0 0 -310.4508 28 -178.4578 LiftProj:14 280 73.96%
0 0 -310.3734 30 -178.4578 Cuts:13 290 73.92%
0 0 -310.1661 29 -178.4578 LiftProj:16 301 73.80%
0 0 -309.9397 27 -178.4578 LiftProj:16 312 73.68%
0 0 -309.6433 25 -178.4578 LiftProj:15 326 73.51%
0 0 -309.5616 28 -178.4578 Cuts:22 334 73.46%
0 0 -309.4996 31 -178.4578 LiftProj:15 344 73.43%
0 0 -309.3253 30 -178.4578 LiftProj:12 354 73.33%
0 0 -309.1162 29 -178.4578 LiftProj:14 369 73.22%
0 0 -309.0043 29 -178.4578 LiftProj:11 378 73.15%
0 0 -308.6979 32 -178.4578 LiftProj:16 391 72.98%
0 0 -308.5165 29 -178.4578 LiftProj:9 401 72.88%
0 0 -308.3082 30 -178.4578 LiftProj:14 414 72.76%
0 0 -308.0683 31 -178.4578 LiftProj:11 424 72.63%
0 0 -307.9779 29 -178.4578 LiftProj:18 438 72.58%
0 0 -307.7699 32 -178.4578 LiftProj:14 450 72.46%
0 0 -307.4916 29 -178.4578 LiftProj:9 466 72.30%
0 0 -307.3852 31 -178.4578 LiftProj:8 478 72.25%
0 0 -307.2634 29 -178.4578 LiftProj:9 498 72.18%
0 0 -307.2013 30 -178.4578 LiftProj:15 508 72.14%
0+ 0 nan nan -294.1704 -307.2013 nan 4.43%
0 2 -307.2013 30 -294.1704 -307.1722 508 4.42%
CPXPARAM_MIP_Cuts_Gomory-LiftProj:Gomory 25
CPXPARAM_MIP_Cuts_Gomory-LiftProj:LiftProj 0
35
Node Left Objective IInf Best_Integer Best_Bound ItCnt Gap
0+ 0 nan nan 33566.4825 -3356.6483 nan 110.00%
0 0 -906.2950 21 33566.4825 -906.2950 126 102.70%
0+ 0 nan nan -885.1752 -906.2950 nan 2.39%
0+ 0 nan nan -887.9717 -906.2950 nan 2.06%
0 2 -906.2950 17 -887.9717 -906.2950 126 2.06%
CPXPARAM_MIP_Cuts_Gomory-LiftProj:Gomory 0
CPXPARAM_MIP_Cuts_Gomory-LiftProj:LiftProj 0
36
Node Left Objective IInf Best_Integer Best_Bound ItCnt Gap
0+ 0 nan nan 45883.4930 -4588.3493 nan 110.00%
0 0 -377.7957 15 45883.4930 -377.7957 107 100.82%
0+ 0 nan nan -345.5921 -377.7957 nan 9.32%
0 0 -377.7957 21 -345.5921 Cuts:12 139 9.32%
0 0 -376.5918 29 -345.5921 Cuts:22 189 8.97%
0 0 -376.5420 31 -345.5921 Cuts:14 203 8.96%
0+ 0 nan nan -348.2821 -376.5420 nan 8.11%
0 0 -376.0216 32 -348.2821 Cuts:17 229 7.96%
0+ 0 nan nan -349.2640 -376.0216 nan 7.66%
0 0 -375.7809 37 -349.2640 Cuts:21 253 7.59%
0+ 0 nan nan -355.1792 -375.7809 nan 5.80%
0 0 -375.6337 35 -355.1792 Cuts:21 272 5.76%
0 0 -375.5057 31 -355.1792 Cuts:14 286 5.72%
0 0 -375.4820 35 -355.1792 Cuts:23 311 5.72%
0 2 -375.4820 33 -355.1792 -375.4791 311 5.72%
CPXPARAM_MIP_Cuts_Gomory-LiftProj:Gomory 14
CPXPARAM_MIP_Cuts_Gomory-LiftProj:LiftProj 8
37
Node Left Objective IInf Best_Integer Best_Bound ItCnt Gap
0+ 0 nan nan 44507.5424 -4450.7542 nan 110.00%
0 0 -1201.7036 26 44507.5424 -1201.7036 140 102.70%
0+ 0 nan nan -1008.4131 -1201.7036 nan 19.17%
0 0 -1201.7036 21 -1008.4131 Cuts:5 148 19.17%
0 0 -1201.7036 22 -1008.4131 Cuts:15 179 19.17%
0+ 0 nan nan -1017.1982 -1201.7036 nan 18.14%
0+ 0 nan nan -1163.1329 -1201.7036 nan 3.32%
0+ 0 nan nan -1164.1949 -1201.7036 nan 3.22%
0 2 -1201.7036 20 -1164.1949 -1201.7036 179 3.22%
CPXPARAM_MIP_Cuts_Gomory-LiftProj:Gomory 0
CPXPARAM_MIP_Cuts_Gomory-LiftProj:LiftProj 0
38
Node Left Objective IInf Best_Integer Best_Bound ItCnt Gap
0+ 0 nan nan 38248.3521 -3824.8352 nan 110.00%
0 0 -301.4443 11 38248.3521 -301.4443 110 100.79%
0+ 0 nan nan -290.9742 -301.4443 nan 3.60%
0 0 -301.4443 12 -290.9742 Cuts:5 122 3.60%
0 0 -301.3948 20 -290.9742 Cuts:7 146 3.58%
0 0 -300.9424 24 -290.9742 Cuts:14 165 3.43%
0 0 -300.6883 25 -290.9742 Cuts:13 175 3.34%
0+ 0 nan nan -294.1839 -300.6883 nan 2.21%
0 0 -300.6400 25 -294.1839 Cuts:13 189 2.19%
0 0 -300.5581 26 -294.1839 Cuts:14 201 2.17%
0 0 -300.4935 27 -294.1839 Cuts:16 217 2.14%
0 0 -300.4570 27 -294.1839 LiftProj:16 230 2.13%
0 0 -300.3792 26 -294.1839 Cuts:15 253 2.11%
0 0 -300.2562 27 -294.1839 LiftProj:16 273 2.06%
0 0 -300.2153 27 -294.1839 Cuts:16 283 2.05%
0 0 -300.0763 26 -294.1839 LiftProj:13 296 2.00%
0 0 -299.9629 29 -294.1839 Cuts:20 316 1.96%
0 0 -299.8963 28 -294.1839 LiftProj:10 329 1.94%
0 0 -299.7559 28 -294.1839 LiftProj:14 346 1.89%
0 0 -299.6808 29 -294.1839 LiftProj:17 364 1.87%
0 0 -299.5232 29 -294.1839 LiftProj:16 379 1.81%
0 0 -299.4689 26 -294.1839 LiftProj:14 395 1.80%
0 0 -299.4358 26 -294.1839 LiftProj:17 403 1.79%
0+ 0 nan nan -294.1839 -299.4358 nan 1.79%
0 0 -298.4506 10 -294.1839 -298.4506 513 1.45%
0+ 0 nan nan -294.4700 -298.4506 nan 1.35%
0 0 -298.2788 11 -294.4700 Cuts:26 529 1.29%
0+ 0 nan nan -295.8956 -298.2788 nan 0.81%
0 0 -298.1730 10 -295.8956 Cuts:13 542 0.77%
0+ 0 nan nan -296.5875 -298.1730 nan 0.53%
0 0 -298.1327 10 -296.5875 Cuts:7 550 0.52%
0+ 0 nan nan -296.6567 -298.1327 nan 0.50%
0 0 -298.0746 10 -296.6567 Cuts:14 563 0.48%
0 0 -298.0273 10 -296.6567 Cuts:9 573 0.46%
0 0 -297.9184 9 -296.6567 Cuts:10 583 0.43%
0 0 -297.8794 10 -296.6567 LiftProj:12 592 0.41%
0 0 -297.8261 10 -296.6567 LiftProj:6 605 0.39%
0 0 -297.8141 10 -296.6567 LiftProj:4 612 0.39%
0 0 -297.7903 9 -296.6567 LiftProj:6 625 0.38%
0 2 -297.7897 8 -296.6567 -297.7781 625 0.38%
CPXPARAM_MIP_Cuts_Gomory-LiftProj:Gomory 14
CPXPARAM_MIP_Cuts_Gomory-LiftProj:LiftProj 1
39
Node Left Objective IInf Best_Integer Best_Bound ItCnt Gap
0+ 0 nan nan 45236.5952 -4523.6595 nan 110.00%
0 0 -1221.3881 20 45236.5952 -1221.3881 136 102.70%
0+ 0 nan nan -646.1394 -1221.3881 nan 89.03%
0 0 -1221.3881 15 -646.1394 Cuts:3 144 89.03%
0+ 0 nan nan -1072.1577 -1221.3881 nan 13.92%
0 0 -1221.3881 18 -1072.1577 Cuts:19 170 13.92%
0+ 0 nan nan -1075.0208 -1221.3881 nan 13.62%
0+ 0 nan nan -1210.7900 -1221.3881 nan 0.88%
0 2 -1221.3881 13 -1210.7900 -1221.3881 170 0.88%
CPXPARAM_MIP_Cuts_Gomory-LiftProj:Gomory 0
CPXPARAM_MIP_Cuts_Gomory-LiftProj:LiftProj 0
