0
Node Left Objective IInf Best_Integer Best_Bound ItCnt Gap
0 0 43.0201 6 43.0201 54
0 0 44.1279 8 Cuts:9 71
0 0 46.6938 8 Cuts:21 87
0+ 0 nan nan 56.4455 46.6938 nan 17.28%
0 0 47.8254 8 56.4455 Cuts:17 105 15.27%
0 0 48.9377 7 56.4455 Cuts:19 121 13.30%
0 0 49.3871 8 56.4455 Cuts:13 139 12.50%
0+ 0 nan nan 52.9813 49.3871 nan 6.78%
0+ 0 nan nan 52.9813 49.3871 nan 6.78%
0 0 49.3871 8 52.9813 49.3871 210 6.78%
0 0 49.6399 7 52.9813 Cuts:8 228 6.31%
0 0 49.7845 7 52.9813 Cuts:18 242 6.03%
0 0 49.7966 7 52.9813 LiftProj:3 244 6.01%
0 0 50.0939 7 52.9813 Cuts:7 258 5.45%
0 0 50.5023 7 52.9813 LiftProj:5 262 4.68%
0 0 50.9468 7 52.9813 LiftProj:5 276 3.84%
0 0 51.0975 7 52.9813 Cuts:6 282 3.56%
0 0 51.2700 6 52.9813 Cuts:8 292 3.23%
0 0 51.3921 6 52.9813 Cuts:5 299 3.00%
0 0 51.4150 6 52.9813 Cuts:7 306 2.96%
0 0 51.4191 7 52.9813 LiftProj:2 310 2.95%
0 0 51.4307 6 52.9813 LiftProj:2 316 2.93%
0 0 51.8702 7 52.9813 Cuts:8 327 2.10%
0 0 52.6022 2 52.9813 LiftProj:2 346 0.72%
0 0 integral 0 52.9813 52.6022 359 0.72%
0 0 52.9813 0 52.9813 52.9813 359 0.00%
all 0
1
all 0
2
all 0
3
all 0
4
all 0
5
all 0
6
all 0
7
all 0
8
all 0
9
all 8
10
all 0
11
all 0
12
Node Left Objective IInf Best_Integer Best_Bound ItCnt Gap
0 0 2.5600 6 2.5600 61
0 0 2.8244 6 Cuts:6 76
0 0 3.6302 6 Cuts:13 90
0+ 0 nan nan 11.3251 3.6302 nan 67.95%
0 0 4.0091 7 11.3251 Cuts:9 103 64.60%
0 0 4.7033 7 11.3251 Cuts:11 110 58.47%
0 0 5.2110 7 11.3251 Cuts:10 123 53.99%
0 0 5.2896 6 11.3251 LiftProj:1 130 53.29%
0 0 5.3308 7 11.3251 Cuts:2 137 52.93%
0 0 5.3820 7 11.3251 LiftProj:1 142 52.48%
0 0 5.4110 7 11.3251 Cuts:4 144 52.22%
0 0 5.5484 7 11.3251 LiftProj:2 154 51.01%
0 0 5.5669 7 11.3251 LiftProj:1 156 50.84%
0 0 5.6485 7 11.3251 LiftProj:1 161 50.12%
0 0 5.6553 7 11.3251 LiftProj:1 163 50.06%
0 0 5.6722 7 11.3251 LiftProj:1 168 49.91%
0 0 5.6770 7 11.3251 LiftProj:1 169 49.87%
0 0 5.6840 7 11.3251 LiftProj:1 170 49.81%
0 0 5.6870 7 11.3251 LiftProj:1 171 49.78%
0+ 0 nan nan 11.3251 5.6870 nan 49.78%
0 0 9.7979 2 11.3251 9.7979 224 13.49%
0 0 cutoff 11.3251 236 0.00% 0 0
all 0
13
all 0
14
all 0
15
all 0
16
all 0
17
all 0
18
all 0
19
all 0
20
all 0
21
all 10
22
all 0
23
all 2
24
Node Left Objective IInf Best_Integer Best_Bound ItCnt Gap
0 0 40.5363 2 40.5363 49
0 0 40.5363 2 Disjcuts:1 56
0+ 0 nan nan 40.6800 40.5363 nan 0.35%
0+ 0 nan nan 40.6800 40.5363 nan 0.35%
0 0 40.5363 2 40.6800 40.5363 104 0.35%
0 0 40.5363 2 40.6800 Fract:1 108 0.35%
0 0 40.5503 4 40.6800 Cuts:2 114 0.32%
0 0 cutoff 40.6800 119 0.00% 0 0
all 0
25
all 0
26
all 0
27
all 0
28
all 0
29
all 0
30
all 0
31
all 0
32
all 0
33
all 0
34
all 0
35
all 0
36
Node Left Objective IInf Best_Integer Best_Bound ItCnt Gap
0 0 6.4123 1 6.4123 41
0+ 0 nan nan 6.4123 6.4123 nan 0.00%
0 0 cutoff 6.4123 6.4123 41 0.00% 0
all 0
37
all 0
38
all 0
39
all 0
40
all 0
41
all 0
42
all 0
43
all 0
44
all 0
45
all 0
46
all 0
47
all 0
48
Node Left Objective IInf Best_Integer Best_Bound ItCnt Gap
0 0 50.7422 6 50.7422 57
0 0 50.8153 9 Cuts:12 71
0 0 51.5275 9 Cuts:15 84
0+ 0 nan nan 54.5576 51.5275 nan 5.55%
0+ 0 nan nan 54.5576 51.5275 nan 5.55%
0 0 51.5275 9 54.5576 51.5275 143 5.55%
0 0 51.8517 9 54.5576 Cuts:12 155 4.96%
0 0 51.9442 9 54.5576 Cuts:7 164 4.79%
0 0 51.9948 9 54.5576 Cuts:5 173 4.70%
0 0 52.2286 9 54.5576 Cuts:6 186 4.27%
0 0 52.3134 8 54.5576 LiftProj:4 194 4.11%
0 0 52.3244 9 54.5576 Cuts:5 198 4.09%
0 0 52.4569 8 54.5576 Cuts:5 203 3.85%
0 0 52.4916 8 54.5576 LiftProj:4 205 3.79%
0 0 52.5195 9 54.5576 LiftProj:3 208 3.74%
0 0 52.6300 9 54.5576 LiftProj:5 219 3.53%
0 0 52.6903 9 54.5576 LiftProj:2 224 3.42%
0 0 52.7571 9 54.5576 LiftProj:3 229 3.30%
0 0 52.8608 9 54.5576 LiftProj:3 236 3.11%
0 0 53.0495 8 54.5576 LiftProj:3 246 2.76%
0 0 53.1037 8 54.5576 Cuts:6 251 2.66%
0 0 53.2512 8 54.5576 Cuts:4 260 2.39%
0 0 53.2931 8 54.5576 LiftProj:5 264 2.32%
0 0 53.3008 8 54.5576 LiftProj:3 266 2.30%
0 0 53.4002 8 54.5576 LiftProj:3 273 2.12%
0 0 53.4061 8 54.5576 LiftProj:2 278 2.11%
0 0 cutoff 54.5576 53.4061 280 2.11% 0
all 0
49
all 0
50
all 0
51
all 0
52
all 0
53
all 1
54
all 0
55
all 0
56
all 0
57
all 15
58
all 0
59
all 0
60
Node Left Objective IInf Best_Integer Best_Bound ItCnt Gap
0 0 2.3864 6 2.3864 56
0 0 2.6966 8 Cuts:7 69
0 0 3.4209 8 Cuts:13 82
0+ 0 nan nan 13.6225 3.4209 nan 74.89%
0 0 4.9187 8 13.6225 Cuts:14 98 63.89%
0 0 5.3984 8 13.6225 Cuts:11 109 60.37%
0 0 6.0867 8 13.6225 Cuts:13 126 55.32%
0 0 6.0997 8 13.6225 LiftProj:2 130 55.22%
0 0 6.1287 8 13.6225 LiftProj:3 134 55.01%
0 0 6.2265 7 13.6225 LiftProj:2 137 54.29%
0 0 6.5499 7 13.6225 LiftProj:4 144 51.92%
0 0 7.1918 7 13.6225 Cuts:5 156 47.21%
0 0 7.4513 7 13.6225 LiftProj:2 168 45.30%
0 0 7.5120 7 13.6225 LiftProj:4 173 44.86%
0 0 7.5755 7 13.6225 LiftProj:3 179 44.39%
0 0 7.8150 7 13.6225 LiftProj:3 186 42.63%
0 0 8.3851 7 13.6225 LiftProj:3 195 38.45%
0 0 8.4126 7 13.6225 LiftProj:3 198 38.24%
0 0 8.4221 7 13.6225 LiftProj:2 201 38.18%
0 0 8.4592 7 13.6225 LiftProj:2 205 37.90%
0 0 8.5305 7 13.6225 LiftProj:4 213 37.38%
0 0 8.5936 7 13.6225 Cuts:4 219 36.92%
0 0 8.5967 7 13.6225 LiftProj:3 223 36.89%
0 0 8.6386 7 13.6225 LiftProj:2 230 36.59%
0 0 8.6529 7 13.6225 LiftProj:1 233 36.48%
0 0 8.6570 7 13.6225 LiftProj:2 238 36.45%
0 0 8.6907 7 13.6225 LiftProj:3 241 36.20%
0 0 8.7000 7 13.6225 Cuts:3 244 36.13%
0 0 8.7011 7 13.6225 LiftProj:2 246 36.13%
0 0 8.7141 7 13.6225 LiftProj:1 248 36.03%
0 0 8.7231 7 13.6225 LiftProj:5 251 35.97%
0 0 8.7287 7 13.6225 LiftProj:2 252 35.92%
0 0 8.7532 7 13.6225 LiftProj:4 256 35.74%
0 0 8.7539 7 13.6225 LiftProj:3 257 35.74%
0 2 9.1333 5 13.6225 9.2487 257 32.11%
all 0
61
all 0
62
all 0
63
all 0
64
all 0
65
all 0
66
all 0
67
all 0
68
all 0
69
all 15
70
all 0
71
all 1
72
Node Left Objective IInf Best_Integer Best_Bound ItCnt Gap
0+ 0 nan nan 698.6785 -80.3724 nan 111.50%
0 0 49.1770 2 698.6785 49.1770 57 92.96%
0 0 49.1770 2 698.6785 Disjcuts:1 60 92.96%
0 2 49.1770 2 698.6785 49.1770 62 92.96%
all 0
73
all 0
74
all 0
75
all 0
76
all 0
77
all 0
78
all 0
79
all 0
80
all 0
81
all 0
82
all 0
83
all 1
84
Node Left Objective IInf Best_Integer Best_Bound ItCnt Gap
0 0 7.4387 2 7.4387 48
0+ 0 nan nan 9.7351 7.4387 nan 23.59%
0 0 7.4387 2 9.7351 Cuts:2 52 23.59%
0+ 0 nan nan 9.7351 7.4387 nan 23.59%
0 0 7.4387 2 9.7351 7.4387 103 23.59%
0 0 7.4770 3 9.7351 Fract:2 107 23.19%
0 0 8.0520 4 9.7351 Cuts:5 114 17.29%
0 0 8.5349 3 9.7351 Fract:2 118 12.33%
0 0 8.7748 2 9.7351 Cuts:5 124 9.86%
0 0 9.5872 3 9.7351 Cuts:3 129 1.52%
0 0 cutoff 9.7351 139 0.00% 0 0
all 0
85
all 0
86
all 0
87
all 0
88
all 0
89
all 0
90
all 0
91
all 0
92
all 0
93
all 2
94
all 3
95
all 0
96
Node Left Objective IInf Best_Integer Best_Bound ItCnt Gap
0 0 65.7942 6 65.7942 62
0 0 65.8151 8 Cuts:13 76
0 0 65.8631 7 Cuts:18 88
0 0 65.8739 7 Cuts:9 92
0 0 66.0991 8 Cuts:12 106
0 0 66.4220 8 Cuts:14 119
0+ 0 nan nan 67.9165 66.4220 nan 2.20%
0+ 0 nan nan 67.9165 66.4220 nan 2.20%
0 0 66.4220 8 67.9165 66.4220 204 2.20%
0 0 66.4307 8 67.9165 LiftProj:2 207 2.19%
0 0 66.4530 7 67.9165 Cuts:13 216 2.15%
0 0 66.4658 8 67.9165 LiftProj:2 220 2.14%
0 0 66.4693 8 67.9165 LiftProj:3 223 2.13%
0 0 66.4738 8 67.9165 LiftProj:1 224 2.12%
0 0 66.5008 8 67.9165 LiftProj:2 230 2.08%
0 0 66.5034 8 67.9165 Cuts:8 234 2.08%
0 0 66.5167 8 67.9165 LiftProj:2 238 2.06%
0 0 66.8488 7 67.9165 LiftProj:3 248 1.57%
0 0 67.1021 4 67.9165 Fract:1 258 1.20%
0 0 67.2620 5 67.9165 LiftProj:3 264 0.96%
0 0 67.3626 3 67.9165 LiftProj:1 271 0.82%
0 0 67.8054 2 67.9165 LiftProj:1 277 0.16%
0+ 0 nan nan 67.9165 67.8054 nan 0.16%
0 0 cutoff 67.9165 278 0.00% 0 0
all 0
97
all 0
98
all 0
99
all 0
100
all 0
101
all 0
102
all 0
103
all 0
104
all 0
105
all 3
106
all 0
107
all 0
108
Node Left Objective IInf Best_Integer Best_Bound ItCnt Gap
0 0 11.8594 6 11.8594 54
0 0 13.4298 8 Cuts:19 69
0 0 14.4474 9 Cuts:18 83
0 0 15.0224 9 Cuts:22 96
0 0 15.4069 9 Cuts:18 112
0 0 16.0293 9 Cuts:18 128
0 0 16.1873 9 LiftProj:8 140
0 0 16.3423 9 LiftProj:7 153
0 0 16.3997 9 Cuts:10 158
0 0 16.7679 9 LiftProj:9 181
0 0 16.8149 9 LiftProj:9 188
0 0 16.9460 9 LiftProj:8 195
0 0 16.9785 8 LiftProj:7 204
0 0 17.0749 9 LiftProj:10 209
0 0 17.0838 9 LiftProj:9 213
0 0 17.1369 9 LiftProj:8 223
0 0 17.1855 9 Cuts:13 227
0 0 17.2194 9 Cuts:10 233
0 0 17.2266 9 LiftProj:8 239
0 0 17.2456 9 LiftProj:6 244
0 0 17.2629 9 LiftProj:7 251
0 0 17.2697 9 LiftProj:6 256
0 0 17.2718 9 Cuts:9 258
0 0 17.2767 9 Cuts:7 260
0 0 17.2857 9 Cuts:12 264
0 0 17.2865 9 LiftProj:7 266
0 2 17.2865 9 17.2960 266 0 0
all 0
109
all 0
110
all 0
111
all 0
112
all 0
113
all 0
114
all 0
115
all 0
116
all 0
117
all 20
118
all 0
119
all 0
120
Node Left Objective IInf Best_Integer Best_Bound ItCnt Gap
0 0 60.5073 2 60.5073 52
0+ 0 nan nan 60.5115 60.5073 nan 0.01%
all 0
121
all 0
122
all 0
123
all 0
124
all 0
125
all 0
126
all 0
127
all 0
128
all 0
129
all 0
130
all 0
131
all 0
132
Node Left Objective IInf Best_Integer Best_Bound ItCnt Gap
0 0 16.6537 2 16.6537 50
0+ 0 nan nan 16.6575 16.6537 nan 0.02%
0+ 0 nan nan 16.6575 16.6537 nan 0.02%
0 0 16.6537 1 16.6575 16.6537 109 0.02%
0 0 cutoff 16.6575 113 0.00% 0 0
all 0
133
all 0
134
all 0
135
all 0
136
all 0
137
all 0
138
all 0
139
all 0
140
all 0
141
all 0
142
all 0
143
all 0
144
Node Left Objective IInf Best_Integer Best_Bound ItCnt Gap
0 0 44.2061 6 44.2061 61
0 0 45.3583 9 Cuts:17 78
0 0 46.8925 9 Cuts:22 93
0 0 48.3479 9 Cuts:21 111
0 0 49.0423 9 Cuts:11 128
0 0 49.7474 9 Cuts:15 145
0 0 49.8676 9 Cuts:10 154
0 0 49.8892 9 Cuts:6 156
0 0 49.9669 9 LiftProj:5 165
0 0 50.0027 9 LiftProj:5 172
0 0 50.0549 9 LiftProj:6 178
0 0 50.0652 9 Cuts:8 181
0 0 50.1490 9 LiftProj:7 190
0 0 50.2475 9 LiftProj:6 201
0 0 50.2745 9 Cuts:6 204
0 0 50.2766 9 LiftProj:8 207
0 0 50.2917 9 LiftProj:6 212
0 0 50.3209 9 LiftProj:6 219
0 0 50.3612 9 LiftProj:6 226
0 0 50.3771 9 LiftProj:4 230
0 0 50.3822 9 LiftProj:2 232
0+ 0 nan nan 60.4175 50.3822 nan 16.61%
0 2 50.4568 8 60.4175 50.4974 232 16.42%
all 0
145
all 0
146
all 1
147
all 0
148
all 0
149
all 0
150
all 0
151
all 0
152
all 0
153
all 12
154
all 0
155
all 4
156
Node Left Objective IInf Best_Integer Best_Bound ItCnt Gap
0 0 10.2945 6 10.2945 57
0+ 0 nan nan 16.4316 10.2945 nan 37.35%
0 0 10.3786 7 16.4316 Cuts:6 70 36.84%
0 0 10.7261 8 16.4316 Cuts:12 77 34.72%
0 0 11.3699 8 16.4316 Cuts:14 90 30.80%
0 0 11.9001 8 16.4316 Cuts:14 107 27.58%
0 0 12.0893 7 16.4316 Cuts:12 120 26.43%
0 0 12.1009 8 16.4316 LiftProj:4 122 26.36%
0 0 12.1949 8 16.4316 LiftProj:3 131 25.78%
0 0 12.2846 7 16.4316 LiftProj:4 143 25.24%
0 0 12.2949 8 16.4316 LiftProj:3 144 25.18%
0 0 12.3689 7 16.4316 LiftProj:4 151 24.72%
0 0 12.4434 8 16.4316 LiftProj:5 155 24.27%
0 0 12.4657 8 16.4316 LiftProj:5 156 24.14%
0 0 12.5140 8 16.4316 LiftProj:4 161 23.84%
0 0 12.5612 8 16.4316 LiftProj:4 169 23.55%
0 0 12.6434 8 16.4316 LiftProj:4 178 23.05%
0 0 12.6623 8 16.4316 LiftProj:5 180 22.94%
0 0 12.8429 8 16.4316 LiftProj:5 187 21.84%
0 0 12.8471 8 16.4316 LiftProj:3 189 21.81%
0 0 12.8828 8 16.4316 LiftProj:4 194 21.60%
0 0 12.9227 8 16.4316 LiftProj:1 199 21.35%
0 0 12.9259 8 16.4316 LiftProj:1 200 21.33%
0 0 12.9427 8 16.4316 LiftProj:1 204 21.23%
0 2 12.9567 7 16.4316 12.9737 204 21.04%
all 0
157
all 0
158
all 0
159
all 0
160
all 0
161
all 0
162
all 0
163
all 0
164
all 0
165
all 13
166
all 0
167
all 1
168
Node Left Objective IInf Best_Integer Best_Bound ItCnt Gap
0 0 46.5469 2 46.5469 53
0+ 0 nan nan 47.4290 46.5469 nan 1.86%
0 0 46.5469 2 47.4290 Disjcuts:1 57 1.86%
0+ 0 nan nan 47.4290 46.5469 nan 1.86%
0 0 46.5469 2 47.4290 46.5469 111 1.86%
0 0 cutoff 47.4290 119 0.00% 0 0
all 0
169
all 0
170
all 0
171
all 0
172
all 0
173
all 0
174
all 0
175
all 0
176
all 0
177
all 0
178
all 0
179
all 1
180
Node Left Objective IInf Best_Integer Best_Bound ItCnt Gap
0+ 0 nan nan 754.6210 -94.3684 nan 112.51%
0 0 10.7585 2 754.6210 10.7585 50 98.57%
0 0 10.7585 2 754.6210 Cuts:2 53 98.57%
0+ 0 nan nan 15.2716 10.7585 nan 29.55%
0 0 10.7585 2 15.2716 Cuts:2 56 29.55%
0 2 10.7585 2 15.2716 10.7585 56 29.55%
all 0
181
all 0
182
all 0
183
all 0
184
all 0
185
all 0
186
all 0
187
all 0
188
all 0
189
all 0
190
all 2
191
all 2
192
Node Left Objective IInf Best_Integer Best_Bound ItCnt Gap
0 0 58.8715 6 58.8715 57
0 0 59.6641 7 Cuts:6 72
0 0 60.7947 6 Cuts:8 83
0+ 0 nan nan 61.8856 60.7947 nan 1.76%
0+ 0 nan nan 61.8856 60.7947 nan 1.76%
0 0 60.7952 4 61.8856 60.7952 147 1.76%
0 0 60.9634 4 61.8856 Cuts:4 151 1.49%
0 0 61.0198 5 61.8856 Cuts:4 158 1.40%
0 0 61.0769 5 61.8856 Cuts:7 167 1.31%
0 0 61.0968 5 61.8856 LiftProj:2 171 1.27%
0 0 61.1318 5 61.8856 LiftProj:2 172 1.22%
0 0 61.1330 5 61.8856 Cuts:3 174 1.22%
0 0 integral 0 61.8856 61.1330 187 1.22%
0 0 61.8856 0 61.8856 61.8856 187 0.00%
all 0
193
all 0
194
all 0
195
all 0
196
all 0
197
all 0
198
all 0
199
all 0
200
all 0
201
all 4
202
all 1
203
all 2
204
Node Left Objective IInf Best_Integer Best_Bound ItCnt Gap
0 0 10.2675 6 10.2675 65
0 0 10.4496 8 Cuts:12 78
0 0 11.6677 8 Cuts:17 97
0+ 0 nan nan 21.7788 11.6677 nan 46.43%
0 0 12.4281 9 21.7788 Cuts:17 107 42.93%
0 0 12.6774 9 21.7788 Cuts:11 121 41.79%
0 0 12.8313 9 21.7788 Cuts:15 135 41.08%
0 0 12.9392 9 21.7788 Cuts:8 143 40.59%
0 0 12.9748 9 21.7788 LiftProj:1 145 40.42%
0 0 12.9940 9 21.7788 LiftProj:3 151 40.34%
0 0 13.0165 8 21.7788 LiftProj:2 155 40.23%
0 0 13.0330 8 21.7788 LiftProj:2 159 40.16%
0 0 13.0366 8 21.7788 LiftProj:2 161 40.14%
0 0 13.0467 8 21.7788 LiftProj:1 165 40.09%
0 0 13.0514 8 21.7788 LiftProj:1 166 40.07%
0 0 13.3019 8 21.7788 LiftProj:2 179 38.92%
0 0 13.3049 8 21.7788 LiftProj:2 181 38.91%
0 0 13.3217 8 21.7788 LiftProj:2 185 38.83%
0 0 13.3504 8 21.7788 LiftProj:1 190 38.70%
0 0 13.3633 8 21.7788 LiftProj:1 192 38.64%
0 2 13.4275 7 21.7788 13.5152 192 37.94%
all 0
205
all 0
206
all 0
207
all 0
208
all 0
209
all 0
210
all 0
211
all 0
212
all 0
213
all 9
214
all 1
215
all 2
216
Node Left Objective IInf Best_Integer Best_Bound ItCnt Gap
0+ 0 nan nan 850.5680 -92.8051 nan 110.91%
0 0 58.3813 2 850.5680 58.3813 51 93.14%
0 0 58.3813 2 850.5680 Cuts:6 55 93.14%
0+ 0 nan nan 58.4112 58.3813 nan 0.05%
0+ 0 nan nan 58.4112 58.3813 nan 0.05%
0 0 58.3813 2 58.4112 58.3813 111 0.05%
0 0 cutoff 58.4112 58.3813 118 0.05% 0
all 0
217
all 0
218
all 0
219
all 0
220
all 0
221
all 0
222
all 0
223
all 0
224
all 0
225
all 1
226
all 2
227
all 2
228
Node Left Objective IInf Best_Integer Best_Bound ItCnt Gap
0+ 0 nan nan 682.2187 -97.6235 nan 114.31%
0 0 15.5882 2 682.2187 15.5882 47 97.72%
0 0 15.5882 2 682.2187 Disjcuts:1 49 97.72%
0+ 0 nan nan 15.7874 15.5882 nan 1.26%
0 0 15.5882 2 15.7874 Cuts:2 52 1.26%
0+ 0 nan nan 15.7874 15.5882 nan 1.26%
0 0 15.5882 2 15.7874 15.5882 98 1.26%
0 0 15.5882 2 15.7874 Cuts:3 104 1.26%
0 2 15.6366 3 15.7874 15.6410 104 0.93%
all 0
229
all 0
230
all 0
231
all 0
232
all 0
233
all 0
234
all 0
235
all 0
236
all 0
237
all 0
238
all 2
239
all 2
240
Node Left Objective IInf Best_Integer Best_Bound ItCnt Gap
0 0 31.6179 6 31.6179 61
0 0 31.6334 7 Cuts:6 71
0 0 integral 0 34.4860 34.4860 92 0.00%
all 0
241
all 0
242
all 0
243
all 0
244
all 0
245
all 0
246
all 0
247
all 0
248
all 0
249
all 0
250
all 0
251
all 0
252
Node Left Objective IInf Best_Integer Best_Bound ItCnt Gap
0 0 5.4416 6 5.4416 61
0 0 5.6164 8 Cuts:10 81
0 0 7.0166 7 Cuts:7 100
0+ 0 nan nan 9.1778 7.0166 nan 23.55%
0 0 7.1688 7 9.1778 Cuts:14 111 21.89%
0 0 8.0263 6 9.1778 Cuts:10 132 12.55%
0+ 0 nan nan 9.1778 8.0263 nan 12.55%
0 0 8.5799 3 9.1778 8.5799 186 6.52%
0 0 8.7113 2 9.1778 Cuts:3 191 5.08%
0 0 cutoff 9.1778 198 0.00% 0 0
all 0
253
all 0
254
all 0
255
all 0
256
all 0
257
all 0
258
all 0
259
all 0
260
all 0
261
all 0
262
all 0
263
all 1
264
Node Left Objective IInf Best_Integer Best_Bound ItCnt Gap
0 0 28.4414 2 28.4414 42
0+ 0 nan nan 28.5540 28.4414 nan 0.39%
0 0 28.4414 2 28.5540 Cuts:2 46 0.39%
0+ 0 nan nan 28.5540 28.4414 nan 0.39%
0 0 28.4414 2 28.5540 28.4414 91 0.39%
0 0 28.4414 2 28.5540 Cuts:3 95 0.39%
0 0 28.5271 2 28.5540 Fract:1 111 0.09%
0 0 28.5433 2 28.5540 Cuts:2 117 0.04%
0+ 0 nan nan 28.5434 28.5433 nan 0.00%
all 0
265
all 0
266
all 0
267
all 0
268
all 0
269
all 0
270
all 0
271
all 0
272
all 0
273
all 1
274
all 0
275
all 1
276
Node Left Objective IInf Best_Integer Best_Bound ItCnt Gap
0 0 3.9556 2 3.9556 52
0+ 0 nan nan 4.0841 3.9556 nan 3.15%
0+ 0 nan nan 4.0841 3.9556 nan 3.15%
0 0 3.9556 1 4.0841 3.9556 109 3.15%
0 0 3.9573 1 4.0841 Cuts:2 111 3.10%
0 0 cutoff 4.0841 117 0.00% 0 0
all 0
277
all 0
278
all 0
279
all 0
280
all 0
281
all 0
282
all 0
283
all 0
284
all 0
285
all 0
286
all 1
287
all 0
288
Node Left Objective IInf Best_Integer Best_Bound ItCnt Gap
0 0 34.8025 6 34.8025 60
0+ 0 nan nan 38.6713 34.8025 nan 10.00%
0 0 34.9677 9 38.6713 Cuts:13 76 9.58%
0 0 35.8238 8 38.6713 Cuts:9 89 7.36%
0+ 0 nan nan 38.6713 35.8238 nan 7.36%
0 0 35.8238 8 38.6713 35.8238 158 7.36%
0 0 36.0991 8 38.6713 Cuts:8 171 6.65%
0 0 36.2868 8 38.6713 Cuts:7 186 6.17%
0 0 36.5773 7 38.6713 Cuts:10 200 5.41%
0 0 36.6706 8 38.6713 Cuts:6 208 5.17%
0 0 36.7137 8 38.6713 LiftProj:6 217 5.06%
0 0 36.7197 8 38.6713 LiftProj:2 221 5.05%
0 0 36.7335 8 38.6713 Cuts:6 225 5.01%
0 0 36.7501 8 38.6713 LiftProj:2 231 4.97%
0 0 36.8389 8 38.6713 LiftProj:7 239 4.74%
0 0 36.9031 8 38.6713 LiftProj:5 247 4.57%
0 0 37.2679 8 38.6713 LiftProj:3 257 3.63%
0 0 37.3490 8 38.6713 Cuts:10 261 3.42%
0 0 37.4855 8 38.6713 LiftProj:6 267 3.07%
0 0 37.8025 8 38.6713 LiftProj:6 275 2.25%
0 0 37.9136 7 38.6713 LiftProj:4 284 1.96%
0+ 0 nan nan 38.6713 37.9136 nan 1.96%
0 0 cutoff 38.6713 38.4358 305 0.61% 0
all 0
289
all 0
290
all 0
291
all 0
292
all 0
293
all 0
294
all 0
295
all 0
296
all 0
297
all 8
298
all 0
299
all 0
300
Node Left Objective IInf Best_Integer Best_Bound ItCnt Gap
0 0 0.4196 6 0.4196 63
0 0 0.6887 7 Cuts:7 81
0 0 1.7246 6 Cuts:8 106
0 0 integral 0 7.4242 7.4242 138 0.00%
all 0
301
all 0
302
all 0
303
all 0
304
all 0
305
all 0
306
all 0
307
all 0
308
all 0
309
all 0
310
all 0
311
all 0
312
Node Left Objective IInf Best_Integer Best_Bound ItCnt Gap
0 0 integral 0 36.9182 36.9182 54 0.00%
all 0
313
all 0
314
all 0
315
all 0
316
all 0
317
all 0
318
all 0
319
all 0
320
all 0
321
all 0
322
all 0
323
all 0
324
Node Left Objective IInf Best_Integer Best_Bound ItCnt Gap
0 0 4.5323 2 4.5323 44
0+ 0 nan nan 4.5514 4.5323 nan 0.42%
0 0 4.5323 2 4.5514 Disjcuts:1 48 0.42%
0+ 0 nan nan 4.5514 4.5323 nan 0.42%
0 0 4.5323 2 4.5514 4.5323 101 0.42%
0 0 4.5323 2 4.5514 Fract:1 105 0.42%
0 1 4.5505 2 4.5514 4.5506 107 0.02%
all 0
325
all 0
326
all 0
327
all 0
328
all 0
329
all 0
330
all 0
331
all 0
332
all 0
333
all 0
334
all 1
335
all 1
336
Node Left Objective IInf Best_Integer Best_Bound ItCnt Gap
0 0 63.6500 6 63.6500 54
0 0 64.7973 8 Cuts:9 71
0 0 68.1201 7 Cuts:10 83
0 0 71.2905 7 Cuts:15 98
0 0 71.9602 6 Cuts:27 122
0+ 0 nan nan 74.1734 71.9602 nan 2.98%
0+ 0 nan nan 74.1734 71.9602 nan 2.98%
0 0 71.9602 6 74.1734 71.9602 190 2.98%
0 0 71.9806 6 74.1734 Cuts:4 195 2.96%
0 0 72.0385 6 74.1734 Cuts:9 200 2.88%
0 0 72.0589 6 74.1734 LiftProj:1 207 2.85%
all 0
337
all 0
338
all 2
339
all 0
340
all 0
341
all 0
342
all 0
343
all 0
344
all 0
345
all 1
346
all 0
347
all 0
348
Node Left Objective IInf Best_Integer Best_Bound ItCnt Gap
0+ 0 nan nan 994.8986 -114.3356 nan 111.49%
0+ 0 nan nan 37.2949 -114.3356 nan 406.57%
0 0 6.3884 6 37.2949 6.3884 54 82.87%
0 0 6.8409 9 37.2949 Cuts:10 69 81.66%
0 0 7.6708 9 37.2949 Cuts:12 80 79.43%
0 0 7.9782 9 37.2949 Cuts:12 93 78.61%
0 0 8.2293 8 37.2949 Cuts:6 107 77.93%
0 0 8.3074 9 37.2949 Cuts:7 115 77.73%
0 0 8.3221 9 37.2949 LiftProj:6 121 77.69%
0 0 8.5311 9 37.2949 LiftProj:8 137 77.13%
0 0 9.1645 9 37.2949 Cuts:11 149 75.43%
0 0 9.1965 9 37.2949 Cuts:7 152 75.34%
0 0 9.2287 9 37.2949 Cuts:3 156 75.25%
0 0 9.3806 8 37.2949 Cuts:3 167 74.85%
0 0 9.4109 9 37.2949 Cuts:6 175 74.77%
0 0 9.4178 9 37.2949 LiftProj:4 180 74.75%
0 0 9.4478 9 37.2949 LiftProj:4 183 74.67%
0 0 9.5382 8 37.2949 LiftProj:5 188 74.42%
0 0 9.6013 9 37.2949 LiftProj:4 197 74.26%
0 0 9.9929 8 37.2949 LiftProj:3 205 73.21%
0 0 10.2481 8 37.2949 LiftProj:8 211 72.52%
0 0 10.3553 9 37.2949 LiftProj:6 214 72.23%
0 0 10.5409 9 37.2949 LiftProj:4 221 71.74%
0 0 11.0002 9 37.2949 LiftProj:5 234 70.50%
0 0 11.5730 9 37.2949 LiftProj:4 243 68.97%
0+ 0 nan nan 16.1240 11.5730 nan 28.22%
0+ 0 nan nan 16.1240 11.5730 nan 28.22%
0 0 11.5730 9 16.1240 11.5730 317 28.22%
0 0 12.1611 9 16.1240 Cuts:14 335 24.58%
0 0 12.4452 8 16.1240 Cuts:12 344 22.82%
0 0 12.5932 9 16.1240 Cuts:13 353 21.90%
0 0 12.7431 8 16.1240 Cuts:9 363 20.97%
0 0 12.7887 9 16.1240 LiftProj:8 369 20.69%
0 0 12.9114 9 16.1240 LiftProj:5 378 19.92%
0 0 12.9761 9 16.1240 Cuts:12 385 19.52%
0 0 13.1307 9 16.1240 Cuts:11 399 18.56%
0 0 13.2112 9 16.1240 Cuts:8 407 18.06%
0 0 13.2283 9 16.1240 Cuts:6 413 17.96%
0 0 13.2307 9 16.1240 Cuts:8 415 17.94%
0 0 13.2400 9 16.1240 LiftProj:2 418 17.89%
0 0 13.2427 9 16.1240 LiftProj:5 420 17.87%
0 0 13.2586 9 16.1240 LiftProj:4 424 17.77%
0 0 13.2648 9 16.1240 LiftProj:4 427 17.73%
0 0 13.2857 9 16.1240 LiftProj:3 435 17.60%
0 0 13.2957 9 16.1240 LiftProj:3 443 17.54%
0 0 13.2988 9 16.1240 LiftProj:4 445 17.52%
0 0 13.3186 9 16.1240 LiftProj:2 453 17.40%
0 0 13.3315 9 16.1240 LiftProj:4 457 17.32%
0 0 13.3355 9 16.1240 LiftProj:2 460 17.29%
0 0 13.3476 9 16.1240 LiftProj:3 464 17.22%
0 0 13.3538 9 16.1240 LiftProj:1 467 17.18%
0 0 13.3555 9 16.1240 LiftProj:2 469 17.17%
0 0 13.3626 9 16.1240 LiftProj:2 473 17.13%
0 0 13.3641 9 16.1240 LiftProj:1 477 17.12%
0 2 14.2324 6 16.1240 14.3605 477 10.94%
all 0
349
all 0
350
all 0
351
all 0
352
all 0
353
all 0
354
all 0
355
all 0
356
all 0
357
all 16
358
all 3
359
all 0
360
Node Left Objective IInf Best_Integer Best_Bound ItCnt Gap
0+ 0 nan nan 514.4143 -106.7235 nan 120.75%
0+ 0 nan nan 83.5731 -106.7235 nan 227.70%
0 0 69.0899 2 83.5731 69.0899 47 17.33%
0 0 69.0899 2 83.5731 Cuts:4 52 17.33%
0 0 69.0899 2 83.5731 Cuts:4 54 17.33%
0 2 69.0899 2 83.5731 69.0899 54 17.33%
all 0
361
all 0
362
all 0
363
all 0
364
all 0
365
all 0
366
all 0
367
all 0
368
all 0
369
all 2
370
all 3
371
all 0
372
Node Left Objective IInf Best_Integer Best_Bound ItCnt Gap
0 0 7.6579 2 7.6579 41
0+ 0 nan nan 8.0780 7.6579 nan 5.20%
0 0 7.6579 2 8.0780 Cuts:2 44 5.20%
0+ 0 nan nan 8.0780 7.6579 nan 5.20%
0 0 7.6579 2 8.0780 7.6579 89 5.20%
0 0 7.6579 2 8.0780 Fract:1 93 5.20%
0 0 8.0777 2 8.0780 Cuts:4 103 0.00%
all 0
373
all 0
374
all 0
375
all 0
376
all 0
377
all 0
378
all 0
379
all 0
380
all 0
381
all 0
382
all 2
383
all 0
384
Node Left Objective IInf Best_Integer Best_Bound ItCnt Gap
0 0 46.2013 6 46.2013 60
0 0 46.2394 7 Cuts:6 71
0 0 46.4378 7 Cuts:6 83
0 0 47.0262 7 Cuts:13 92
0+ 0 nan nan 49.3481 47.0262 nan 4.71%
0+ 0 nan nan 49.3481 47.0262 nan 4.71%
0 0 47.0262 7 49.3481 47.0262 173 4.71%
0 0 47.2439 7 49.3481 Cuts:5 181 4.26%
0 0 47.5382 7 49.3481 Cuts:6 190 3.67%
0 0 47.6694 6 49.3481 LiftProj:4 194 3.40%
0 0 47.7237 6 49.3481 LiftProj:3 197 3.29%
0 0 47.8240 6 49.3481 LiftProj:2 203 3.09%
0 0 48.1673 6 49.3481 LiftProj:2 206 2.39%
0 0 48.1722 6 49.3481 LiftProj:3 208 2.38%
0 0 48.4882 6 49.3481 LiftProj:2 215 1.74%
0 0 48.4917 6 49.3481 Cuts:2 217 1.74%
0+ 0 nan nan 49.3481 48.5426 nan 1.63%
0 0 cutoff 49.3481 48.5426 239 1.63% 0
all 0
385
all 0
386
all 0
387
all 0
388
all 0
389
all 0
390
all 0
391
all 0
392
all 0
393
all 6
394
all 0
395
all 0
396
Node Left Objective IInf Best_Integer Best_Bound ItCnt Gap
0 0 0.8948 6 0.8948 57
0 0 1.6642 8 Cuts:9 70
0 0 7.3876 6 Cuts:5 89
0+ 0 nan nan 11.6907 7.3876 nan 36.81%
0 0 cutoff 11.6907 108 0.00% 0 0
all 0
397
all 0
398
all 0
399
all 0
400
all 0
401
all 0
402
all 0
403
all 0
404
all 0
405
all 0
406
all 1
407
all 3
408
Node Left Objective IInf Best_Integer Best_Bound ItCnt Gap
0 0 41.8656 2 41.8656 44
0+ 0 nan nan 41.9255 41.8656 nan 0.14%
0 0 cutoff 41.9255 41.8656 51 0.14% 0
all 0
409
all 0
410
all 0
411
all 0
412
all 0
413
all 0
414
all 0
415
all 0
416
all 0
417
all 0
418
all 0
419
all 0
420
Node Left Objective IInf Best_Integer Best_Bound ItCnt Gap
0 0 10.6421 2 10.6421 45
0+ 0 nan nan 10.9052 10.6421 nan 2.41%
0+ 0 nan nan 10.9052 10.6421 nan 2.41%
0 0 10.6421 1 10.9052 10.6421 99 2.41%
0 0 10.6487 1 10.9052 Cuts:2 101 2.35%
0 0 cutoff 10.9052 101 0.00% 0 0
all 0
421
all 0
422
all 0
423
all 0
424
all 0
425
all 0
426
all 0
427
all 0
428
all 0
429
all 0
430
all 1
431
all 0
432
Node Left Objective IInf Best_Integer Best_Bound ItCnt Gap
0 0 48.4886 6 48.4886 59
0 0 48.5199 7 Cuts:3 68
0 0 49.2284 5 Cuts:7 76
0+ 0 nan nan 52.9256 49.2284 nan 6.99%
0+ 0 nan nan 52.9256 49.2284 nan 6.99%
0 0 49.2284 5 52.9256 49.2284 144 6.99%
0 0 49.5273 7 52.9256 Cuts:5 152 6.42%
0 0 49.6748 7 52.9256 Cuts:6 161 6.14%
0 0 49.8871 7 52.9256 Cuts:6 165 5.74%
0 0 50.2885 7 52.9256 LiftProj:2 168 4.98%
0 0 50.3413 7 52.9256 LiftProj:2 173 4.88%
0 0 50.8896 7 52.9256 LiftProj:2 181 3.85%
0 0 51.1123 7 52.9256 LiftProj:2 189 3.43%
0 0 52.0280 5 52.9256 LiftProj:1 207 1.70%
0+ 0 nan nan 52.9256 52.0280 nan 1.70%
0 0 52.6146 4 52.9256 Cuts:3 225 0.59%
0+ 0 nan nan 52.9256 52.6146 nan 0.59%
0 0 cutoff 52.9256 238 0.00% 0 0
all 0
433
all 0
434
all 0
435
all 0
436
all 0
437
all 0
438
all 0
439
all 0
440
all 0
441
all 2
442
all 2
443
all 0
444
Node Left Objective IInf Best_Integer Best_Bound ItCnt Gap
0 0 -6.1266 6 -6.1266 62
0 0 -5.2987 9 Cuts:16 76
0 0 -3.7377 8 Cuts:12 91
0 0 -2.1337 8 Cuts:16 109
0 0 -1.1258 8 Cuts:21 124
0 0 -0.1216 8 Cuts:16 140
0 0 -0.0950 8 LiftProj:9 148
0 0 -0.0342 8 LiftProj:7 158
0 0 0.0873 8 LiftProj:7 167
0 0 0.2047 8 LiftProj:7 172
0 0 0.6243 8 Cuts:8 184
0 0 1.0742 8 LiftProj:7 196
0 0 1.6197 8 Cuts:7 203
0 0 2.0155 8 Cuts:11 217
0 0 2.2182 8 Cuts:5 225
0 0 2.9719 8 LiftProj:5 240
0 0 3.2764 8 Cuts:6 246
0 0 3.8414 8 LiftProj:5 258
0 0 4.2990 8 LiftProj:8 267
0 0 4.4136 8 Cuts:6 271
0 0 4.5192 8 LiftProj:4 276
0 0 4.7445 8 LiftProj:5 283
0 0 4.8000 8 LiftProj:5 287
0 0 4.9024 8 LiftProj:4 296
0 0 4.9509 8 LiftProj:5 303
0 0 5.0163 8 LiftProj:5 305
0 0 5.1353 8 LiftProj:4 310
0 0 5.1809 8 Cuts:5 316
0 0 5.2106 8 LiftProj:4 321
0 0 5.2110 8 LiftProj:6 322
0 0 5.2207 8 LiftProj:4 325
0 0 5.3087 8 LiftProj:4 331
0 0 5.3157 8 LiftProj:4 334
0 0 5.3308 8 LiftProj:2 336
0 0 5.3324 8 LiftProj:4 337
0+ 0 nan nan 10.0443 5.3324 nan 46.91%
0 2 6.1803 4 10.0443 6.2416 337 37.86%
all 0
445
all 0
446
all 0
447
all 0
448
all 0
449
all 0
450
all 0
451
all 1
452
all 0
453
all 22
454
all 0
455
all 0
456
Node Left Objective IInf Best_Integer Best_Bound ItCnt Gap
0 0 47.4773 2 47.4773 45
0+ 0 nan nan 47.5785 47.4773 nan 0.21%
0+ 0 nan nan 47.5785 47.4773 nan 0.21%
0 0 47.4773 2 47.5785 47.4773 93 0.21%
0 0 47.4773 2 47.5785 Cuts:2 97 0.21%
0 0 cutoff 47.5785 101 0.00% 0 0
all 0
457
all 0
458
all 0
459
all 0
460
all 0
461
all 0
462
all 0
463
all 0
464
all 0
465
all 0
466
all 1
467
all 1
468
Node Left Objective IInf Best_Integer Best_Bound ItCnt Gap
0 0 7.0905 2 7.0905 43
0 0 7.0905 2 Disjcuts:1 46
0+ 0 nan nan 7.1260 7.0905 nan 0.50%
0+ 0 nan nan 7.1260 7.0905 nan 0.50%
0 0 7.0905 1 7.1260 7.0905 89 0.50%
0 0 cutoff 7.1260 92 0.00% 0 0
all 0
469
all 0
470
all 0
471
all 0
472
all 0
473
all 0
474
all 0
475
all 0
476
all 0
477
all 0
478
all 0
479
all 0
