Instance2
6;-4.732770497869953
15;5.574831708220807
15;5.57117548882536
6;5.254431679985034
8;5.219239181237052
2;5.218187105565816
2;1.7464469984159254
Instance4
10;1.1261059698566678
14;1.0626415431443788
13;1.0611592741341267
24;1.0433521684190534
15;1.0431378982222732
4;1.0426244360626489
1;1.0425772573037246
Instance5
1;1.6028677820320774
16;1.565098988235016
1;1.1482042894924156
Instance6
3;1.0256212783003313
7;1.0221502587744682
7;1.021291940540457
20;1.019977938904307
13;1.0192745682927986
Instance7
2;1.3249192257352402
12;1.0114033223769996
2;1.0107461351267293
12;1.0096632052442878
Instance8
9;18.672750211380247
8;18.670153019848346
20;1.9822006110084183
13;1.9815956046160568
23;1.9484455697881353
4;1.8625061096840316
3;1.8621851639339697
1;1.8621465539189248
Instance10
5;7.259441601951043
11;6.137013980221753
12;5.651815452906133
7;5.643692709041691
8;5.636551040334626
1;5.633600199790122
Instance11
2;1.3600478358216168
16;1.1636957410396602
2;1.1636957410396602
Instance12
13;2.123376766777671
16;1.110510107154111
18;1.107612091938798
16;1.0889678431308345
20;1.0679561389730767
1;1.0678172648724407
2;1.06771519704792
Instance16
12;2.1289360121544094
10;1.9103042554694
16;1.8329938777813597
8;1.8323598945744715
7;1.8312407627685723
4;1.8303660330556089
4;1.8298109060795609
4;1.82965684920474
2;1.829629171189942
Instance18
6;1.0650816950709106
8;1.0319623450451108
11;1.0303652710542086
16;1.029119015796472
11;1.0283576118322535
Instance19
4;1.1674659137158006
9;1.1674659137158006
Instance24
8;1.0808471442216734
20;1.0777577816663708
17;1.046774292761891
13;1.04625232426726
20;1.0422970793449473
1;1.0422970793449473
1;1.0422970793449473
Instance26
4;1.024224437974402
9;1.0222200764874543
15;1.0171857072787598
19;1.0157382605210186
19;1.01414634008459
2;1.0140977514141272
1;1.0140565348178034
Instance28
7;1.0724021223984097
14;1.071019093279018
24;1.067387197791149
22;1.066473966098049
24;1.0577294520274587
3;1.057635896335041
Instance29
6;1.0184251255591048
22;1.0184251255591048
18;1.0179074652804985
25;1.014491254750215
25;1.0138022343535409
3;1.0137251474063533
Instance30
5;1.0326266169439349
1;1.0254355864585616
Instance31
4;1.3238322080887464
11;1.0090688834603538
8;1.0090688834603538
Instance32
12;1.1937355001150312
14;1.1917777928799953
17;1.1892378657765048
15;1.1882380771394216
24;1.1870153588345334
2;1.1869338820016302
Instance33
1;1.044271479131925
19;1.044271479131925
16;1.044271479131925
Instance34
8;1.7773438180008896
7;1.7750377340936914
12;1.7716982982320042
9;1.7385443767875357
8;1.7373277368059672
1;1.7361816830636219
2;1.73613221711645
Instance36
7;1.0924228513664027
17;1.0900996235850025
19;1.087761472042684
23;1.0862211677186844
28;1.0496169927642798
Instance37
5;1.186638651306651
10;1.186638651306651
Instance38
3;1.0357015430278074
5;1.0355327551098432
16;1.033522644450452
18;1.0327680431121598
18;1.0197310763070335
Instance39
2;1.8668799892079337
14;1.1355277381202515
1;1.1355277381202515

