Instance0
12;0.0027459152373023447
25;0.9961148262163322
30;0.9961838763406814
32;0.9962325220535431
22;0.9962519005448999
26;0.9978175957281158
25;0.9978419842575101
13;0.9978463725523171
37;0.9979014791453601
13;0.9979128531680372
21;0.9979777479825186
23;0.9979887528962869
16;0.9980265250413074
18;0.9980439688549324
25;0.9980718024008107
10;0.9980942770321584
18;0.998098979753073
10;0.998098979753073
Instance1
8;0.9994930018041421
19;0.999579482597862
Instance2
9;-4.732770497869953
21;5.573258298060524
19;5.376274675933421
22;5.367219375922617
17;5.363180080386533
19;5.360712835005032
13;5.203562688103552
13;5.201850236977386
10;5.200518173425901
17;5.193296465827779
20;5.188601719552908
13;5.185910724926075
13;5.18149455245125
13;5.173924981123121
14;5.171562053103449
12;5.165918459012181
15;5.1629814144299795
18;5.160455867186931
17;5.155520727277502
12;5.15296265618978
13;5.148702032537314
14;5.14598841262723
9;5.142622901743436
13;5.139219210694155
9;5.137583119898966
12;5.135807035163654
11;5.134534362980705
Instance3
6;0.9776952119273564
20;0.977978607966208
16;0.9878507119530684
Instance4
13;1.1264745042762394
13;1.0627757502010868
25;1.0614505300007422
20;1.035295878170764
20;1.0350185406152255
8;1.0349328464267162
15;1.034698355965432
10;1.0312532983703175
22;1.0307174476627454
15;1.0301252938011174
7;1.0300969480752822
10;1.029985894957626
Instance5
1;1.6028677820320774
28;1.565098988235016
Instance6
5;1.0256212783003313
13;1.0220430167007657
6;1.0208431267373457
13;1.0199283251335551
15;1.0183182366384131
13;1.0181519949138256
12;1.0178858556391424
7;1.0174477553144847
8;1.0171347175716263
12;1.0169326347412795
7;1.016889549156696
7;1.016363374741771
20;1.0148343936889732
10;1.0145104570252448
7;1.014015028191819
7;1.0138218724766683
9;1.0131970689799281
11;1.0130515354825165
10;1.0115497212238884
13;1.01109635771101
18;1.0108498651119908
13;1.0107637641423184
10;1.010738619611352
Instance7
4;1.3249192257352402
25;1.0114033223769996
Instance8
16;18.672750211380247
20;15.85922114349101
17;10.326104344745929
22;1.0557061077563346
23;1.0555771686976672
11;1.0555109936252294
6;1.055508264756263
Instance10
9;7.259441601951043
18;6.137174949500868
23;5.65149561986647
15;5.643515024019657
16;5.6323437128485905
17;5.623378234308214
12;5.623288122618467
15;5.6221775912307494
13;5.621371662737951
12;5.619901953769978
14;5.617650430705051
16;5.5454592386897215
21;5.541158765972326
17;5.539108832184295
15;5.5381421661594805
14;5.528450430268671
11;5.526078274472369
9;5.522027304399507
12;5.51967520911734
7;5.517366996209839
13;5.512790691423104
9;5.509490736848123
10;5.50501974976059
13;5.504628569734983
Instance11
1;1.3600478358216168
23;1.1636957410396602
Instance12
16;2.123816891013322
26;1.1102612860527412
24;1.1097451180170368
29;1.0915652612934235
28;1.0899999920994334
11;1.0899358597604951
16;1.0893838186468887
18;1.0889232604285326
16;1.0882338377849454
13;1.0875227418061397
15;1.081005031216671
11;1.0804967844569904
15;1.0803304946192596
14;1.0796794011380695
20;1.0794012094922416
17;1.0787460525375736
17;1.0779896213208284
24;1.0778242692077464
Instance14
7;0.8162486990071874
16;0.8174677313534736
15;0.8275291126459234
12;0.8278973083340939
16;0.8283209078758161
12;0.8284322608964388
10;0.8286167949913394
9;0.8288387375936579
12;0.8292688808976106
18;0.8297308705110854
11;0.8297377414614274
Instance15
2;0.9813233936639081
29;0.9909190714455316
3;0.9909985540420975
Instance16
21;2.128944475423459
20;1.8526597848710278
16;1.8503502029268588
17;1.8489578082402622
13;1.8485965240128692
21;1.84794832209248
7;1.8427772297961253
21;1.8424132086970626
14;1.8355497107546996
12;1.8346031371357487
11;1.8342370937085863
17;1.833117462308885
13;1.8325600064878629
13;1.8314471925158884
11;1.8300417535691906
10;1.8299232352102528
Instance17
4;0.999148180765888
38;0.999148180765888
12;0.999148180765888
Instance18
8;1.0650816950709106
13;1.0347203770277131
10;1.0331363755143157
14;1.0285014631504408
11;1.0280245014758227
14;1.0274881845705859
11;1.0270631587227599
13;1.0265229554631372
6;1.0263307575735132
6;1.026131493585006
12;1.026082384197768
Instance19
3;1.1674659137158006
12;1.1674659137158006
10;1.1674659137158006
Instance20
10;0.9873856739783444
20;0.9878020570345566
26;0.9879977117249676
18;0.9950461479790043
18;0.995194783323643
10;0.9952016758170826
2;0.9952032713016752
Instance21
1;0.9925186523179242
12;0.9925186523179242
18;0.9933508795799882
Instance22
11;0.9957677376215325
10;0.9959890798893939
10;0.9992160388288828
4;0.9992821148586676
8;0.9993416809347792
6;0.999363407905164
6;0.999371382598414
5;0.9993742307031459
6;0.9997854970264621
4;0.9999837251158165
Instance23
2;0.9688762393666092
14;0.9922903207879674
14;0.9922903207879674
Instance24
12;1.080699401431569
21;1.0773513995609028
12;1.0326356647214987
10;1.0318542290294523
5;1.0246019678103935
11;1.0244629312856595
10;1.024399206211823
11;1.0241654340158244
11;1.0235036474201546
9;1.0231161853401978
16;1.022873893749301
8;1.015275616670902
10;1.0150428453692504
9;1.0149240914057625
19;1.0108654801635886
24;1.010280168605656
8;1.0100524722597086
11;1.010009165971029
8;1.0096028311842795
13;1.0093521283724711
12;1.0083307089543216
10;1.008080682803274
2;1.0079297874536568
6;1.0078387765813541
4;1.0069384794393548
5;1.0066783033768978
14;1.0064414721106822
7;1.0059847260972667
Instance26
5;1.024224437974402
12;1.0222469671329273
15;1.0175064311840984
12;1.0163900975073132
12;1.0119921024000338
10;1.0113955701226702
9;1.0108023778916528
7;1.010717206709834
8;1.0106166713148248
7;1.010252272258496
7;1.0099790564674078
8;1.0088043621675828
7;1.0083501158645511
7;1.0077769639116085
9;1.0075688790242638
7;1.0074740217080425
6;1.0074092248089335
14;1.0019371317210746
6;1.001697744709008
3;1.0015077709156106
5;1.0013358262695657
5;1.0008694055500997
6;1.0006373637462136
5;1.0005211759077208
2;1.0005084887299547
2;1.000481111135827
Instance28
9;1.0724400379536212
15;1.0708315890098867
15;1.0682174892072243
9;1.0668199455393532
24;1.0593972467731596
14;1.0589215907882568
8;1.0587670614614784
18;1.0540371668372364
Instance29
3;1.0184251255591048
25;1.0184251255591048
10;1.0159967816788738
Instance30
9;1.0326266169439349
12;1.0251151332467545
10;1.023151797994178
11;1.0216174577538906
7;1.01792284268179
8;1.0172503331241955
6;1.0170850350075404
9;1.0166645879307377
8;1.0165510740788437
8;1.0164615661775016
6;1.016416640755755
17;1.0108620637546557
10;1.0103577731752058
19;1.0090717638655518
18;1.0085254490711477
11;1.0085059744349492
10;1.0083361692737118
12;1.0082374294515835
13;1.0079483848511672
13;1.0075462506966872
9;1.0073655124063559
5;1.0072315815749573
6;1.0067628236650619
11;1.0064409796773643
8;1.0057467259799102
6;1.004733019916748
12;1.0043015029778282
5;1.0042208711507619
Instance31
5;1.3238322080887464
12;1.0090688834603538
16;1.0090688834603538
Instance32
17;1.1942673627742606
14;1.1905267840081268
26;1.189200522228091
31;1.1886358425111645
16;1.1884593093732074
10;1.1882765523105148
16;1.1880836106437092
6;1.1874895087371233
6;1.1873684251104475
17;1.1870679792891168
10;1.186899933321254
16;1.1865876054617914
16;1.1865519593473965
5;1.1864172962485704
Instance33
1;1.044271479131925
10;1.044271479131925
27;1.044271479131925
Instance34
11;1.7773438180008896
16;1.7738051817624334
9;1.7401745298555755
15;1.7385249238869622
15;1.737621197706044
13;1.7370092650337248
10;1.7358687692629722
15;1.734805529297353
14;1.7336133443907913
13;1.733183157389542
16;1.732030989878445
16;1.7307726651099342
15;1.7291252823299577
22;1.7286711960508618
15;1.7283266018121353
12;1.7273578473635864
14;1.726195675503623
11;1.7255737384824377
16;1.7238707759865375
9;1.722862559939683
14;1.7217048344569934
11;1.7203714770719858
18;1.7198690364400362
14;1.7187129783488246
9;1.71716619485467
8;1.7165748266772423
9;1.7158978657372925
15;1.7155527157014068
Instance36
12;1.0924228513664027
22;1.0889677137184377
14;1.0888247900081056
17;1.0789962034880018
21;1.0753022014350055
21;1.0571189333434368
14;1.0567614949573623
23;1.0566953130061907
Instance37
5;1.186638651306651
15;1.186638651306651
Instance38
5;1.0357015430278074
7;1.0355327551098432
14;1.033990135835359
13;1.0331236911898096
13;1.0217741889619933
14;1.0214979686314554
16;1.0212800952083445
16;1.0211569933516336
15;1.0208946009008906
16;1.020479764507042
16;1.0203418229744532
13;1.0198730241228684
20;1.0194905652036617
10;1.019265946473334
14;1.0187924259066972
17;1.0185391396206969
16;1.0180076094119934
14;1.0178244743210507
17;1.0177128394866084
26;1.0128332824283857
13;1.0076364488844167
7;1.0051691900082478
14;1.0047422241860093
9;1.0045840274133186
10;1.0042198069366584
12;1.004089369851353
6;1.0039111058347692
4;1.0038709713469829
6;1.0037913712795403
Instance39
3;1.8668799892079337
19;1.1355277381202515

