Instance0
71;0
156;0
254;0
365;0
371;0
372;0
374;0
Instance1
76;0
166;0
173;0
182;0
192;0
193;0
194;0
196;0
197;0
198;0
Instance2
56;0
57;0
58;0
Instance4
71;0
155;0
161;0
166;0
169;0
Instance5
69;0
151;0
161;0
172;0
180;0
Instance6
1;0.0
Instance7
2;0
4;0
7;0
10;0
12;0
13;0
Instance8
76;0
165;0
267;0
277;0
283;0
Instance9
68;0
150;0
245;0
348;0
463;0
Instance12
78;0
171;0
277;0
402;0
540;0
684;0
832;0
833;0
Instance13
6;0
17;0
27;0
38;0
48;0
Instance14
1;0
Instance15
2;0.0
4;0.7002034451928207
Instance16
72;0
155;0
158;0
161;0
167;0
Instance17
78;0
175;0
188;0
196;0
206;0
209;0
Instance18
4;0.0
Instance19
1;0.0
3;0.9870872970307415
4;0.9870872970307415
Instance20
71;0
Instance21
81;0
181;0
191;0
199;0
200;0
Instance22
2;0
4;0
6;0
Instance23
1;0
Instance24
6;0
15;0
22;0
27;0
34;0
Instance25
81;0
187;0
Instance27
1;0
2;0
Instance28
71;0
154;0
251;0
370;0
373;0
379;0
Instance29
6;0.015181272547845844
13;0.03795641693494901
17;0.046029152443660806
24;0.05049423260479179
28;0.05618559202756709
30;0.057664245385275016
Instance30
3;0.0
4;0.0
Instance31
2;0
3;0
5;0
Instance32
71;0
154;0
245;0
351;0
353;0
Instance33
70;0
159;0
Instance35
1;0
Instance36
68;0
144;0
147;0
151;0
153;0
155;0
156;0
Instance37
76;0
167;0
276;0
398;0
531;0
670;0
815;0
965;0
1118;0
Instance38
2;0
Instance39
46;0

