Instance0
7;0.013402044370067019
14;0.050430810285171344
9;0.06403073339514657
10;0.07394445826454674
8;0.5062472922209681
4;0.6658044965393246
3;0.6899084924176634
Instance1
10;0.43959271939524924
22;0.7665111042378139
17;0.7715727022331716
14;0.7733126544852417
18;0.7750758537869274
6;0.7752770301778402
3;0.7753253125116593
Instance2
6;-0.0
1;-0.0
Instance3
9;0.8823755261096085
10;0.9707164946443254
5;0.9708160603219282
3;0.9708500486054474
1;0.9709000313753283
Instance4
5;0.007502957531742153
8;0.5881207123668314
4;0.6007820125039309
2;0.6394401233892557
2;0.6414578218696115
Instance5
8;0.0004319639476241557
10;0.5298183513219297
4;0.9181525106911325
6;0.9190681081296287
4;0.9197119273401333
1;0.9197119273401333
1;0.9197119273401333
Instance6
2;-0.0
Instance7
8;0.001334392527402096
2;0.5719135115074104
4;0.5723893623793419
3;0.5725986549548187
1;0.5728481698819344
1;0.5730970030742767
1;0.5730970030742767
Instance8
8;0.0023403874298350766
5;0.053515579657702914
4;0.3789695732915365
2;0.7271710579846761
5;0.7383482413553947
Instance9
7;0.00010497780028105534
11;0.030777020977034816
9;0.05933715781868363
12;0.06837759897245312
9;0.07342270855075185
2;0.07342270855075185
Instance10
7;-0.0
8;-0.0
Instance11
9;0.9523879894618899
3;0.9523973147887564
3;0.9896165703752213
2;0.9900715385467472
3;0.9905070549974471
4;0.9906040609818257
1;0.9906414487049716
Instance12
7;0.039275462633090216
8;0.23917534329045595
4;0.3187217079878082
4;0.32180568785647884
8;0.3448541198029766
Instance13
15;0.9021246163458547
3;0.9030306166228235
8;0.9036085568239823
3;0.9037623292088126
4;0.9039680367380387
Instance14
3;-0.0
5;-0.0
3;-0.0
1;-0.0
Instance15
11;0.9770522970258394
4;0.977371891203233
3;0.9872880051169444
3;0.9874096947476395
5;0.987494159106691
1;0.9875210440251003
2;0.9875256155496881
Instance16
8;0.006423448705954882
10;0.0448154277901708
13;0.05234702933486777
10;0.058041303878535205
3;0.7114776627576528
Instance17
6;0.0013719987527303272
11;0.04436449113717611
13;0.060012952435779095
6;0.23444445592264423
8;0.3419813840489539
5;0.3419813840489539
1;0.3419813840489539
Instance18
4;-0.0
2;0.9318789216033699
Instance19
7;0.9688416500864103
9;0.9697345124843931
5;0.9698839566591831
3;0.9699406161554778
2;0.9699467003966905
2;0.9699668544457081
Instance20
7;0.009198361395068928
4;0.052643941671677644
11;0.08474894768490703
10;0.7118118866107445
10;0.7243186572493512
10;0.7281588380455749
Instance21
4;0.8134489496116625
3;0.8146280950217438
7;0.8163771695618216
3;0.8164507002413788
3;0.8166861576881914
2;0.8173837700559748
1;0.8175212750812838
1;0.8178002669376538
3;0.817982633641104
Instance22
3;-0.0
2;-0.0
2;-0.0
Instance23
5;0.6627167420612268
2;0.6650564031317729
4;0.6661214357023172
3;0.6662488675470024
1;0.6664417206063558
1;0.6664417206063558
1;0.6664829576753171
Instance24
6;0.005627786197299623
6;0.041938085489173535
4;0.4301656080053006
3;0.6448707827239136
6;0.6490359817395391
Instance25
3;0.4055925861354444
4;0.4082202207129307
3;0.44187894262902433
2;0.751008588581198
5;0.7511204225711878
1;0.7514977283009935
Instance26
4;-0.0
2;-0.0
1;-0.0
Instance27
6;0.396442159951492
1;0.44638726179429317
3;0.44900656771244524
3;0.4498288456350493
1;0.4503349752331447
Instance28
5;0.037172336865587886
7;0.10621862799777028
6;0.13667038482989355
6;0.141634132738427
3;0.15280256553262692
1;0.15308142777467879
Instance29
2;-0.0
5;0.08605688789737473
10;0.13527607361962937
5;0.1487451199107649
2;0.1628973786949238
6;0.17117958728387844
1;0.17166759620747446
Instance31
1;-0.0
Instance32
6;0.010975019278015712
8;0.05783404766601466
1;0.7088334146355502
7;0.7249012703153076
3;0.7285344222749132
Instance33
7;0.9372637819732473
15;0.938612986445961
11;0.9388153565877244
1;0.9388429429441979
1;0.9388551567508806
Instance34
4;-0.0
4;-0.0
4;-0.0
Instance35
7;0.905232354956624
5;0.9055891948553084
1;0.9941865868741132
3;0.9942665323194418
1;0.994333196093342
2;0.9944657573908677
Instance36
5;0.0024177590480239865
6;0.03661081508195434
8;0.0542847687933489
3;0.27764616612200527
5;0.2827322811384743
Instance37
6;0.3887746059540204
6;0.6484297059909931
8;0.6493514609466073
4;0.6495400736566825
7;0.651764190845598
1;0.8299601329510481
2;0.830012929674673
Instance38
7;-0.0
3;-0.0
2;0.24710142029394627
2;0.24710142029394627
Instance39
4;0.0037136678762028047
3;0.006044465801810404
3;0.009513040367175388
2;0.009886160953084462
2;0.009930882809444538
2;0.4321142130848174
2;0.4323564437791893

