Instance0
11;0.7942995006567667
9;0.8024754079072279
3;0.8062419997389739
8;0.8167542940826091
8;0.8253760546321395
2;0.8346868611893224
3;0.8369306034411312
8;0.838407130600386
2;0.8386213717960427
Instance1
7;0.9630012330540761
14;0.9756053597180694
10;0.9762424873029849
6;0.976286455387499
4;0.9764232753275088
3;0.9765355168351814
6;0.9767190357966314
1;0.9772376881322898
Instance3
3;0.07772214938754984
3;0.07772214938754984
1;0.07772214938754984
Instance4
18;0.004482738010399779
7;0.004694231290890228
5;0.867817440227122
6;0.8696595666098829
6;0.8720285338713432
3;0.8729368802139277
3;0.874535569776876
3;0.8772824091168511
4;0.8784559925914702
1;0.878746663421097
1;0.8787757305040598
Instance5
14;0.7089550412511741
15;0.709096530322901
25;0.7093614185393763
10;0.709509799011857
13;0.7097208481599429
8;0.709783516835548
6;0.7099209141380773
6;0.7099441726156214
Instance6
5;-0.0
1;0.9587808396444945
Instance7
7;0.02729039358105176
21;0.027596619904886623
12;0.031593925353421516
24;0.032568706857537724
13;0.033301935790690115
9;0.03514630655027703
12;0.03661276441658151
15;0.03756416986544319
4;0.03756416986544319
2;0.03756416986544319
Instance8
8;0.0064844700585059605
12;0.012101915468739809
7;0.9524437394449096
3;0.9524820552181517
1;0.9530631777789836
2;0.953631528415401
2;0.9563711062021789
1;0.9564285798620416
Instance9
10;0.9636355143671149
8;0.9640686316431153
13;0.9651376345424895
15;0.9652254838013009
12;0.9654839240626879
6;0.9655278486920936
Instance10
2;1.0007267598295504
Instance11
3;0.9913476984651521
4;0.9913476984651521
Instance12
10;0.626634889141814
11;0.6321838622531156
10;0.6556468846190784
8;0.6610691447383051
11;0.6645959896844039
10;0.6680172404704402
4;0.6692421327271685
4;0.670709891552042
2;0.6708630030841336
1;0.6708630030841336
Instance13
12;0.9969251633426145
18;0.9969747376512572
9;0.9969762622579713
5;0.9970356727389637
8;0.9970399514739359
Instance14
4;-0.0
6;-0.0
5;-0.0
Instance15
11;0.866036821898546
12;0.866036821898546
11;0.866036821898546
Instance16
7;9.118519713527683e-05
15;0.01003037168489203
9;0.011924218086934698
6;0.31472489071722426
15;0.8859689762596784
8;0.890349185442488
10;0.8908239190966936
2;0.8908618977890305
Instance17
7;0.003815806493336494
7;0.0056051394817424275
11;0.051567283232005975
14;0.05424050360022351
2;0.19267951847724515
Instance18
4;-0.0
2;-0.0
Instance19
7;0.9688720429025306
1;0.9812244557016916
Instance20
14;0.0018696850526038072
18;0.9385900954695063
23;0.9415837689170851
10;0.9467981461601697
3;0.9481730184101687
7;0.9534665933635067
11;0.957844642786315
1;0.957844642786315
Instance21
14;0.13400232055355193
12;0.13624083863138117
8;0.1384960059559503
8;0.5210013055470881
18;0.7775714801827712
3;0.7776678572660098
7;0.7776960927396148
3;0.7777265870511083
Instance23
13;0.8285525173305383
26;0.8311844899164763
26;0.8326695556559325
12;0.8331872652179453
12;0.8338797705773687
11;0.8350884595072107
17;0.8352536785643657
9;0.8353719778706528
5;0.835424743360973
1;0.8354575102689564
Instance24
9;0.869440109510784
5;0.8735148730874033
1;0.8736265104456665
Instance25
15;0.5002298777255958
12;0.5018604377088257
9;0.5030597207763392
6;0.5032015422957933
1;0.5032724530555203
5;0.5036390190593546
4;0.5038075774226403
2;0.503921887117282
Instance27
12;0.510853231233177
14;0.5146858442851832
6;0.5199555446857598
22;0.5206721675743673
9;0.5222752993188201
9;0.5230618866509888
9;0.5250095248167668
9;0.5250964003491011
6;0.5252145168364126
Instance28
14;0.0075022266140509644
10;0.012280507863034872
4;0.015875595659889927
4;0.016707731714134658
1;0.016707731714134658
Instance29
17;0.01764864011968472
16;0.022715319253379013
20;0.028465737093701267
21;0.03801470330415387
19;0.04045161818160642
10;0.042847625615073215
2;0.043852779953015515
1;0.04417419558433332
3;0.631102315262238
9;0.6430011349607281
10;0.6467084484433601
3;0.6489476886362584
Instance31
1;0.44524405629632113
1;0.9940881738138274
Instance32
16;0.9574923063618963
6;0.9640996330453807
7;0.9714255117429536
4;0.9740546160510616
2;0.9745217796054104
2;0.9746684228735919
Instance33
14;0.8716693988024135
28;0.871746568520522
27;0.8719618314184032
21;0.8720296595390563
33;0.8720832721853211
25;0.8724313482296312
24;0.8729816901666673
17;0.8735746785268687
16;0.8737026177963642
20;0.8737600889285344
18;0.8738528956684699
Instance34
3;0.6123203671158376
3;0.6757214756718578
Instance35
6;0.9942009087503094
9;0.9942009087503094
10;0.9942009087503094
Instance36
12;0.0012662893818166806
12;0.4789013698939652
5;0.4805623379261768
6;0.4870296820516029
2;0.4939784661863659
2;0.6507601800025177
Instance37
21;0.6726285562665042
19;0.6730404966159786
20;0.6756857501852471
15;0.6766081138912424
9;0.6773266177726515
8;0.6777612092137465
6;0.677867852241377
9;0.6779408703566014
1;0.6779436841568027
1;0.6779560648776886
Instance39
26;0.4411083523588605
9;0.44737965050749623
13;0.44811111890801997
10;0.44925005694307
8;0.4513302388508665
11;0.4522330421920534
3;0.45240181443061284
4;0.4525171360252902
3;0.4525171360252902

