Instance0
9;0.8495997854977955
10;0.8643216298209528
8;0.8728970679498009
5;0.8765739100914745
8;0.8777464463650004
1;0.8777464463650004
Instance1
15;0.964270652584876
9;0.9709046997696698
12;0.9715310130903527
8;0.9787085233474712
10;0.9788890382783025
1;0.9788890382783025
Instance3
4;0.07772214938754984
10;0.07948130032239041
5;0.08046327958643378
3;0.08127153812406449
3;0.0818951040999277
2;0.08231569112177173
Instance4
14;0.03139755679284181
6;0.8987614264224247
5;0.9038561248388074
1;0.9046817049659825
2;0.9066623730781086
1;0.9066623730781086
Instance5
16;0.7101356243428136
12;0.7189397780648155
13;0.7191266936918267
3;0.719153395924257
3;0.7191749713280605
Instance6
4;-0.0
1;0.9617716758180496
1;0.9897299622361261
1;0.9918220069658038
1;0.9955985552440513
Instance7
11;0.031764570556779684
5;0.035000595805856606
3;0.035945767639984
3;0.036081348760460694
4;0.036376666258510215
1;0.03691431552936577
1;0.03794286196056769
Instance8
12;0.05457155139124642
5;0.9016954368472061
1;0.9804142539113115
1;0.9806186047019341
1;0.9807527099082798
Instance9
14;0.96769598882962
13;0.968904426889782
12;0.9701625642729446
10;0.9733631750717967
9;0.973915854997409
Instance10
6;1.0007267598295504
3;1.0007267598295504
11;1.0007267598295504
5;1.0007267598295504
Instance11
3;0.9913476984651521
11;0.9915827518953364
3;0.9918921796830199
3;0.9922592285599605
3;0.9923528945596776
2;0.9923798013238241
Instance12
8;0.660197992917787
10;0.6856303463689211
9;0.7007514300899196
7;0.8570275665688533
7;0.8601055133705701
Instance13
14;0.9971030505195593
20;0.9972790688237576
10;0.9973822502717061
12;0.997514522090538
7;0.9975490781179557
2;0.997554337712456
Instance14
6;0.018683036565373897
7;0.07168185457734995
8;0.08068021504556505
4;0.7164184585456984
3;0.7164184585456984
123;56.0136881839324
Instance15
13;0.8662323429242474
2;0.8663533141826039
4;0.8664455670609276
3;0.8665108718703167
3;0.8665698822402468
1;0.8666088290844005
1;0.8666367606595008
Instance16
10;0.024136020257142038
5;0.8917987055333303
4;0.9044899185557755
3;0.9062622575314779
3;0.9091359785849393
1;0.9094651272518557
Instance17
12;0.13361790195317522
10;0.18369766739964805
8;0.3451121635168102
7;0.35434593995313096
10;0.3589520661940833
7;0.3791630593728726
Instance18
8;-0.0
6;0.0006402421279365667
3;0.0050637331936466985
1;0.9814601501141459
Instance19
6;0.9688720429025306
3;0.9812244557016916
3;0.9812929196175986
Instance20
14;0.02905784679506609
8;0.9652131977482924
5;0.9706049778623443
9;0.9734687670651077
8;0.9765226307724791
Instance21
7;0.14175979538948352
10;0.14497148879289484
11;0.16935228697729207
7;0.17115688618450584
8;0.5298942463159492
5;0.5300978913536302
4;0.5302305691812101
4;0.5302627468603243
1;0.5302627468603243
Instance23
4;0.8297562459582165
4;0.8318590087498651
15;0.8329341931926677
12;0.834044995014955
4;0.8343645108266039
5;0.8343805096924738
5;0.834688180189969
8;0.8349130873236383
2;0.8349212405918219
Instance24
7;0.8974690605319529
7;0.9060252666331514
3;0.9087524078135892
5;0.9157257556565517
6;0.923077873107908
Instance25
14;0.5065870467096432
7;0.5071926943459997
4;0.5095122124210033
8;0.5101670713496294
4;0.5104111903585253
1;0.5104263024876475
Instance27
4;0.5185124621882814
9;0.5222953060059334
6;0.524353833665779
4;0.5244351645568939
3;0.5246136644600244
7;0.767814455783419
2;0.7767954501879637
Instance28
11;0.051195870524830336
7;0.766193975672827
6;0.8944710777693283
3;0.900908458118823
2;0.9012741524037807
6;0.9021796811093907
Instance29
16;0.04006591942402439
21;0.06288642924765338
15;0.06690704659942291
11;0.07303731927675584
10;0.0753515118222513
2;0.07541579494851552
Instance31
2;0.44842608331048334
Instance32
1;0.9886833295040641
Instance33
10;0.8725613182811821
14;0.8729522438268628
5;0.8736337742846833
24;0.8770851025212049
5;0.8772925242817212
4;0.8773718504574503
1;0.8773746835351549
1;0.8775068078078752
Instance34
5;0.6123203671158376
3;0.8522787467175457
6;0.8629551593166231
1;0.9814609600796643
2;0.9950723369728472
Instance35
5;0.9943448278032214
5;0.9949916939207217
5;0.9953414864851522
4;0.9956170106613154
7;0.9956830056280918
Instance36
6;0.05409484160541194
3;0.8151897371904402
3;0.839033387251833
2;0.8521189230444615
5;0.8564565641439461
Instance37
7;0.6746035626278164
8;0.6765991097305982
3;0.6779726662988764
5;0.6784891393258302
3;0.6893594596271809
2;0.6894291677585832
Instance39
6;0.44223850398669706
4;0.44489309726607584
4;0.44635017646231434
5;0.4489161734689572
3;0.44949863904715204
1;0.44991013578498423

