Instance0
13;0.013402044370067019
23;0.05080112621271392
22;0.06628089735181722
19;0.47866548611535775
14;0.6333303983802058
11;0.721165449517499
17;0.7228510586517798
11;0.7231533808061862
16;0.7255219335122919
12;0.7258373055438669
7;0.7258373055438669
12;0.7258655802777323
Instance1
18;0.44242894832753127
36;0.45291087309592065
33;0.4555960545579282
28;0.6996306390488312
39;0.7008459911560637
32;0.7012426180413583
25;0.7016792714930586
25;0.7019558186791354
24;0.7023306128918447
Instance2
9;-0.0
2;-0.0
Instance3
17;0.8824605543207606
13;0.8827067554097692
15;0.8828746967024431
18;0.8832913772396822
16;0.883700443310251
21;0.8838726148621865
14;0.8840659377104285
12;0.8841370060660184
9;0.8844618899772871
20;0.8846378687625577
16;0.8847233199996362
Instance4
7;0.007502957531742153
10;0.5881207123668314
8;0.6044827652499724
7;0.6517736605790365
6;0.6531036364787638
7;0.6534617069133063
9;0.6562239645512015
5;0.6575141548470911
9;0.6642265545803311
12;0.6741274862783025
10;0.6985659972070762
7;0.6995912251324672
7;0.706456287262708
5;0.7086143637244422
6;0.7125680051162805
7;0.7153944622144568
7;0.7205545872975007
5;0.7236812492578091
5;0.7339165357836708
7;0.7385555505399971
3;0.7401245457628324
11;0.7436137192547699
7;0.7445199980838448
5;0.7456981605616424
Instance5
15;0.0008244696500331228
19;0.5285867827957951
13;0.5646056333651546
14;0.5680912029814585
21;0.5917184818376576
17;0.5917265333096501
15;0.5917938206113017
Instance6
3;-0.0
Instance7
14;0.001334392527402096
10;0.572154845617244
12;0.5729926976539248
14;0.5735708087418872
10;0.5747665715346767
6;0.5750426741179606
11;0.5751892470942718
5;0.5752608292454937
Instance8
11;0.0023403874298350766
6;0.053515579657702914
11;0.3829666451234857
6;0.849804420668331
6;0.8513435864699757
14;0.864202371640904
8;0.8695759504922584
7;0.8711205168756625
5;0.8727028873313883
6;0.8801846095346217
8;0.8813227289866633
8;0.8814198197456055
8;0.88150072871139
Instance9
12;0.00010497780028105534
21;0.030777020977034816
16;0.13220582296551256
27;0.14257352084262576
24;0.15121018894940713
11;0.15121018894940713
Instance10
11;-0.0
12;-0.0
Instance11
16;0.9523879894618899
19;0.9527332855928083
15;0.9529959489662152
14;0.953319226964254
21;0.9825722336969427
25;0.9827436843295424
21;0.9829926052479837
20;0.9830695675319503
Instance12
13;0.03990655727692813
20;0.08200158791555529
10;0.23685544889897428
14;0.32475150542703407
16;0.3980457301900427
18;0.4109239822665933
16;0.4149524130757919
16;0.41930390151974956
23;0.4433814849346294
10;0.4482126650180791
9;0.44992095463218595
11;0.4530536347268235
12;0.4553786707345632
15;0.465608829168615
18;0.4679534444269455
14;0.47129170665279346
16;0.47892271957082544
20;0.4824127209887583
12;0.48610830453790166
24;0.48852634198594985
18;0.48952977857876345
13;0.4909150105581112
Instance13
25;0.9021671255387766
20;0.962328912186289
20;0.9632646041064687
25;0.9635435520848852
11;0.9637973136657451
28;0.9638530342575994
21;0.9640576306103527
23;0.9642677472694194
22;0.9649833169753386
20;0.9649997053847076
20;0.965572609674331
30;0.9658506951048859
19;0.966506231479643
34;0.9667078951696669
19;0.9668312395138648
Instance14
6;-0.0
8;-0.0
5;-0.0
1;-0.0
Instance15
19;0.9770541782935042
19;0.9881851620910549
24;0.9906129155060691
19;0.9908056636698711
24;0.9909676760231624
20;0.9912069608014701
20;0.9913679991325972
20;0.9914374793803011
14;0.9914634533046764
23;0.991568214799657
21;0.9917092315640782
17;0.9917512227418183
Instance16
11;0.006754455398046822
15;0.043155597131274995
16;0.04682545393490209
16;0.05210237221462604
15;0.0565301863711584
14;0.6295892703878812
16;0.6312113543853343
9;0.6325194866413455
6;0.6327723922108419
6;0.7138033117653277
Instance17
9;0.0013719987527303272
25;0.04461394545585403
22;0.06391787196277403
17;0.06739584082895576
22;0.0710561032357103
16;0.07115204720443309
11;0.07124319397471811
Instance18
6;-0.0
3;0.9318789216033699
Instance19
14;0.969011438442756
13;0.9694789743534542
10;0.9902729568462102
12;0.9905411749821318
14;0.9906266776450037
12;0.9908527020755517
12;0.990969245922553
13;0.9910028893616394
12;0.9910722208687073
Instance20
7;0.009198361395068928
7;0.05828134395670492
19;0.09755524654239266
18;0.716297915995423
15;0.729817097934852
17;0.7540451476855665
9;0.7573703951477502
10;0.7641256222756507
8;0.7709943092907124
8;0.7908061511257706
14;0.8019339477511882
8;0.8145279952260732
8;0.8154444020069893
6;0.8161426166972126
Instance21
7;0.8144300665490016
5;0.8156893789815604
17;0.8171875997592505
20;0.8177004563401322
18;0.8184246140795968
18;0.8187824456898602
19;0.8188506672950809
17;0.8190874520104778
19;0.8424459621561325
19;0.8427271227510184
18;0.8430763018831711
15;0.8431900122622662
Instance22
4;-0.0
3;-0.0
3;-0.0
Instance23
9;0.6627167420612268
11;0.6650564031317729
18;0.6661214357023172
16;0.6663059173266181
17;0.6665772138329431
9;0.6669697411209515
11;0.6675938781120739
12;0.6676248834270825
11;0.6682964697914037
10;0.6686736577936385
13;0.6688837921120571
13;0.6695228731807573
10;0.6698064615308352
13;0.6703587614650856
11;0.6706253035208966
14;0.6710889627249587
13;0.6713784397948741
17;0.6716189475103502
17;0.6718848697009151
8;0.6719914865232397
Instance24
6;0.005627786197299623
8;0.041938085489173535
7;0.43355091516328764
6;0.5024345419097124
3;0.6427400513074292
5;0.7955729631805512
4;0.7966617450099637
4;0.8060236190734756
3;0.8069474339590382
5;0.8183878915150654
4;0.8217697138639989
7;0.8255886986141365
5;0.8280137126887374
4;0.8337545623347317
5;0.8359321259935583
4;0.8373095999747092
Instance25
7;0.4060459351204364
8;0.4085730148478681
15;0.4286287376751963
11;0.4299265914727481
16;0.4308399898810514
13;0.43102799279117865
19;0.4311576936752437
15;0.43903898770802247
11;0.43966622167155384
16;0.4397285241055155
Instance26
5;-0.0
3;-0.0
1;-0.0
Instance27
8;0.396442159951492
8;0.4464155154195957
9;0.44793585273976544
16;0.4485213847675913
9;0.45031646423725685
15;0.4509575292527466
16;0.45151967896997686
13;0.45225086330755293
14;0.4527253293600506
10;0.4531730031816578
7;0.45340439063025795
12;0.4547089287088912
10;0.45566516778594773
9;0.45622585610876604
9;0.45632328240291337
Instance28
7;0.037172336865587886
11;0.10621862799777028
7;0.12852760736196384
17;0.13832961517010706
12;0.16819576129392072
4;0.17182097044060363
5;0.18153931957613037
7;0.1883296151701065
7;0.19228945900725164
8;0.20117122141662094
9;0.20376464026770744
8;0.21606246514221952
9;0.22643614054657132
10;0.2398354712771895
8;0.2426938092582266
9;0.24846625766871128
7;0.2493307306190747
5;0.2577941996653654
5;0.276631344116008
4;0.2821667596207482
6;0.5532434001121316
Instance29
4;-0.0
8;0.10982989403234474
13;0.15370886781929644
11;0.19019799219185923
9;0.2049498047964309
7;0.21009481316229858
7;0.21084774121584132
7;0.2137200223089816
Instance31
1;-0.0
Instance32
7;0.010975019278015712
10;0.0602550078008712
10;0.733734973863109
9;0.7392811571642751
8;0.7442244944544463
6;0.7456793628276501
6;0.7489829589679106
7;0.7538619926835757
8;0.7556142650888718
8;0.76419879228546
5;0.7697288996930011
7;0.7706854153637819
8;0.7765531165374796
10;0.7801943064438978
9;0.7827744873709623
6;0.7832487262329471
7;0.784100748595155
Instance33
12;0.937277891025795
22;0.938104007639882
21;0.9386508913632527
15;0.9389530777872179
19;0.9390505776578072
20;0.9391661876555472
19;0.939214621716531
15;0.9392664251034966
Instance34
7;-0.0
4;-0.0
Instance35
15;0.905308312993149
15;0.9057375573360064
12;0.9069585398168686
10;0.9154850901011157
12;0.9156084974282269
12;0.9157502845700145
12;0.915913077214289
16;0.9159744891347547
19;0.9162522285565278
18;0.9163480661616249
17;0.9909368280692574
14;0.9909849536112917
Instance36
5;0.0024177590480239865
8;0.03727941325445179
14;0.05496687399963472
11;0.33461376097334256
5;0.34035279279852426
10;0.34536952084708156
5;0.34536952084708156
6;0.34695202275768683
6;0.5467038649494643
6;0.5500804802661058
6;0.5547434252271806
6;0.5718709044428275
8;0.5770548129098992
7;0.5814026071080882
7;0.5851393947251704
10;0.5878599819231504
10;0.5959317004419785
10;0.6909351576109679
9;0.6922230606158702
Instance37
8;0.3887746059540204
15;0.6484297059909931
22;0.649378043946014
23;0.6668585417416776
26;0.6694206592568115
21;0.6695002222715927
25;0.6696495348458007
27;0.6699814889943257
20;0.6706667935850544
25;0.670874316860634
22;0.828291489546037
22;0.8292190837199535
27;0.829727986000128
17;0.8300358583209582
23;0.8373463282757275
Instance38
12;-0.0
1;-0.0
3;0.24710142029394627
Instance39
6;0.003803988488068252
13;0.41936403472858835
9;0.421256808548448
13;0.4258374878902681
15;0.4260000352220287
11;0.4261858036011842
17;0.42680208282727045
12;0.7430271601126208
17;0.743505644926425
18;0.7448729696909888
15;0.7455583668567086
13;0.7461589173415366
12;0.7465115515022707
14;0.7467172021935037

