Instance0
26;0.856064658334297
17;0.8735947994113312
22;0.8804476225210488
21;0.8829924605072934
23;0.8848135106703746
10;0.8911336259422435
9;0.8911654726064625
9;0.8927027979428631
18;0.8938492778547548
13;0.9158905872763118
13;0.9161116784851235
Instance1
32;0.964270652584876
36;0.9713575555887438
34;0.971694864559436
37;0.9717596366644672
30;0.9767663580481724
38;0.9771512844218637
17;0.977770501919315
20;0.9780709522635529
19;0.9879253978197617
19;0.9880010827966954
15;0.9883640451591934
16;0.9891789472047425
29;0.989912738826983
15;0.9904666769018869
14;0.9910295669633099
11;0.9910916883243055
Instance3
11;0.07772214938754984
20;0.07948130032239041
19;0.08078329145088078
8;0.08196093511204239
10;0.08277467956734905
10;0.08514459600347611
4;0.08547923698172583
4;0.08719998649283327
4;0.08803018870116844
8;0.08871409977147056
7;0.08896645198457674
Instance4
36;0.03139755679284181
18;0.9041132133871825
22;0.9057679946070024
10;0.9139803442931121
17;0.9176628661761695
13;0.9329035098396768
13;0.951765118973251
5;0.9538797628077692
6;0.9543903189390485
10;0.9549877782416096
6;0.956714978770831
10;0.9579424860651834
6;0.9591917191523559
12;0.9616539756720012
10;0.9621934995270409
4;0.9660099971324907
8;0.9696671722572572
11;0.9699568494948624
5;0.9701632445266563
Instance5
39;0.7101356243428136
38;0.7189543040792574
27;0.7199959047618946
42;0.7205158506317755
29;0.7214262899487154
39;0.7222987052866748
22;0.7227814816490129
22;0.722971174308197
17;0.7234122951879439
26;0.7241033489632374
21;0.7246324804010741
23;0.724832640335371
18;0.7250231874659928
15;0.725313066901255
16;0.7256441745833895
21;0.7259005160147194
16;0.7260162968945367
16;0.7260966172096868
Instance6
12;-0.0
1;0.9612006980030952
1;0.9898929787085701
Instance7
23;0.03213702903716944
30;0.035395651139659264
34;0.03719872420162995
16;0.037742607087219944
14;0.03907504223673142
36;0.04047838475384885
23;0.04275131652643667
16;0.04357493287324009
19;0.045434108467821324
24;0.047350944998697866
17;0.049235834254059536
27;0.04967140808363665
21;0.05076930347876052
16;0.05131552396987581
21;0.05214849073878135
15;0.052997820746364596
17;0.05422038843617966
10;0.054811802634120624
Instance8
26;0.05457155139124642
17;0.9016954368472061
6;0.9805739029664848
5;0.9816212007684234
11;0.9824258320064984
10;0.9831091299626412
2;0.9831410597736752
Instance9
32;0.9676954780781152
32;0.9689703138338905
33;0.9712619806635653
29;0.9721402882306192
35;0.9723072687971461
34;0.9795657667900308
20;0.9801401168114812
23;0.9808305588585438
26;0.9812170231017006
22;0.9812791425189142
11;0.982634058659942
14;0.9829634952413945
11;0.9834854001810988
28;0.9835016937987288
Instance10
12;1.0007267598295504
11;1.0007267598295504
16;1.0007267598295504
Instance11
9;0.9913476984651521
20;0.9921500784789894
24;0.9925384496973287
28;0.9926884675993147
18;0.9929390051107533
18;0.9931837043620468
22;0.9937929141163048
35;0.9946318467153972
14;0.9950166642101702
27;0.9954012311230392
Instance12
22;0.6625949803512134
25;0.6731015992774658
23;0.6985075541885847
18;0.7134491278374756
18;0.723227147059295
12;0.7256822112807557
10;0.7353440769265057
10;0.7487122975904607
21;0.7540500823816373
37;0.7545252561019201
11;0.7555125614985073
11;0.7560933293788535
Instance13
34;0.9971053128391998
41;0.9973737419826237
24;0.997395971732134
44;0.9974294638989849
26;0.9974355131449799
15;0.9974512510207395
15;0.9974561691069144
Instance14
12;0.018683036565373897
21;0.07225378426812407
16;0.07225378426812407
8;0.7080878031341095
8;0.7122342832032255
Instance15
36;0.8662524064500234
47;0.866621417963319
31;0.8669768570915305
19;0.8672986603088819
14;0.8674666431619492
16;0.8675813199808464
7;0.8676257744595272
23;0.8678950584476408
7;0.8680223241454564
11;0.8681859795713956
10;0.8682839367854793
17;0.9972167227625431
14;0.9974053990811846
9;0.9974510604733672
8;0.9978857913883739
6;0.9980799815355054
4;0.9980879076639596
6;0.9981571751343651
4;0.9982926085466503
8;0.9983368914817102
Instance16
26;0.024136020257142038
22;0.8917987055333303
18;0.904679812017458
17;0.9083320962638172
9;0.9103323073935391
11;0.9103323073935391
16;0.9105791688937263
Instance17
25;0.1547880826111243
24;0.18339585219677512
20;0.19969387315137543
22;0.21851420687276282
19;0.22435648687102988
26;0.24347863579527793
14;0.3053507523821867
23;0.4364930075722874
17;0.47388998267407373
23;0.5912355124006465
16;0.5917729361287546
Instance18
19;-0.0
13;0.0006402421279365667
6;0.007973924684244182
Instance19
12;0.9688720429025306
9;0.9812244557016916
9;0.9813189359056428
Instance20
30;0.029083056031730576
30;0.9671582935121159
19;0.9735859796762826
12;0.9753441688439086
14;0.9788985620800816
20;0.979978818847938
10;0.9809957174475917
6;0.9856588786273124
5;0.992659956213714
3;0.9963600732367531
2;0.9970696847206237
Instance21
24;0.1421045959187462
39;0.18858364286558613
42;0.19051761820720178
39;0.4997931008202397
37;0.5115551689072598
44;0.513561331464175
27;0.5369922896964185
31;0.540144318628177
30;0.5419109180058391
28;0.5427184811311213
19;0.5477829571160898
13;0.5479313735738249
21;0.5492438492903051
29;0.5502076780616915
18;0.7782176878608277
18;0.7784119514082879
Instance23
19;0.8303557234492683
42;0.8325830140813187
31;0.9230021370105946
28;0.9234194849287327
26;0.9241616959580786
40;0.9245182911874966
33;0.9258981742893839
34;0.9263478768450457
35;0.9266284944150834
23;0.9268851648940432
36;0.9269495971225243
38;0.9270498838354374
25;0.9271307218058726
15;0.9273889799372794
27;0.9276088698012129
13;0.9276838863793418
21;0.9279869956923814
20;0.9280933684063419
23;0.9283680322797028
13;0.9285275913506438
19;0.9285535230072809
Instance24
23;0.8940162765228016
16;0.9131740446105275
13;0.9212597789876161
11;0.9298877519619841
12;0.9302505733763409
15;0.932184291903406
10;0.9376026908276971
10;0.9390300541940665
9;0.9432842349536096
11;0.9481165377470174
6;0.9515254642225648
6;0.9562222073666526
11;0.9635663507209903
8;0.9657911237892426
5;0.9669673030995192
6;0.9678883113051934
5;0.9685302261152086
6;0.968613954133906
Instance25
31;0.508582235244256
29;0.5111881087915997
31;0.5121994589713121
39;0.5131139365284467
26;0.5140780128683413
29;0.5146247619501706
26;0.5149184797418266
19;0.5151079625915889
19;0.515949591936545
23;0.5165424523867214
17;0.517379819336284
24;0.5177622724502213
21;0.5180978392148308
23;0.5186620253687241
16;0.5193808202282516
21;0.5196648507576498
17;0.5200166921228524
13;0.5202212871017369
Instance27
21;0.5187145843514711
22;0.5224409976228185
18;0.5257261854390095
50;0.5270069329454053
27;0.5274418391842084
24;0.5281584071406611
24;0.5289682915932349
28;0.529441722990987
28;0.5299703737832325
16;0.5311400272832073
16;0.531405361421371
21;0.5316582847692011
21;0.5334223288297013
17;0.5340022123090751
25;0.5348975010462335
19;0.5351666868089832
11;0.5353785261612267
Instance28
29;0.053295713849213416
18;0.7748770855652264
12;0.795763804326807
16;0.7989712387972645
5;0.9224147648770545
10;0.9250326715836565
7;0.9260136610147339
5;0.9263909646420716
9;0.9276273596055001
9;0.9285677163382484
7;0.9321317844487889
8;0.9331824299341439
10;0.9348309565520492
5;0.9369438568651385
6;0.9391960692867829
7;0.9400319419381155
Instance29
32;0.04178403207143458
36;0.06396171063242795
31;0.07600603092602598
29;0.08272069566030495
41;0.08567771946843585
18;0.08873993384682002
17;0.09669350974181641
15;0.09914795638097607
14;0.10275365537231723
14;0.10435488960834151
3;0.11111630570717082
11;0.907958783525206
5;0.9128474818153182
5;0.9140993964411768
Instance31
4;0.44842608331048334
Instance32
1;0.9886833295040641
Instance33
30;0.8725891399953423
48;0.8730781523143029
38;0.8738139046530047
42;0.8747052148971567
39;0.8756320638272795
25;0.8758528098367108
30;0.8763647699928981
41;0.8764382843033067
27;0.8785197386232808
29;0.8786334012843421
18;0.8787594229869802
22;0.8788921307285043
22;0.878996068242095
17;0.8791391089528064
15;0.8793520491609621
23;0.8794138443688474
Instance34
12;0.6123203671158376
3;0.8522787467175457
12;0.8629551593166231
2;0.9928669493243316
Instance35
15;0.9943632986977126
34;0.9951148332173309
32;0.9953505295272469
18;0.9956637651129966
31;0.9962465603152301
14;0.9964639781358057
25;0.99701464167783
14;0.9972083936648385
17;0.9974133051506026
14;0.997487188728568
11;0.9976359179102539
19;0.9978537205411314
7;0.998095573815878
18;0.9982223688103552
9;0.9983660954581163
19;0.9984915436165369
Instance36
21;0.05442442377328187
6;0.6163717489775163
13;0.8148173962946497
11;0.8262417839524767
8;0.8369019856795793
11;0.8489907158801979
5;0.8503846831809685
6;0.8519744971273018
6;0.8555074170080412
4;0.8874315254755036
5;0.8898850634366215
5;0.8918608876202635
6;0.8957131715218315
6;0.9059973937233399
7;0.920760660302464
5;0.9232447719453414
5;0.9275441959426266
7;0.9343659486849876
7;0.941887074397573
6;0.9448145044259467
6;0.9455979550210076
7;0.9466374602007968
Instance37
32;0.6749859580751768
32;0.6775901301615059
32;0.6898385956599643
32;0.6905446608629193
33;0.6913148129271248
37;0.692385840320448
41;0.6930876053227563
33;0.6942439431482638
25;0.694485864113677
24;0.6945983629112401
17;0.6948823148700709
21;0.6949957846806835
18;0.6951799997277411
18;0.6953139995285377
18;0.6954993243047946
16;0.6957187732539254
23;0.6958889779698438
19;0.6961657166888804
26;0.6962069153853987
13;0.6963145591177153
Instance39
34;0.4446781963896455
31;0.45020850752994274
39;0.45703554593483264
29;0.45789514944055326
35;0.4587177768159172
25;0.46118126573840246
44;0.4626581143508718
33;0.4635828837100928
33;0.4640269633746752
27;0.464349863839771
20;0.46478515709714
17;0.46507144753217966
21;0.4655752015457537
16;0.46591933582828265
14;0.4669781998429727
16;0.467247926418157
15;0.4673873644441341

