Instance0
19;0.8510444659928308
16;0.863638374115886
24;0.8698658445463899
14;0.870893623255283
7;0.8729578661269467
7;0.8739827496845469
4;0.8739827496845469
Instance1
21;0.964270652584876
24;0.9710378119346703
13;0.9715592822717859
17;0.9722201773095619
25;0.972468012948728
7;0.9724726787359547
2;0.9724765211489651
1;0.9724765211489651
Instance3
7;0.07772214938754984
15;0.07948130032239041
10;0.08057848385763464
4;0.08167383875365387
4;0.08262107387241506
4;0.08369448509772869
Instance4
28;0.03139755679284181
11;0.9017849325899299
8;0.9060576718446076
5;0.9168300441180539
4;0.9176592452106994
11;0.9188433009194105
6;0.9199911469734215
Instance5
30;0.7101356243428136
23;0.7189421278612693
15;0.7192292302643587
9;0.7197784417809832
10;0.7199852238689225
4;0.7200241023193408
8;0.7201027136916153
9;0.7201174533239167
Instance6
9;-0.0
1;0.9612006980030952
1;0.9898929787085701
Instance7
16;0.03213702903716944
19;0.035395651139659264
24;0.03704833824615878
7;0.03807298866815125
12;0.03843297991907198
16;0.03963918437020888
7;0.0396625604254634
6;0.03972100056359986
Instance8
18;0.05457155139124642
11;0.9016954368472061
2;0.9804142539113115
1;0.9806186047019341
2;0.9807846397193146
Instance9
21;0.9676954780781152
21;0.9689703138338905
22;0.9705286959738617
13;0.9706854636617023
33;0.9707416344944791
17;0.9708371249101994
Instance10
8;1.0007267598295504
8;1.0007267598295504
12;1.0007267598295504
Instance11
6;0.9913476984651521
10;0.9915827518953364
6;0.9921173334546978
8;0.9921894232756184
9;0.9924952973397354
2;0.9925651026240775
Instance12
16;0.6625949803512134
17;0.669627551411398
10;0.8336001121852711
12;0.8548157756510371
9;0.8619100047953616
4;0.8623121485986011
2;0.8623843282555923
1;0.8627967834384022
Instance13
24;0.9971030505195593
34;0.9972640686609242
23;0.9973831847080794
18;0.9974351688789477
19;0.9974391033478877
5;0.9974421033804542
Instance14
8;0.018683036565373897
14;0.07168185457734995
16;0.07168185457734995
8;0.7075223740337779
8;0.7164184585456984
Instance15
24;0.8662524064500234
31;0.8663674766713868
17;0.8665500154157036
22;0.8667648131622486
13;0.8668336585938338
14;0.8668830306033417
2;0.8668830306033417
Instance16
17;0.024136020257142038
17;0.8917987055333303
10;0.9044899185557755
5;0.9062622575314779
5;0.9102816691370904
3;0.9102816691370904
4;0.9105158710731651
Instance17
19;0.13700254387099114
26;0.17973095330486896
14;0.19697753632561682
14;0.21305997499245075
9;0.3625680905327774
4;0.3625680905327774
3;0.3625680905327774
Instance18
12;-0.0
10;0.0006402421279365667
5;0.007973924684244182
Instance19
10;0.9688720429025306
7;0.9812244557016916
7;0.9813189359056428
Instance20
24;0.029083056031730576
26;0.9671582935121159
17;0.9710801641238649
10;0.9765004554136081
4;0.9769249551405664
3;0.9769471304994377
3;0.9769788095835387
Instance21
19;0.1421045959187462
22;0.18810988733824394
17;0.18916846774433793
19;0.5044122893372855
14;0.5067769136625367
13;0.5127515538815204
11;0.5130416206450803
3;0.7850452218095413
2;0.7850572689449461
Instance23
17;0.8302871985369852
23;0.8321835677387068
37;0.833282430152307
25;0.8341053450539716
19;0.83426333732364
22;0.8351074972940178
22;0.8356465518278325
14;0.8358127936600768
7;0.8359931968335865
11;0.8360613867703313
8;0.8363593906473915
7;0.8364435890568708
9;0.8365208607233399
9;0.9261647675961383
Instance24
15;0.8984737967563247
9;0.9079789204027636
5;0.9112363390349534
5;0.9149283459546694
3;0.9158653023543812
3;0.9179465416762945
Instance25
22;0.5085547234194441
11;0.5097385068673451
10;0.510439477164318
9;0.5112225954452374
10;0.5120405878702845
5;0.5120983239533409
2;0.5121254482876627
Instance27
16;0.5187295722237414
16;0.5214436617794527
7;0.5251765598380028
31;0.5274150783500209
15;0.5287824050781378
6;0.5292257698638434
5;0.5295056545837773
3;0.5297534424321589
7;0.5300577207744723
8;0.5302712719598653
2;0.5302785472507504
1;0.5305798298850523
3;0.5306174902143401
Instance28
24;0.053295713849213416
10;0.7735421312552386
9;0.786513634196537
4;0.7944701981591638
5;0.9184211510984674
Instance29
27;0.04178403207143458
32;0.06340653817833174
27;0.07473205624189086
23;0.07984548674014226
16;0.08348040533432977
12;0.08627964328708901
13;0.08634977033392129
4;0.08654261971271394
1;0.8806545821829804
Instance31
3;0.44842608331048334
Instance32
1;0.9886833295040641
Instance33
24;0.8725777676158315
41;0.8729386375870911
42;0.873387034264942
20;0.8738746250364635
34;0.8797982220586439
20;0.8799584171183316
15;0.8801813586056803
18;0.880265894789571
18;0.8803260183762044
11;0.8803510362444679
Instance34
8;0.6123203671158376
3;0.8522787467175457
9;0.8629551593166231
1;0.9814609600796643
2;0.9950723369728472
Instance35
12;0.9943448278032214
13;0.9949916939207217
22;0.995414408037363
26;0.9960316437616169
22;0.9966775478533624
10;0.9969751986218849
11;0.9972491835568403
16;0.997346925373524
8;0.9974567887147174
3;0.9974919988573416
3;0.9975327887493435
Instance36
18;0.05442442377328187
3;0.6056820599866202
5;0.8429926790395558
5;0.8501316337301607
3;0.8511940691712683
Instance37
28;0.674876360557335
21;0.6771161455175922
14;0.6778134052074811
11;0.6898466411966581
5;0.6900662288619385
7;0.6902584894456901
7;0.6903449096070734
9;0.6904492241517929
4;0.6904877872414631
4;0.6905040170310006
Instance39
32;0.4446781963896455
16;0.4486979776898218
24;0.4541298078492678
28;0.45508020422952844
18;0.45580837772734717
20;0.4565932967717531
8;0.4571937012646755
9;0.45827809035494166
20;0.458676407481954
22;0.45915563277539034
14;0.4592244596318959
18;0.4593892047671489

