Instance0
19;0.8510444659928308
16;0.863638374115886
24;0.8698658445463899
15;0.870893623255283
7;0.8729578661269467
7;0.8739827496845469
4;0.8739827496845469
Instance1
21;0.964270652584876
26;0.9710378119346703
13;0.9715592822717859
18;0.9722201773095619
25;0.972468012948728
7;0.9724726787359547
2;0.9724765211489651
1;0.9724765211489651
Instance3
7;0.07772214938754984
15;0.07948130032239041
10;0.08057848385763464
4;0.08167383875365387
4;0.08262107387241506
4;0.08369448509772869
Instance4
28;0.03139755679284181
11;0.9017849325899299
8;0.9060576718446076
5;0.9168300441180539
5;0.9176592452106994
11;0.9188433009194105
6;0.9199911469734215
Instance5
30;0.7101356243428136
24;0.7189425550969882
18;0.7193911526018155
12;0.7198942226608004
11;0.7200512317874899
4;0.7201283478347483
9;0.7201975600212075
12;0.7203750764624033
7;0.720420363448605
Instance6
9;-0.0
1;0.9612006980030952
1;0.9898929787085701
Instance7
16;0.03213702903716944
19;0.035395651139659264
24;0.03704833824615878
7;0.03807298866815125
12;0.03843297991907198
18;0.03963918437020888
11;0.039679702865983484
9;0.039929047455365727
Instance8
18;0.05457155139124642
11;0.9016954368472061
2;0.9804142539113115
1;0.9806186047019341
2;0.9807846397193146
Instance9
22;0.9676954780781152
21;0.9689703138338905
19;0.9712619806635653
20;0.9720473510345705
22;0.9724706748561331
14;0.9724711855000674
5;0.972630137187259
Instance10
6;1.0007267598295504
8;1.0007267598295504
6;1.0007267598295504
Instance11
6;0.9913476984651521
10;0.9915827518953364
6;0.9921173334546978
8;0.9921894232756184
9;0.9924952973397354
2;0.9925651026240775
Instance12
16;0.6625949803512134
17;0.669627551411398
10;0.8336001121852711
12;0.8548157756510371
9;0.8619100047953616
4;0.8623121485986011
2;0.8623843282555923
1;0.8627967834384022
Instance13
24;0.9971030505195593
34;0.9972640686609242
23;0.99738461095307
19;0.9974389558053024
26;0.9974420541995925
22;0.9974434312637215
Instance14
8;0.018683036565373897
14;0.07168185457734995
16;0.07168185457734995
8;0.7075223740337779
8;0.7164184585456984
Instance15
24;0.8662524064500234
31;0.8663674766713868
17;0.8665380166404847
18;0.8667036390787547
22;0.8667801558584306
4;0.8667852700904911
9;0.8668279542580738
Instance16
17;0.024136020257142038
17;0.8917987055333303
10;0.9044899185557755
5;0.9062622575314779
5;0.9102816691370904
3;0.9102816691370904
4;0.9105158710731651
Instance17
19;0.13700254387099114
26;0.17973095330486896
14;0.19697753632561682
14;0.21305997499245075
9;0.3625680905327774
4;0.3625680905327774
3;0.3625680905327774
Instance18
12;-0.0
10;0.0006402421279365667
5;0.007973924684244182
Instance19
10;0.9688720429025306
7;0.9812244557016916
7;0.9813189359056428
Instance20
25;0.029083056031730576
28;0.9671582935121159
18;0.9710801641238649
10;0.9765004554136081
4;0.9769249551405664
3;0.9769471304994377
3;0.9769788095835387
Instance21
20;0.1421045959187462
24;0.18810988733824394
18;0.18916846774433793
19;0.5044122893372855
14;0.5067769136625367
14;0.5127515538815204
11;0.5130416206450803
3;0.7850452218095413
2;0.7850572689449461
Instance23
17;0.8302871985369852
24;0.8322718031875567
43;0.8336510787815332
19;0.8347644161204245
17;0.8356558559343724
12;0.8368413578384531
19;0.9255343485167147
17;0.926565517534679
21;0.926738174738309
10;0.9268208649699327
7;0.9268397844949281
Instance24
16;0.8984737967563247
9;0.9079789204027636
5;0.9112363390349534
5;0.9149283459546694
3;0.9158653023543812
3;0.9179465416762945
Instance25
24;0.5085566608718955
12;0.5097388943578353
10;0.5104406396357891
10;0.5112187205403343
7;0.5114411400817729
6;0.5116864215621401
9;0.5117367953258805
5;0.5118650546781734
Instance27
16;0.5187295722237414
16;0.5214436617794527
7;0.5251765598380028
31;0.5274150783500209
16;0.5288975258574378
7;0.5293627165157987
4;0.5296806895233076
7;0.529836466339907
4;0.5299708452421382
3;0.5300988047700591
Instance28
24;0.053295713849213416
10;0.7735421312552386
9;0.786513634196537
4;0.7944701981591638
5;0.9184211510984674
Instance29
27;0.04178403207143458
32;0.06340653817833174
27;0.07473205624189086
23;0.07984548674014226
16;0.08348040533432977
12;0.08627964328708901
13;0.08634977033392129
4;0.08654261971271394
1;0.8806545821829804
Instance31
3;0.44842608331048334
Instance32
1;0.9886833295040641
Instance33
24;0.8725777676158315
41;0.8729386375870911
42;0.873387034264942
21;0.8738746250364635
34;0.8797982220586439
20;0.8799584171183316
15;0.8801813586056803
18;0.880265894789571
18;0.8803266236472107
7;0.8803601153095635
Instance34
8;0.6123203671158376
3;0.8522787467175457
9;0.8629551593166231
1;0.9814609600796643
2;0.9950723369728472
Instance35
12;0.9943448278032214
13;0.9949916939207217
22;0.995414408037363
26;0.9960316437616169
23;0.9966775478533624
11;0.9969773150785455
11;0.997250530392897
16;0.9973465405632221
3;0.9975333659647964
3;0.997546834325363
4;0.9975866621916102
Instance36
18;0.05442442377328187
3;0.6056820599866202
5;0.8429926790395558
5;0.8501316337301607
3;0.8511940691712683
Instance37
28;0.674876360557335
21;0.6771161455175922
14;0.6778134052074811
11;0.6898466411966581
6;0.6900662288619385
7;0.6902518310704954
7;0.6903353381927309
8;0.6903886051942897
2;0.6904411786150991
Instance39
32;0.4446781963896455
17;0.4486979776898218
24;0.4541298078492678
29;0.45508020422952844
18;0.45580837772734717
20;0.4565932967717531
12;0.45720029107008564
11;0.45828358185945045
14;0.45931525250643557
15;0.46049189887244313
10;0.46077562660537946
10;0.4610183511046522
2;0.4610238426091605

