Instance0
11;0.7942995006567667
10;0.8026056897153978
5;0.8111782326929531
5;0.8164155613813682
6;0.823175739649721
3;0.8274518781089745
3;0.8331234794912881
Instance1
7;0.9630012330540761
15;0.9756053597180694
10;0.9762424873029849
6;0.976286455387499
4;0.9764232753275088
3;0.9765355168351814
6;0.9767190357966314
1;0.9772376881322898
Instance3
3;0.07772214938754984
3;0.07772214938754984
1;0.07772214938754984
Instance4
18;0.004482738010399779
7;0.004694231290890228
5;0.867817440227122
6;0.8696595666098829
6;0.8720285338713432
3;0.8729368802139277
3;0.874535569776876
3;0.8772824091168511
4;0.8784559925914702
1;0.878746663421097
1;0.8787757305040598
Instance5
14;0.7089550412511741
16;0.709096530322901
20;0.7093614185393763
16;0.7094680198947868
7;0.7096723929983926
5;0.7096844529497117
9;0.7097105110588121
Instance6
5;-0.0
1;0.9587808396444945
Instance7
7;0.02729039358105176
22;0.027596619904886623
14;0.03199521430195846
13;0.032620913380939746
15;0.033629979766095816
13;0.035978494117340186
9;0.03696496364908426
2;0.03700002773196574
2;0.038227270632831864
9;0.038312982835431685
Instance8
8;0.0064844700585059605
13;0.012101915468739809
7;0.9524437394449096
3;0.9524820552181517
1;0.9530631777789836
2;0.953631528415401
2;0.9563711062021789
1;0.9564285798620416
Instance9
11;0.9636355143671149
8;0.9640686316431153
14;0.9651376345424895
15;0.9652254838013009
12;0.9654839240626879
6;0.9655278486920936
Instance10
2;1.0007267598295504
Instance11
3;0.9913476984651521
4;0.9913476984651521
Instance12
10;0.626634889141814
11;0.6321838622531156
10;0.6556468846190784
8;0.6610691447383051
11;0.6645959896844039
10;0.668138673754512
5;0.6692896500991968
1;0.6699760121396056
4;0.6705778988519635
Instance13
12;0.9969251633426145
18;0.9969747376512572
10;0.9969762622579713
6;0.9970356727389637
16;0.9970450662835577
Instance14
4;-0.0
6;-0.0
5;-0.0
Instance15
11;0.866036821898546
12;0.866036821898546
11;0.866036821898546
Instance16
7;9.118519713527683e-05
15;0.01003037168489203
9;0.011924218086934698
6;0.3152127226337403
17;0.8859689762596784
8;0.8859689762596784
5;0.8859689762596784
Instance17
7;0.003815806493336494
7;0.0056051394817424275
11;0.051567283232005975
14;0.05424050360022351
2;0.19267951847724515
Instance18
4;-0.0
2;-0.0
Instance19
7;0.9688720429025306
1;0.9812244557016916
Instance20
15;0.0018696850526038072
18;0.9385900954695063
24;0.9415837689170851
10;0.9467981461601697
3;0.9481730184101687
7;0.9534665933635067
11;0.957844642786315
1;0.957844642786315
Instance21
15;0.13400232055355193
12;0.13624083863138117
9;0.1385019137531807
10;0.5220896163653442
12;0.5231021112821262
9;0.760388103293145
2;0.7605976031972688
5;0.7609404212221987
2;0.7610859284283354
2;0.7611194484129952
Instance23
13;0.8285525173305383
26;0.8312790388965702
25;0.8328360172967819
16;0.8334436561818809
11;0.8339475067728701
15;0.8344043908509464
9;0.834881601419857
11;0.8350225009585963
9;0.8352433205635715
14;0.9233978447319482
12;0.9252984385774643
Instance24
10;0.869440109510784
5;0.8735148730874033
1;0.8736265104456665
Instance25
17;0.5002794765083557
12;0.5028989122228601
11;0.5038106773465626
5;0.5042748909539556
4;0.504486848252156
1;0.5045170725104001
4;0.5053966759234069
4;0.5058864639031604
7;0.5062088559910992
7;0.5063146408949544
Instance27
12;0.510853231233177
14;0.5146858442851832
7;0.5202175157666133
20;0.520987572832152
12;0.5227315028531465
9;0.5245314954097852
8;0.5248130919628684
8;0.5251623059253546
10;0.5259446136746497
2;0.5264393334548387
Instance28
14;0.0075022266140509644
10;0.012280507863034872
4;0.015875595659889927
4;0.016707731714134658
1;0.016707731714134658
Instance29
17;0.01764864011968472
17;0.022715319253379013
20;0.028705337837047564
23;0.037173178742154415
20;0.04915321590948822
15;0.05329655559321502
14;0.05523673722226751
11;0.05863205507310543
8;0.06030926027653316
8;0.06197477763882165
Instance31
1;0.44524405629632113
1;0.9940881738138274
Instance32
16;0.9574797369389095
7;0.9643154081399905
8;0.9707886609782803
7;0.973595832112037
1;0.9738241766296335
4;0.975380690176187
1;0.9754246831566414
1;0.9765894496867672
1;0.9765894496867672
Instance33
14;0.8716693988024135
28;0.871746568520522
27;0.8719618314184032
21;0.8720296595390563
33;0.8720832721853211
25;0.8724313482296312
25;0.8730032164564554
16;0.8732871197878121
10;0.8733947512367528
14;0.8737050547348306
11;0.8739379854365947
10;0.873998096585437
9;0.8740460230419466
Instance34
3;0.6123203671158376
3;0.6757214756718578
Instance35
6;0.9942009087503094
9;0.9942009087503094
10;0.9942009087503094
Instance36
12;0.0012662893818166806
12;0.4789013698939652
5;0.4805623379261768
6;0.4870296820516029
2;0.4939784661863659
2;0.6507601800025177
Instance37
21;0.6726285562665042
19;0.6730404966159786
20;0.6756857501852471
15;0.6766081138912424
9;0.6773266177726515
8;0.6777612092137465
7;0.6778757308819406
5;0.677935805516239
2;0.6779747766490275
Instance39
26;0.4411083523588605
12;0.448681137075996
24;0.44909299991412904
9;0.45164325460784743
8;0.45173148478028297
4;0.45247993895298605

