Instance0
18;0.8360475822968708
17;0.8377991488289281
25;0.8599962737897243
10;0.8663273022114122
9;0.8664631690135156
18;0.8665672372023608
8;0.8719527659750982
8;0.8909647069685813
19;0.8921993721606475
10;0.9023638251371897
17;0.9121377793553114
9;0.9129474900161546
5;0.9129905597321571
Instance1
19;0.9638561538764701
28;0.974247819656375
28;0.9750471639202039
26;0.9751781994788535
39;0.9756503651870564
27;0.9770327321396137
26;0.9776214752517686
45;0.9791161109030562
37;0.9791477846012838
20;0.988474452992928
24;0.989112214214328
27;0.989203090441112
Instance3
7;0.07772214938754984
10;0.07857795254503962
13;0.0795654177267599
3;0.07970073702943925
5;0.08012315269050828
12;0.08037367626438947
Instance4
26;0.018937843963935264
17;0.8856791627077009
20;0.8871506837826879
17;0.8966628866822313
15;0.8998747993496098
10;0.9018150271373698
10;0.9074867417004667
5;0.9147862129094747
3;0.9288335446513228
14;0.9411629320768978
9;0.9475032426149833
7;0.9506281358156502
9;0.9547994880371661
7;0.9584964937821032
5;0.9605749279619212
6;0.963460837441564
5;0.967918245935215
9;0.9688162453717918
8;0.9703877443858
3;0.9706339700377645
5;0.9708439860350286
Instance5
23;0.7093062873333456
26;0.7180515550052572
27;0.7183457067977084
24;0.7188786833570152
28;0.7202671994433855
32;0.7209441544399557
34;0.7215604419644447
20;0.7221222569347762
18;0.7229261009398548
27;0.7236143776829755
22;0.7240576347413169
19;0.7246546966584562
20;0.7250966720096407
18;0.7254294886346507
22;0.7256490877941567
13;0.7257272719307123
15;0.7258795814644942
Instance6
8;-0.0
Instance7
16;0.028929834256240173
24;0.03016564837736588
21;0.03369387431712541
27;0.03669146380260558
26;0.03926049227508438
35;0.041226418521995725
29;0.04257833371755259
26;0.0435063631111599
27;0.04516138782318471
19;0.047499772550485354
22;0.049621539165759926
18;0.05012022834452472
23;0.05144409227377615
18;0.05230666871267049
28;0.5847608900417998
16;0.5855572642371302
19;0.5865724078931543
17;0.5875868845691156
12;0.5883572465419855
9;0.5889375191968744
15;0.5890742501098082
Instance8
16;0.019008968969261218
15;0.87485279204758
15;0.9601835256397223
9;0.9626038053161534
4;0.9813402184313178
2;0.9880263208619856
4;0.9898527060531704
Instance9
20;0.9653153760661309
25;0.9676564944349411
22;0.9717490713313939
26;0.9726224062116424
20;0.9737601405471616
25;0.9757421156143763
25;0.9766338257463423
17;0.9766858889595423
14;0.9772044793969078
24;0.9773014598920844
Instance10
6;1.0007267598295504
8;1.0007267598295504
5;1.0007267598295504
Instance11
6;0.9913476984651521
12;0.9918939565448033
9;0.9922206452755241
10;0.9922749664786119
Instance12
16;0.6576531736602722
19;0.6621356457549399
16;0.6714648897964915
12;0.7016067427864284
12;0.7037661433597139
11;0.8637351189792938
12;0.8714119410693364
11;0.8748456304662263
21;0.8782380743448347
9;0.8802951945690975
17;0.8914366401947404
16;0.8942928923356969
14;0.8962520544540421
13;0.9029853853134081
8;0.9064912543672892
8;0.918797885884369
9;0.9195042153849304
4;0.9206230000683018
Instance13
22;0.9969973608476614
21;0.9970483614012949
19;0.9973412334330077
30;0.9973760534831259
19;0.997421053971626
26;0.9974241031850543
21;0.9974295130798466
Instance14
8;0.018683036565373897
15;0.041140809089869335
15;0.04827086590156106
14;0.05967133107104203
10;0.698814765888631
17;0.6994178902623194
6;0.7051098765390134
8;0.7051098765390134
Instance15
23;0.8661692018284224
31;0.866247292217963
32;0.8666711833752931
26;0.8668733922429198
19;0.8673043646446418
20;0.8674217952808024
12;0.8675000823715762
14;0.8675673541932962
12;0.8675911550425015
Instance16
16;0.003899920739020724
30;0.02168103418042046
17;0.31127657696554684
14;0.3136444432523441
16;0.32198964535194224
17;0.32601976734150545
16;0.34015233317358984
14;0.34015233317358984
Instance17
13;0.12909067391022794
15;0.1512094166343247
13;0.1572026042340345
22;0.22420557926959953
22;0.25011857025826234
15;0.2673435950502274
18;0.27939464493597055
17;0.30800241452162136
14;0.31143017289699065
11;0.3385504246971085
9;0.3439830983486379
Instance18
11;-0.0
1;0.7721991261395577
5;0.7726010939028658
Instance19
6;0.9688720429025306
4;0.9812244557016916
Instance20
19;0.013129810762663483
22;0.9520156913116642
15;0.9591846680438028
18;0.9720527120057765
20;0.9755532507989773
16;0.9805332028197119
6;0.9874170677949379
Instance21
19;0.13835797832975
26;0.1410385070549048
27;0.14241717209947954
38;0.5037156137131956
31;0.5273006372213282
44;0.5309353925908463
27;0.5373026059443133
24;0.538330528515465
26;0.5407761905391805
24;0.5419910578579663
28;0.5421931688037158
24;0.5435643528670356
22;0.5439857475839904
23;0.54424906424098
22;0.5445555331260379
21;0.5449073558834536
17;0.5455704911433636
18;0.5457290095321868
25;0.545795058860863
Instance23
16;0.8301963452824975
33;0.8324160904747685
40;0.8339746087606494
40;0.8345696741811828
28;0.8356210371383752
20;0.8364099042939535
32;0.8370569353501862
22;0.8376099730694343
24;0.8377734999388531
22;0.9270669510992445
33;0.9272405344334687
23;0.9273435995381645
15;0.9274667749071909
21;0.9275294871788543
25;0.9276363891102972
16;0.9276677452461289
Instance24
17;0.8882789137177571
19;0.895778551963962
14;0.9036250634304853
11;0.9158653023543812
8;0.9231217306415118
9;0.9311077888058646
9;0.934508741184393
6;0.9372119600737747
8;0.944292958226491
9;0.9463143918207633
7;0.9471915424928337
6;0.9500741785651388
9;0.9577651951397954
7;0.9603488025738943
4;0.9632752961798031
8;0.9663453235320506
8;0.9751846100774177
5;0.9756750170440752
7;0.9771900954776525
6;0.9795344800011865
5;0.9828397432154896
8;0.9838763758279367
6;0.9843588086975757
Instance25
20;0.5073701649905624
27;0.5082292314075826
28;0.5094645510906948
23;0.5098721910865024
19;0.5108897411140599
23;0.5120498876420521
34;0.5132096466795536
29;0.5152629587877134
23;0.5161689115540612
21;0.5167160481263808
14;0.5172868216186093
21;0.5181094639295403
17;0.5190580406498224
21;0.519445918630624
12;0.5198508461929993
18;0.5205983153488097
18;0.520840109414764
11;0.5212117127949726
16;0.5215147303583959
Instance27
17;0.5161914831109771
22;0.5196031510646457
17;0.5245537492407278
29;0.5263956817095279
25;0.5275918251227008
23;0.5282714228830292
16;0.529752158557297
13;0.5313189138473241
32;0.5320233331883197
23;0.5323250437809088
21;0.532993514625766
12;0.5331689775235839
15;0.5337107727153825
12;0.5341113416723519
10;0.535071680069189
13;0.535382377785813
16;0.535446571528917
Instance28
20;0.031081581838630405
16;0.047756808238146084
6;0.7682023140152869
9;0.7722780594749846
6;0.7837078673945713
7;0.9091452865371581
5;0.9141837411299094
6;0.9213757287340785
4;0.9215382595273937
6;0.9296822132066911
5;0.9329502430865523
8;0.9386097974966129
7;0.9435785960350866
6;0.9448207956697052
6;0.9487563627363931
5;0.9501378744795673
16;0.9503700613271598
Instance29
22;0.020389438866747787
26;0.031457824425249865
27;0.07479049544758702
25;0.08369078647482954
20;0.08920744749237355
17;0.0906625837141621
9;0.10332051566754921
11;0.902796349288053
9;0.9128917511745603
9;0.9157931632879247
Instance31
2;0.44524405629632113
2;0.9940881738138274
3;0.9958315478876326
Instance32
4;0.99935057981234
Instance33
22;0.871908015693933
37;0.872781251977791
42;0.8740907002471672
26;0.8743467818643638
27;0.87495642263742
24;0.8754927521782734
39;0.8757667046775582
32;0.879422706018641
24;0.8798473480393837
20;0.8803429997548765
26;0.8806320962044436
17;0.8807451857183051
21;0.8809812777803377
15;0.8812102891035778
22;0.8812847380143131
15;0.8814490111543049
11;0.8815078824396961
Instance34
7;0.6123203671158376
5;0.8511092047733958
5;0.8511092047733958
Instance35
10;0.9942009087503094
12;0.9947658102735042
32;0.995494256175008
16;0.9959294766264611
16;0.9964837958663537
18;0.996674661776098
14;0.9969798163455078
14;0.9971762620046298
11;0.9974190773051309
14;0.9975397153347778
11;0.9979537712196263
14;0.9982408397048467
15;0.998387644835023
4;0.9984819233589893
6;0.9985752398572012
Instance36
16;0.05203495305622457
4;0.7124440353964947
5;0.8391442168482078
4;0.8415404291560287
5;0.8472271339631056
6;0.8520539539707247
8;0.8894264582102444
10;0.899068633094824
5;0.9012470079201161
3;0.9032190103935382
5;0.9126089524036108
6;0.9207530168820253
5;0.9229313917073163
5;0.9290805234509901
13;0.9307773627885856
11;0.9325735665918959
10;0.9345799644572964
5;0.945941908940791
7;0.9489495948837813
6;0.9584350796493488
3;0.959004514472101
8;0.960089880174526
Instance37
25;0.6739020822376253
29;0.6870575638218933
35;0.6876460559750459
31;0.6884342299866771
30;0.6889778700951226
43;0.691047506906281
35;0.6925348214654331
28;0.6933626794479939
32;0.6940416950017199
25;0.6946473297121524
28;0.6947882653204435
25;0.695040173848649
25;0.6952080203900196
20;0.6953153866900366
25;0.6954227529900537
Instance39
31;0.44355243796541577
26;0.448118807014332
36;0.4516989018535328
26;0.45619131864173557
41;0.45915782937719357
42;0.46053290210610626
35;0.46184610388422404
19;0.463611805633837
21;0.4641887797075236
23;0.4650597323225617
22;0.46548367647061323
29;0.7649285049001591
23;0.7650876949607598
11;0.7653779754308254

