Instance0
71;0
85;0
98;0
111;0
6;0
1;0
2;0
Instance1
76;0
90;0
7;0
9;0
10;0
1;0
1;0
2;0
1;0
1;0
Instance2
56;0
1;0
1;0
Instance4
71;0
84;0
6;0
5;0
3;0
Instance5
69;0
82;0
10;0
11;0
8;0
Instance6
1;0.0
Instance7
2;0
2;0
3;0
3;0
2;0
1;0
Instance8
76;0
89;0
102;0
10;0
6;0
Instance9
68;0
82;0
95;0
103;0
114;0
Instance12
78;0
93;0
106;0
125;0
138;0
144;0
148;0
1;0
Instance13
6;0
11;0
10;0
11;0
10;0
Instance14
1;0
Instance15
2;0.0
2;0.7002034451928207
Instance16
72;0
83;0
3;0
3;0
6;0
Instance17
78;0
97;0
13;0
9;0
10;0
3;0
1;0
1;0
Instance18
4;0.0
Instance19
1;0.0
2;0.9870872970307415
1;0.9870872970307415
Instance20
71;0
Instance21
81;0
100;0
10;0
7;0
2;0
Instance22
2;0
2;0
2;0
1;0
Instance23
1;0
Instance24
6;0
9;0
8;0
5;0
7;0
1;0
Instance25
81;0
106;0
Instance27
1;0
1;0
Instance28
71;0
83;0
97;0
119;0
4;0
6;0
Instance29
6;0.015181272547845844
8;0.0379823014576222
4;0.046029152443660806
7;0.05049423260479179
4;0.05616294307022803
2;0.0576286541665993
Instance30
3;0.0
1;0.0
Instance31
2;0
1;0
3;0
Instance32
71;0
83;0
91;0
106;0
2;0
Instance33
70;0
89;0
Instance35
1;0
Instance36
68;0
76;0
3;0
4;0
2;0
2;0
1;0
Instance37
76;0
91;0
109;0
122;0
133;0
139;0
145;0
150;0
153;0
Instance38
2;0
Instance39
46;0

