Instance0
71;0
156;0
254;0
365;0
371;0
372;0
374;0
Instance1
76;0
166;0
173;0
182;0
192;0
193;0
194;0
196;0
197;0
198;0
Instance2
1;0
2;0
Instance4
71;0
155;0
161;0
166;0
169;0
Instance5
69;0
151;0
161;0
172;0
180;0
Instance6
1;0.0
Instance7
2;0
4;0
7;0
10;0
12;0
13;0
Instance8
76;0
165;0
267;0
277;0
283;0
Instance9
69;0
152;0
248;0
352;0
467;0
Instance11
1;0
Instance12
78;0
171;0
277;0
402;0
539;0
681;0
827;0
976;0
1127;0
Instance13
6;0
17;0
27;0
38;0
48;0
Instance14
1;0
Instance15
2;0.0
3;0.0
Instance16
72;0
155;0
158;0
161;0
167;0
Instance17
78;0
175;0
188;0
197;0
207;0
210;0
211;0
212;0
Instance18
4;0.0
Instance19
1;0.0
3;0.9870872970307415
5;0.9870872970307415
6;0.9870872970307415
Instance20
71;0
Instance21
81;0
181;0
191;0
198;0
200;0
Instance22
2;0
4;0
6;0
7;0
Instance23
2;0
Instance24
6;0
15;0
23;0
28;0
35;0
36;0
Instance25
81;0
187;0
Instance27
1;0
2;0
Instance28
71;0
154;0
253;0
365;0
367;0
372;0
Instance29
6;0.015181272547845844
14;0.0379823014576222
18;0.046029152443660806
25;0.05049423260479179
29;0.05616294307022803
31;0.0576286541665993
Instance30
2;0.0
3;0.0
Instance31
1;0
2;0
4;0
Instance32
71;0
154;0
245;0
350;0
353;0
Instance33
70;0
159;0
Instance34
2;0
Instance36
68;0
144;0
147;0
151;0
153;0
155;0
156;0
Instance37
76;0
167;0
270;0
392;0
523;0
Instance38
2;0
Instance39
1;0

