Instance0
61;0
125;0
192;0
267;0
344;0
427;0
517;0
612;0
713;0
821;0
932;0
1050;0
1171;0
1294;0
1301;0
1305;0
1308;0
1311;0
1313;0
Instance5
60;0
122;0
Instance7
1;0
Instance8
72;0
147;0
224;0
303;0
384;0
470;0
559;0
653;0
751;0
857;0
966;0
1079;0
1194;0
Instance9
64;0
Instance10
54;0
Instance12
72;0
148;0
228;0
314;0
405;0
505;0
613;0
728;0
844;0
963;0
1086;0
1221;0
1357;0
1500;0
1647;0
1799;0
1957;0
2121;0
2287;0
2456;0
2629;0
2808;0
2993;0
3186;0
3381;0
Instance13
1;0
3;0
Instance15
1;0.0
Instance16
59;0
120;0
122;0
Instance17
67;0
136;0
Instance18
1;0.0
Instance21
63;0
128;0
Instance22
1;0
Instance23
54;0
55;0
57;0
Instance28
56;0
114;0
116;0
120;0
123;0
128;0
131;0
132;0
Instance29
2;0.0
4;0.0
Instance30
1;0.0
Instance31
1;0
Instance32
62;0
126;0
Instance33
61;0
124;0
Instance34
46;0
Instance35
47;0
48;0
Instance36
63;0
64;0
Instance37
64;0
130;0
Instance39
45;0

