Instance0
1;0.7894790737544938
4;0.8063664912445582
1;0.8082454444334923
1;0.8100867606556216
1;0.8123189223022598
1;0.8132308949594462
Instance1
1;0.9624656665259832
Instance4
4;0.0026436660061327616
2;0.0029057337667410268
Instance7
2;0.026557943849741434
Instance8
2;0.005078287225593884
3;0.005551872117507309
1;0.0059234541096238776
Instance9
3;0.9636237670825064
1;0.9636237670825064
Instance12
2;0.6208219306303545
1;0.6214554955907315
1;0.6335565863339324
Instance13
2;0.9969189665540342
5;0.996948524251945
5;0.9969560489237926
1;0.9969560489237926
Instance14
2;-0.0
2;-0.0
4;-0.0
Instance20
4;0.0011428187287825132
8;0.0029872945447212153
5;0.007663607945951482
3;0.009365231420793088
Instance21
2;0.1334228193525016
4;0.13382508663664122
4;0.13526282965351943
4;0.13635792043103726
2;0.1366823122062314
2;0.13677629988944157
1;0.13690304899365627
Instance24
1;0.8667049942333269
Instance25
7;0.498274600711485
3;0.4985109699105748
1;0.49858614306569526
1;0.498670615992583
Instance28
1;0.0017292827377268566
3;0.005057826954706914
4;0.005805449190942333
Instance29
6;0.015036407625146797
4;0.017064248062738683
4;0.021201743825897425
2;0.02229455697238258
9;0.025695718743791673
1;0.026046353977956002
4;0.026396989212123453
Instance32
3;0.9565558843493671

