Instance0
70;0
156;0
255;0
368;0
490;0
495;0
499;0
502;0
505;0
507;0
508;0
Instance1
74;0
161;0
165;0
171;0
175;0
Instance2
56;0
Instance4
70;0
151;0
Instance5
67;0
147;0
154;0
162;0
170;0
172;0
Instance6
1;0.0
Instance7
1;0
Instance8
73;0
154;0
160;0
Instance9
65;0
139;0
224;0
321;0
435;0
551;0
Instance12
76;0
162;0
260;0
370;0
491;0
614;0
741;0
870;0
Instance13
5;0
13;0
20;0
28;0
38;0
39;0
Instance14
1;0
Instance15
1;0.0
2;0.7002034451928207
Instance16
70;0
150;0
Instance17
76;0
165;0
173;0
185;0
189;0
190;0
191;0
192;0
193;0
Instance18
3;0.0
Instance19
1;0.0
2;0.9870872970307415
5;0.9870872970307415
Instance20
73;0
Instance21
82;0
179;0
185;0
188;0
190;0
Instance22
1;0
Instance24
12;0
15;0
Instance25
80;0
186;0
Instance27
1;0
Instance28
67;0
144;0
145;0
146;0
147;0
148;0
Instance29
4;0.0
6;0.0
Instance31
1;0
Instance32
71;0
154;0
247;0
349;0
Instance33
71;0
160;0
Instance36
68;0
143;0
144;0
Instance37
76;0
166;0
268;0
383;0
509;0
642;0
Instance38
1;0
Instance39
46;0

