Instance0
61;0
125;0
192;0
267;0
350;0
441;0
545;0
656;0
664;0
672;0
677;0
685;0
691;0
697;0
704;0
705;0
707;0
712;0
714;0
717;0
720;0
721;0
722;0
Instance1
63;0
127;0
Instance4
59;0
121;0
Instance5
60;0
66;0
Instance7
1;0
Instance8
72;0
147;0
224;0
306;0
311;0
316;0
318;0
320;0
321;0
325;0
332;0
340;0
342;0
346;0
350;0
352;0
Instance9
64;0
Instance10
54;0
110;0
Instance12
72;0
147;0
230;0
317;0
409;0
416;0
422;0
428;0
434;0
438;0
443;0
449;0
453;0
460;0
464;0
466;0
470;0
476;0
481;0
484;0
488;0
492;0
495;0
499;0
506;0
514;0
517;0
523;0
528;0
532;0
539;0
545;0
551;0
555;0
558;0
561;0
567;0
573;0
578;0
580;0
581;0
Instance13
4;0
7;0
Instance16
60;0
123;0
126;0
128;0
Instance17
67;0
70;0
Instance18
2;0.0
Instance21
63;0
128;0
Instance22
1;0
Instance23
54;0
109;0
110;0
Instance24
7;0
9;0
12;0
14;0
Instance25
64;0
130;0
Instance28
56;0
115;0
Instance29
6;0.0
9;0.0
Instance30
1;0.0
2;0.9507795201970386
3;0.9507795201970386
Instance32
62;0
127;0
135;0
Instance33
61;0
124;0
Instance34
46;0
94;0
Instance35
47;0
95;0
96;0
Instance36
63;0
64;0
65;0
68;0
Instance37
65;0
133;0

