Instance0
61;0
64;0
67;0
75;0
82;0
86;0
92;0
105;0
110;0
121;0
9;0
9;0
9;0
9;0
6;0
6;0
13;0
5;0
13;0
6;0
12;0
1;0
1;0
Instance1
63;0
65;0
Instance2
50;0
Instance4
59;0
62;0
Instance5
60;0
5;0
Instance7
2;0
Instance8
72;0
75;0
77;0
82;0
5;0
5;0
2;0
2;0
1;0
4;0
7;0
8;0
2;0
4;0
4;0
2;0
Instance9
64;0
65;0
69;0
72;0
75;0
85;0
90;0
94;0
100;0
102;0
105;0
107;0
109;0
111;0
Instance10
54;0
56;0
Instance12
72;0
75;0
83;0
87;0
92;0
7;0
6;0
6;0
6;0
4;0
5;0
6;0
4;0
7;0
4;0
2;0
4;0
6;0
5;0
3;0
4;0
4;0
3;0
4;0
7;0
8;0
3;0
6;0
5;0
4;0
7;0
6;0
6;0
4;0
3;0
3;0
6;0
6;0
5;0
2;0
1;0
Instance13
4;0
3;0
Instance16
60;0
63;0
3;0
2;0
Instance17
67;0
3;0
Instance18
2;0.0
Instance20
63;0
65;0
Instance21
65;0
2;0
Instance22
1;0
Instance23
56;0
57;0
1;0
Instance24
7;0
1;0
3;0
2;0
Instance25
65;0
67;0
Instance28
56;0
59;0
Instance29
5;0.0
3;0.0
Instance30
2;0.0
1;0.9507795201970386
1;0.9507795201970386
Instance32
62;0
65;0
Instance33
61;0
66;0
67;0
Instance34
46;0
48;0
Instance35
48;0
49;0
1;0
Instance36
63;0
1;0
1;0
3;0
Instance37
65;0
68;0

