Instance0
69;0
150;0
159;0
164;0
170;0
172;0
175;0
Instance1
74;0
161;0
168;0
176;0
179;0
Instance2
51;0
104;0
105;0
106;0
Instance4
63;0
130;0
210;0
301;0
400;0
504;0
609;0
Instance5
66;0
144;0
233;0
328;0
431;0
540;0
Instance7
3;0
5;0
Instance8
74;0
157;0
159;0
162;0
164;0
Instance9
68;0
146;0
234;0
337;0
454;0
574;0
697;0
Instance10
56;0
114;0
Instance11
52;0
106;0
Instance12
75;0
158;0
250;0
351;0
357;0
Instance13
9;0
15;0
20;0
24;0
26;0
Instance14
1;0
3;0
4;0
Instance15
1;0.0
3;0.0
Instance16
70;0
144;0
152;0
156;0
160;0
Instance17
76;0
165;0
172;0
180;0
185;0
186;0
Instance18
3;0.0
Instance20
73;0
156;0
162;0
168;0
175;0
176;0
Instance21
75;0
166;0
173;0
183;0
189;0
Instance22
1;0
5;0
7;0
14;0
Instance23
57;0
116;0
118;0
Instance24
10;0
15;0
24;0
30;0
35;0
38;0
Instance25
76;0
165;0
176;0
181;0
184;0
Instance27
1;0
2;0
Instance28
65;0
147;0
152;0
161;0
167;0
Instance29
9;0.015181272547845844
16;0.03795641693494901
20;0.046029152443660806
27;0.05049423260479179
31;0.05618559202756709
34;0.057664245385275016
Instance30
3;0.0
6;0.0
Instance31
1;0
3;0
4;0
7;0
Instance32
73;0
152;0
240;0
243;0
248;0
Instance33
69;0
146;0
230;0
318;0
420;0
533;0
651;0
777;0
910;0
1046;0
Instance34
48;0
98;0
Instance35
49;0
100;0
102;0
Instance36
68;0
143;0
149;0
155;0
158;0
161;0
163;0
165;0
167;0
168;0
169;0
Instance37
77;0
162;0
259;0
363;0
475;0
Instance38
1;0
Instance39
45;0
92;0

