Instance0
3;-0.0
4;0.9918331611819844
12;0.9918780594904685
9;0.9919084318756194
11;0.9919156633958934
9;0.9919521039697963
12;0.9919734212339084
9;0.9920256925489328
12;0.9920524491739467
10;0.9920705279746318
9;0.9920980234723695
12;0.9921109144432928
11;0.9921266980223258
12;0.9921512851912575
12;0.9921599472948901
9;0.9921814060452685
9;0.9921843458154669
Instance1
1;0.9994930018041421
Instance2
9;-4.732770497869953
22;5.574070623804195
24;5.376440614560849
18;5.369050523232308
25;5.206580335257339
19;5.19573292601802
18;5.186715336561739
14;5.180779027868392
15;5.1760856956737245
12;5.174036693459179
20;5.1718052748984125
10;5.167024269731141
18;5.1636304772432835
17;5.157968500109371
15;5.153788479028493
19;5.149194132448052
17;5.146382941003942
13;5.145866801729749
Instance3
3;0.9776952119273564
3;0.977978607966208
Instance4
14;1.1261059698566678
17;1.0626415431443788
22;1.0611592741341267
33;1.043341160041971
17;1.0427557502749876
14;1.0420288042312316
10;1.0306612921283256
7;1.0306562369367864
Instance5
1;1.6028677820320774
28;1.565098988235016
6;1.315425773951092
Instance6
5;1.0256212783003313
12;1.0220525578105257
28;1.0208141217636753
27;1.019254722784498
30;1.018259775858723
11;1.0163462251536912
7;1.016080597089434
9;1.0157951517233959
8;1.0155234260278212
11;1.0148885101669136
9;1.014842396830077
9;1.014769987458185
13;1.0113400698422372
6;1.0112470809646494
10;1.0107820510739303
8;1.0104185983081433
9;1.0099084691117195
4;1.0098101768543055
9;1.0097240758846329
10;1.0096170211391549
9;1.0094253893349716
12;1.009280998770786
10;1.0091941358456293
11;1.0087426772214603
6;1.008525900886311
8;1.008369700012126
5;1.0082775033985825
Instance7
4;1.3249192257352402
21;1.0114033223769996
Instance8
15;18.672750211380247
18;18.67219929196439
22;1.9848131094492403
16;1.9504572079144227
15;1.8638339497318497
11;1.8632883866150822
11;1.8632014957008192
Instance10
9;7.259441601951043
17;6.137049751172667
25;5.650278477465534
18;5.645406100325597
24;5.640617488981762
16;5.636915294629797
13;5.634209405579955
11;5.631520015853587
11;5.561752137512629
13;5.559565541472065
13;5.557722481736037
10;5.553737962116245
14;5.54807337443776
10;5.5440449724433005
13;5.539046143077626
13;5.5351155360895685
7;5.530989339088707
14;5.52896322716121
10;5.527537676875589
14;5.523672266558465
12;5.52299647798859
11;5.522561415588315
Instance11
2;1.3600478358216168
25;1.1636957410396602
28;1.1636957410396602
Instance12
17;2.123376766777671
24;1.1104826378155774
25;1.1075015757628364
27;1.1009669818828214
33;1.0710348058739565
14;1.0673316290892152
15;1.0558433756644023
13;1.0552555796002066
12;1.0551064920329885
14;1.0550383639028866
18;1.0546662559994613
16;1.0539865022349935
16;1.053720405368094
15;1.0535502377964945
12;1.0532199843945216
14;1.052800522858066
14;1.052359675809919
15;1.0521329893859932
16;1.0519475464489
Instance14
2;0.8162486990071874
4;0.8164066989890951
7;0.817047737051284
7;0.817351239841389
6;0.8176692482795508
8;0.8179236550300799
8;0.8180018739476769
9;0.8182269346563689
6;0.8192744656098639
7;0.8193521266179203
12;0.8194792184112768
5;0.8195643554071776
10;0.8196545135889441
6;0.8197583963454103
6;0.8199651576211693
9;0.8200465008321939
9;0.8203620544683766
8;0.820445071408023
7;0.8205593312819449
5;0.8206952380460436
7;0.8210743933698585
9;0.8211266137028621
10;0.821427438527172
7;0.8215808636508465
11;0.8216431263555813
Instance15
1;0.9813233936639081
10;0.9909190714455316
1;0.9909190714455316
8;0.998999622758636
Instance16
21;2.1289360121544094
21;1.9079435020036566
24;1.9050825750983116
20;1.9029243891602248
18;1.9008601554534634
15;1.8932285550940726
12;1.8690660748946721
9;1.8689425818388632
Instance17
1;0.999148180765888
13;0.999148180765888
4;0.999148180765888
Instance18
9;1.0650816950709106
14;1.0319623450451108
18;1.030009147602296
23;1.028077162142622
20;1.027237841573013
22;1.0265507074424036
10;1.0260676655664152
8;1.0255422515960415
10;1.0254126636073808
12;1.0229881118406858
10;1.0227252334999972
11;1.0223457161100222
8;1.0216409484406161
7;1.0213921654533158
8;1.0207888843283044
11;1.0205193106947565
6;1.0203103470807777
7;1.0196616084410892
10;1.0194170540598053
13;1.0193099293740557
Instance19
6;1.1674659137158006
20;1.1674659137158006
14;1.1674659137158006
Instance20
2;0.9873774050002901
Instance22
3;0.9957489896010829
Instance23
1;0.9688762393666092
3;0.9922903207879674
3;0.9922903207879674
Instance24
11;1.0808471442216734
25;1.077541354576751
27;1.0467447145471953
26;1.042925912864734
24;1.0337456759494652
10;1.0332107133327835
8;1.03318076368822
3;1.0330916032521062
11;1.0328778247547066
4;1.0324926103608412
8;1.0224228347334683
5;1.0222925962760392
3;1.0222472514727983
19;1.0117644239840669
7;1.0111185512880587
9;1.0109026965054224
12;1.010550494579522
12;1.010082245333176
8;1.0100152559178748
10;1.0098961636240062
10;1.0097368100148814
20;1.0093199869863418
7;1.0092435243203925
9;1.0080708712222453
7;1.0079930552347742
Instance26
5;1.024224437974402
13;1.0222200764874543
19;1.0171857072787598
24;1.0157305524229803
24;1.0133206677809983
7;1.0130505817920799
7;1.0099571020365723
9;1.009784028017078
11;1.0096463706888317
9;1.0093730607507116
11;1.0085274037172374
10;1.0082510867015586
9;1.0079550566218833
9;1.0074515381906524
10;1.0071758894144311
6;1.0064648826316442
8;1.0061070404021497
7;1.0060719578306307
6;1.0058390763796896
8;1.0058233727524384
3;1.0019008071368765
1;1.0013143191697462
2;1.0012054604173741
1;1.0012054604173741
Instance28
10;1.0724021223984097
16;1.071019093279018
32;1.067387197791149
34;1.0659973557204305
37;1.0648581117724372
12;1.064757694794182
10;1.064621139552366
15;1.0645263506643372
9;1.0641258676124168
13;1.060124788149335
23;1.0597360159402958
17;1.0594901182560668
18;1.0546141100090225
14;1.054426797444004
15;1.054347108738949
15;1.0542618330029123
Instance29
6;1.0184251255591048
31;1.0184251255591048
25;1.0171599683804884
35;1.0145107993172628
37;1.0139820046859778
4;1.0139820046859778
Instance30
9;1.0326266169439349
2;1.0254355864585616
Instance31
5;1.3238322080887464
20;1.0090688834603538
12;1.0090688834603538
Instance32
19;1.1937355001150312
20;1.191731962161487
26;1.1893419750629926
30;1.1884802443927729
26;1.1875596693432344
2;1.1875545770411777
2;1.1875381685123292
Instance33
1;1.044271479131925
21;1.044271479131925
28;1.044271479131925
Instance34
11;1.7773438180008896
16;1.7738578114074322
14;1.739206331204186
14;1.7379213281720318
17;1.7365018222273423
15;1.7338523371692627
14;1.7336005610561287
14;1.7329274906962935
14;1.7324950805064074
11;1.731988193497184
10;1.731661940564712
10;1.7304141759422267
15;1.7300723606892965
12;1.7297260990590921
17;1.7290041185492442
20;1.7272266792340063
13;1.7245838637418378
10;1.7233133114358237
10;1.7214975221165985
13;1.720764425663566
19;1.7199190581843673
12;1.7193588146478573
10;1.7183561565725947
11;1.7171989868870647
12;1.7162791425885287
9;1.7147557025750622
11;1.7136863488406913
12;1.712918792963786
12;1.7122985233340782
8;1.712113998677212
Instance36
11;1.0924228513664027
24;1.089313830173579
39;1.0879207544909455
40;1.0650438387625265
33;1.0640791447638038
12;1.0639266617812118
18;1.0499029632668688
15;1.0494865013698942
18;1.049302147570167
19;1.048957317119472
16;1.047246214005436
14;1.047089901973438
18;1.0447292532113637
19;1.0441108074877203
10;1.0438392676986652
24;1.043605965145212
12;1.0379530758734392
Instance37
7;1.186638651306651
29;1.186638651306651
Instance38
5;1.0357015430278074
8;1.0355327551098432
26;1.0332716789805092
25;1.0323643160518172
29;1.0206794256006666
11;1.020513828308488
14;1.0204463752363175
11;1.0128053195067617
7;1.012743286353007
7;1.012479058649445
6;1.0111264005832405
8;1.0102354703695806
6;1.0096741541566836
7;1.0076786984918393
4;1.0049905498668807
9;1.004604834355652
7;1.0045292301010658
5;1.004430208599484
Instance39
3;1.8668799892079337
18;1.1355277381202515
1;1.0103155286483823
11;1.0071664738728145

