Instance0
9;0.0027459152373023447
15;0.9960933958847141
15;0.996163129955817
20;0.9962232514576387
12;0.9962461145112746
4;0.9962502312854185
Instance1
7;0.9994930018041421
5;0.9994930018041421
Instance2
6;-4.732770497869953
19;5.57239020969623
15;5.567205793076141
11;5.535351091965477
11;5.5308794209477705
4;5.5268771104359455
1;5.210323405555406
1;5.209940189820318
Instance3
4;0.9776952119273564
6;0.977978607966208
3;0.977978607966208
12;0.9785959361816108
Instance4
11;1.1261059698566678
22;1.0626355517579182
14;1.0615910533850246
27;1.06039117838993
23;1.0432817934369913
Instance5
1;1.6028677820320774
21;1.565098988235016
4;1.148255028258053
Instance6
3;1.0256212783003313
10;1.0221502587744682
7;1.0212816361419161
23;1.0199336681550208
18;1.019242510164005
1;1.019242510164005
Instance7
2;1.3249192257352402
19;1.0114033223769996
2;1.0114033223769996
Instance8
12;18.672750211380247
16;15.860678110067841
15;1.981767767658248
27;1.9332553085785174
22;1.9216627572319167
4;1.921579903413862
Instance10
6;7.259441601951043
13;6.137013980221753
16;5.650495507028161
5;5.642234422682277
12;5.639538687062267
1;5.571127920305835
1;5.569440329554343
2;5.567947075033522
Instance11
2;1.3600478358216168
21;1.1636957410396602
12;1.1636957410396602
Instance12
16;2.123376766777671
19;1.1095097121740207
21;1.1071364890890678
17;1.0798559602738884
19;1.0786131581998657
3;1.0784484494912603
2;1.0782893558522662
2;1.0782828049377196
1;1.0774546319664404
Instance14
5;0.8162486990071874
12;0.8174677313534736
7;0.8274416443574422
8;0.8278519382492957
4;0.8281006012140554
4;0.8282241692575084
3;0.8282628865173723
3;0.8282875346884406
Instance15
1;0.9813233936639081
19;0.9909190714455316
1;0.9982896783173361
13;0.9982896783173361
Instance16
14;2.1289360121544094
15;1.9080466865351706
10;1.8370745345281585
4;1.8356235294271244
8;1.8347355540731918
4;1.834454562461488
4;1.8341725243260905
1;1.8341725243260905
Instance17
3;0.999148180765888
24;0.999148180765888
4;0.999148180765888
Instance18
6;1.0650816950709106
9;1.0319623450451108
12;1.0300993278210027
16;1.0291370518402134
14;1.028390147440571
3;1.02825399299272
4;1.0281765440990067
1;1.0280386214115729
Instance19
3;1.1674659137158006
8;1.1674659137158006
24;1.1674659137158006
Instance20
8;0.9873856739783444
15;0.9878020570345566
12;0.9879961112776023
15;0.9949964326791013
10;0.996267125787691
Instance21
1;0.9925186523179242
9;0.9925186523179242
3;0.9933508795799882
5;0.9933508795799882
Instance22
8;0.9957677376215325
4;0.9959179695563235
4;0.9959978344716302
2;0.9992273498733903
3;0.9992496464647217
1;0.9992632359930149
1;0.9992795108771982
1;0.9999904791927526
Instance23
1;0.9688762393666092
10;0.9922903207879674
2;0.9995117518169947
5;0.9995806977994477
Instance24
11;1.080699401431569
23;1.0772812843384802
16;1.0525233357368093
25;1.048858808583128
23;1.0336746862466821
3;1.032471611184768
5;1.0324413172914166
Instance26
4;1.024224437974402
11;1.0222200764874543
19;1.0171857072787598
21;1.0157617199498314
23;1.014753530918238
3;1.0146442901832662
1;1.0146395988633592
Instance28
7;1.0724021223984097
18;1.0703392792226885
37;1.0604854543112927
28;1.058917725623883
22;1.0572829597757967
Instance29
6;1.0184251255591048
17;1.0182458092320488
39;1.0176888644558344
22;1.0173472385082818
18;1.0169085450425888
7;1.0144715117611671
Instance30
6;1.0326266169439349
1;1.0254355864585616
Instance31
4;1.3238322080887464
19;1.0090688834603538
8;1.0090688834603538
18;1.0071685787445308
Instance32
15;1.193728710378956
18;1.190299893660945
21;1.1893623442712182
31;1.188566247716393
18;1.1880830448323698
10;1.1880406089818991
2;1.1880406089818991
Instance33
2;1.044271479131925
26;1.044271479131925
19;1.044271479131925
Instance34
9;1.7773438180008896
8;1.7747938268141819
10;1.7700639496862403
12;1.7690888864783623
10;1.7657261672498197
1;1.7650604472688673
3;1.7339557154408807
Instance36
9;1.0924228513664027
18;1.0890429065138332
18;1.0878383868104933
23;1.0861683605646664
24;1.0850444865693651
2;1.0719592030359266
Instance37
5;1.186638651306651
12;1.186638651306651
Instance38
3;1.0357015430278074
5;1.0357015430278074
Instance39
2;1.8668799892079337
15;1.1355277381202515
3;1.1355277381202515
9;1.1355277381202515

