Instance0
69;0
150;0
159;0
164;0
170;0
172;0
174;0
Instance1
74;0
161;0
168;0
176;0
179;0
Instance2
51;0
104;0
105;0
106;0
Instance4
63;0
135;0
142;0
149;0
150;0
156;0
Instance5
66;0
144;0
233;0
328;0
431;0
540;0
Instance7
3;0
5;0
Instance8
74;0
157;0
159;0
162;0
164;0
Instance9
69;0
148;0
237;0
341;0
459;0
580;0
704;0
Instance10
56;0
114;0
Instance11
52;0
106;0
Instance12
75;0
158;0
250;0
351;0
357;0
Instance13
5;0
11;0
16;0
20;0
22;0
Instance14
1;0
3;0
4;0
Instance15
1;0.0
3;0.0
Instance16
69;0
142;0
150;0
154;0
158;0
Instance17
76;0
165;0
172;0
180;0
185;0
186;0
Instance18
2;0.0
Instance20
73;0
156;0
161;0
167;0
174;0
Instance21
75;0
166;0
173;0
182;0
188;0
Instance22
1;0
3;0
5;0
7;0
Instance23
57;0
116;0
118;0
Instance24
3;0
8;0
17;0
23;0
28;0
31;0
Instance25
76;0
165;0
175;0
180;0
183;0
Instance27
1;0
2;0
Instance28
65;0
147;0
152;0
161;0
167;0
Instance29
6;0.015181272547845844
13;0.03795641693494901
17;0.046029152443660806
24;0.05049423260479179
28;0.05618559202756709
30;0.057664245385275016
Instance30
3;0.0
4;0.0
Instance31
1;0
3;0
4;0
6;0
Instance32
72;0
150;0
237;0
240;0
245;0
Instance33
69;0
146;0
230;0
318;0
420;0
533;0
651;0
776;0
908;0
1043;0
Instance34
48;0
98;0
Instance35
49;0
100;0
102;0
Instance36
68;0
143;0
148;0
153;0
159;0
Instance37
77;0
162;0
259;0
363;0
475;0
Instance38
1;0
Instance39
45;0
92;0

