Instance0
61;0
125;0
192;0
267;0
349;0
435;0
527;0
630;0
637;0
644;0
652;0
660;0
665;0
670;0
676;0
681;0
693;0
699;0
706;0
713;0
715;0
719;0
725;0
733;0
737;0
739;0
744;0
746;0
747;0
Instance1
63;0
128;0
Instance2
50;0
Instance5
60;0
122;0
Instance7
2;0
Instance8
72;0
147;0
224;0
303;0
384;0
470;0
560;0
659;0
759;0
762;0
770;0
773;0
777;0
780;0
783;0
787;0
790;0
793;0
797;0
802;0
806;0
808;0
Instance9
63;0
127;0
195;0
266;0
340;0
424;0
513;0
606;0
705;0
806;0
910;0
1016;0
1124;0
1234;0
Instance10
54;0
110;0
Instance12
72;0
147;0
230;0
317;0
409;0
416;0
422;0
428;0
434;0
438;0
443;0
449;0
452;0
459;0
463;0
468;0
472;0
477;0
482;0
486;0
491;0
496;0
501;0
506;0
510;0
513;0
518;0
521;0
527;0
532;0
538;0
544;0
549;0
552;0
555;0
557;0
559;0
Instance16
59;0
120;0
123;0
Instance17
67;0
137;0
Instance18
1;0.0
Instance20
63;0
128;0
Instance21
65;0
132;0
Instance22
1;0
Instance23
56;0
57;0
Instance25
65;0
132;0
Instance28
56;0
115;0
Instance29
2;0.0
4;0.0
Instance30
2;0.0
Instance32
62;0
126;0
Instance33
61;0
124;0
Instance34
46;0
94;0
Instance35
48;0
Instance36
63;0
64;0
Instance37
65;0
133;0

