Instance0
71;0
156;0
254;0
365;0
372;0
373;0
376;0
Instance1
76;0
166;0
173;0
182;0
196;0
198;0
200;0
Instance2
56;0
57;0
58;0
Instance4
71;0
155;0
161;0
166;0
169;0
Instance5
69;0
151;0
161;0
172;0
180;0
Instance6
1;0.0
Instance7
2;0
4;0
8;0
11;0
13;0
14;0
Instance8
76;0
165;0
267;0
278;0
285;0
Instance9
69;0
152;0
248;0
352;0
467;0
Instance12
78;0
171;0
277;0
402;0
540;0
684;0
832;0
833;0
Instance13
6;0
17;0
27;0
38;0
48;0
49;0
Instance14
1;0
Instance15
2;0.0
4;0.7002034451928207
Instance16
72;0
155;0
158;0
161;0
167;0
Instance17
78;0
175;0
188;0
196;0
206;0
210;0
Instance18
5;0.0
Instance19
1;0.0
3;0.9870872970307415
6;0.9870872970307415
Instance20
71;0
Instance21
81;0
181;0
191;0
198;0
201;0
Instance22
2;0
4;0
6;0
7;0
Instance23
1;0
Instance24
13;0
22;0
29;0
34;0
41;0
Instance25
81;0
187;0
Instance27
1;0
2;0
Instance28
71;0
154;0
252;0
374;0
377;0
383;0
Instance29
9;0.015181272547845844
16;0.03795641693494901
20;0.046029152443660806
27;0.05049423260479179
31;0.05618559202756709
34;0.057664245385275016
Instance30
3;0.0
6;0.0
Instance31
2;0
3;0
6;0
Instance32
71;0
154;0
245;0
351;0
354;0
Instance33
70;0
159;0
Instance35
1;0
Instance36
68;0
144;0
147;0
151;0
153;0
155;0
156;0
Instance37
76;0
167;0
276;0
398;0
531;0
670;0
815;0
965;0
1118;0
Instance38
2;0
Instance39
46;0

