Instance0
69;0
81;0
9;0
5;0
6;0
2;0
3;0
Instance1
74;0
87;0
7;0
8;0
3;0
Instance2
51;0
53;0
1;0
1;0
Instance4
63;0
67;0
80;0
91;0
99;0
104;0
Instance5
66;0
78;0
89;0
95;0
103;0
109;0
Instance7
2;0
2;0
Instance8
74;0
83;0
2;0
3;0
2;0
Instance9
68;0
78;0
84;0
92;0
106;0
Instance10
56;0
58;0
Instance11
52;0
54;0
Instance12
75;0
83;0
92;0
101;0
6;0
Instance13
9;0
6;0
5;0
4;0
2;0
Instance14
1;0
2;0
1;0
Instance15
1;0.0
2;0.0
Instance16
70;0
74;0
8;0
4;0
4;0
Instance17
76;0
89;0
7;0
8;0
5;0
1;0
Instance18
3;0.0
Instance20
73;0
83;0
6;0
6;0
7;0
1;0
Instance21
75;0
91;0
7;0
9;0
6;0
Instance22
1;0
4;0
2;0
7;0
Instance23
56;0
58;0
2;0
Instance24
10;0
5;0
9;0
6;0
5;0
3;0
Instance25
75;0
88;0
11;0
5;0
3;0
Instance27
1;0
1;0
Instance28
65;0
82;0
5;0
9;0
6;0
Instance29
9;0.015181272547845844
7;0.03795641693494901
4;0.046029152443660806
7;0.05049423260479179
4;0.05618559202756709
3;0.057664245385275016
Instance30
2;0.0
3;0.0
Instance31
1;0
2;0
1;0
3;0
Instance32
73;0
79;0
88;0
3;0
5;0
Instance33
69;0
77;0
84;0
88;0
96;0
101;0
112;0
113;0
Instance34
48;0
50;0
Instance35
49;0
51;0
2;0
Instance36
68;0
75;0
6;0
6;0
3;0
3;0
2;0
2;0
2;0
1;0
1;0
Instance37
77;0
85;0
95;0
105;0
114;0
119;0
Instance38
1;0
Instance39
45;0
47;0

