0
Node Left Objective IInf Best_Integer Best_Bound ItCnt Gap
0+ 0 nan nan 11004.7490 0.0000 nan 100.00%
0+ 0 nan nan 8602.7702 0.0000 nan 100.00%
0 0 4493.1285 7 8602.7702 4493.1285 50 47.77%
0 0 4672.4815 8 8602.7702 Cuts:5 67 45.69%
0 0 4763.4989 9 8602.7702 Cuts:9 76 44.63%
0 0 4831.1556 9 8602.7702 Cuts:14 96 43.84%
0+ 0 nan nan 6391.6586 4831.1556 nan 24.41%
0 0 4914.1478 9 6391.6586 Cuts:14 117 23.12%
0 0 5012.3718 9 6391.6586 Cuts:13 135 21.58%
0 0 5071.2469 8 6391.6586 LiftProj:9 157 20.66%
0 0 5167.7256 9 6391.6586 Cuts:10 175 19.15%
0+ 0 nan nan 6136.1740 5167.7256 nan 15.78%
0 0 5240.2179 9 6136.1740 Cuts:12 192 14.60%
0 0 5250.5838 9 6136.1740 Cuts:10 203 14.43%
0 0 5276.7286 9 6136.1740 Cuts:18 217 14.01%
0 0 5311.9130 8 6136.1740 LiftProj:14 232 13.43%
0 0 5358.3980 9 6136.1740 LiftProj:8 246 12.68%
0 0 5387.6740 9 6136.1740 LiftProj:9 262 12.20%
0 0 5428.4439 9 6136.1740 LiftProj:12 276 11.53%
0 0 5484.8442 8 6136.1740 LiftProj:10 293 10.61%
0 0 5510.1304 9 6136.1740 LiftProj:4 303 10.20%
0 0 5527.0546 9 6136.1740 LiftProj:9 318 9.93%
0 0 5550.9338 9 6136.1740 LiftProj:7 338 9.54%
0 0 5571.8668 9 6136.1740 LiftProj:6 348 9.20%
0 0 5576.4474 9 6136.1740 LiftProj:6 358 9.12%
0 0 5589.5143 9 6136.1740 LiftProj:10 371 8.91%
0 0 5597.4644 9 6136.1740 LiftProj:11 381 8.78%
0 0 5606.8189 9 6136.1740 LiftProj:7 391 8.63%
0 0 5622.0875 8 6136.1740 LiftProj:7 402 8.38%
0+ 0 nan nan 5965.8269 5622.0875 nan 5.76%
0 0 5629.5310 9 5965.8269 LiftProj:9 420 5.64%
0 0 5631.9721 9 5965.8269 LiftProj:6 427 5.60%
0 0 5633.8047 9 5965.8269 LiftProj:14 436 5.57%
0 0 5634.3572 9 5965.8269 LiftProj:7 442 5.56%
0 0 5642.2245 8 5965.8269 LiftProj:7 455 5.42%
0 0 5652.3608 9 5965.8269 LiftProj:7 468 5.25%
0 0 5660.7362 9 5965.8269 LiftProj:6 481 5.11%
0 0 5663.7008 9 5965.8269 LiftProj:5 492 5.06%
0 0 5665.6562 9 5965.8269 LiftProj:13 495 5.03%
0 0 5674.2879 9 5965.8269 LiftProj:7 502 4.89%
0 0 5678.6912 9 5965.8269 LiftProj:8 509 4.81%
0 0 5680.7783 9 5965.8269 LiftProj:7 514 4.78%
0 0 5695.8823 9 5965.8269 LiftProj:6 526 4.52%
0 0 5702.3184 9 5965.8269 LiftProj:7 535 4.42%
0 0 5707.0171 9 5965.8269 LiftProj:7 544 4.34%
0 0 5714.7455 9 5965.8269 LiftProj:6 554 4.21%
0 0 5727.4010 9 5965.8269 LiftProj:8 561 4.00%
0 0 5733.0806 9 5965.8269 LiftProj:7 568 3.90%
0 0 5733.9423 9 5965.8269 LiftProj:8 572 3.89%
0 2 5753.1549 5 5965.8269 5753.9306 572 3.55%
CPXPARAM_MIP_Cuts_Gomory-LiftProj:Gomory 31
CPXPARAM_MIP_Cuts_Gomory-LiftProj:LiftProj 0
1
Node Left Objective IInf Best_Integer Best_Bound ItCnt Gap
0+ 0 nan nan 11004.7490 0.0000 nan 100.00%
0 0 integral 0 4493.1285 4493.1285 53 0.00%
CPXPARAM_MIP_Cuts_Gomory-LiftProj:Gomory 0
CPXPARAM_MIP_Cuts_Gomory-LiftProj:LiftProj 0
2
Node Left Objective IInf Best_Integer Best_Bound ItCnt Gap
0+ 0 nan nan 11004.7490 0.0000 nan 100.00%
0+ 0 nan nan 8602.7702 0.0000 nan 100.00%
0 0 4551.0296 6 8602.7702 4551.0296 57 47.10%
0 0 4714.3472 7 8602.7702 Fract:6 75 45.20%
0+ 0 nan nan 7552.5117 4714.3472 nan 37.58%
0 0 4825.2215 9 7552.5117 Cuts:11 84 36.11%
0 0 4957.9385 9 7552.5117 Cuts:13 99 34.35%
0+ 0 nan nan 7082.1054 4957.9385 nan 29.99%
0 0 5026.2035 9 7082.1054 Cuts:11 120 29.03%
0+ 0 nan nan 6320.6400 5026.2035 nan 20.48%
0 0 5146.3699 8 6320.6400 Cuts:10 139 18.58%
0 0 5292.6817 8 6320.6400 Cuts:10 158 16.26%
0 0 5334.8467 8 6320.6400 Cuts:14 178 15.60%
0 0 5375.1815 7 6320.6400 Cuts:11 194 14.96%
0 0 5389.7276 7 6320.6400 Cuts:8 208 14.73%
0 0 5412.1332 8 6320.6400 Cuts:9 221 14.37%
0 0 5418.1931 8 6320.6400 LiftProj:10 225 14.28%
0 0 5467.0105 9 6320.6400 LiftProj:6 235 13.51%
0 0 5517.0799 9 6320.6400 LiftProj:11 247 12.71%
0 0 5538.7304 9 6320.6400 LiftProj:6 257 12.37%
0 0 5550.8675 8 6320.6400 LiftProj:7 263 12.18%
0 0 5585.2493 9 6320.6400 LiftProj:6 279 11.63%
0 0 5622.3528 9 6320.6400 Cuts:9 292 11.05%
0 0 5639.6803 9 6320.6400 LiftProj:5 304 10.77%
0 0 5646.4330 9 6320.6400 LiftProj:5 311 10.67%
0 0 5655.9046 9 6320.6400 LiftProj:6 319 10.52%
0 0 5688.7566 8 6320.6400 LiftProj:4 332 10.00%
0 0 5696.0839 8 6320.6400 LiftProj:5 338 9.88%
0 0 5702.2820 9 6320.6400 LiftProj:8 343 9.78%
0 0 5715.0656 9 6320.6400 LiftProj:6 352 9.58%
0 0 5716.8995 9 6320.6400 LiftProj:4 354 9.55%
0 0 5718.5620 9 6320.6400 LiftProj:4 357 9.53%
0 0 5718.8129 9 6320.6400 LiftProj:4 359 9.52%
0 0 5722.3759 9 6320.6400 LiftProj:5 364 9.47%
0 0 5728.3660 9 6320.6400 LiftProj:4 373 9.37%
0 0 5731.0100 9 6320.6400 LiftProj:3 379 9.33%
0 0 5737.8084 9 6320.6400 LiftProj:4 386 9.22%
0 0 5740.3571 9 6320.6400 LiftProj:4 392 9.18%
0 0 5741.4995 9 6320.6400 LiftProj:5 396 9.16%
0+ 0 nan nan 5965.8269 5741.4995 nan 3.76%
0 2 5806.8439 4 5965.8269 5808.2154 396 2.64%
CPXPARAM_MIP_Cuts_Gomory-LiftProj:Gomory 28
CPXPARAM_MIP_Cuts_Gomory-LiftProj:LiftProj 0
3
Node Left Objective IInf Best_Integer Best_Bound ItCnt Gap
0+ 0 nan nan 11004.7490 0.0000 nan 100.00%
0 0 integral 0 5089.3686 5089.3686 41 0.00%
CPXPARAM_MIP_Cuts_Gomory-LiftProj:Gomory 0
CPXPARAM_MIP_Cuts_Gomory-LiftProj:LiftProj 0
4
Node Left Objective IInf Best_Integer Best_Bound ItCnt Gap
0+ 0 nan nan 8838.2414 0.0000 nan 100.00%
0+ 0 nan nan 8270.8148 0.0000 nan 100.00%
0 0 5798.2654 7 8270.8148 5798.2654 46 29.89%
0+ 0 nan nan 8227.5567 5798.2654 nan 29.53%
0 0 5849.7614 9 8227.5567 Fract:7 59 28.90%
0+ 0 nan nan 6735.9051 5849.7614 nan 13.16%
0 0 5915.1836 9 6735.9051 Cuts:12 75 12.18%
0+ 0 nan nan 6507.9863 5915.1836 nan 9.11%
0 0 5928.7711 9 6507.9863 Cuts:11 86 8.90%
0 0 5944.4678 9 6507.9863 Cuts:8 97 8.66%
0 0 5967.7668 9 6507.9863 Cuts:12 113 8.30%
0 0 5988.7865 9 6507.9863 LiftProj:6 126 7.98%
0 0 6000.2129 9 6507.9863 Cuts:9 136 7.80%
0 0 6015.1052 9 6507.9863 Cuts:7 151 7.57%
0 0 6020.9889 8 6507.9863 LiftProj:7 158 7.48%
0 0 6042.8269 9 6507.9863 Cuts:10 170 7.15%
0 0 6050.5834 9 6507.9863 LiftProj:13 173 7.03%
0 0 6054.2447 9 6507.9863 Cuts:6 177 6.97%
0 0 6061.2553 9 6507.9863 LiftProj:8 183 6.86%
0 0 6098.6137 9 6507.9863 LiftProj:7 193 6.29%
0 0 6110.5193 9 6507.9863 Cuts:10 199 6.11%
0 0 6113.2200 9 6507.9863 LiftProj:5 205 6.07%
0 0 6117.2582 9 6507.9863 LiftProj:6 213 6.00%
0 0 6129.7057 9 6507.9863 LiftProj:6 225 5.81%
0 0 6148.1044 9 6507.9863 LiftProj:5 234 5.53%
0 0 6149.6484 9 6507.9863 LiftProj:5 240 5.51%
0 0 6160.7238 9 6507.9863 Cuts:7 248 5.34%
0 0 6167.2136 9 6507.9863 LiftProj:8 259 5.24%
0 0 6183.5736 9 6507.9863 LiftProj:9 267 4.98%
0 0 6187.4161 8 6507.9863 LiftProj:6 274 4.93%
0 0 6196.8640 9 6507.9863 LiftProj:6 282 4.78%
0 0 6203.9455 9 6507.9863 LiftProj:4 287 4.67%
0 0 6204.9088 9 6507.9863 LiftProj:5 290 4.66%
0 0 6208.6739 9 6507.9863 LiftProj:4 293 4.60%
0 0 6220.6923 9 6507.9863 LiftProj:6 304 4.41%
0 0 6228.6828 9 6507.9863 LiftProj:7 315 4.29%
0 0 6233.2890 9 6507.9863 LiftProj:4 319 4.22%
0 0 6236.2745 9 6507.9863 LiftProj:7 324 4.18%
0 0 6238.4181 9 6507.9863 LiftProj:4 329 4.14%
0 0 6240.1542 9 6507.9863 LiftProj:3 335 4.12%
0 2 6247.0227 7 6507.9863 6247.3011 335 4.01%
CPXPARAM_MIP_Cuts_Gomory-LiftProj:Gomory 22
CPXPARAM_MIP_Cuts_Gomory-LiftProj:LiftProj 0
5
Node Left Objective IInf Best_Integer Best_Bound ItCnt Gap
0+ 0 nan nan 8838.2414 0.0000 nan 100.00%
0 0 integral 0 5798.2654 5798.2654 45 0.00%
CPXPARAM_MIP_Cuts_Gomory-LiftProj:Gomory 0
CPXPARAM_MIP_Cuts_Gomory-LiftProj:LiftProj 0
6
Node Left Objective IInf Best_Integer Best_Bound ItCnt Gap
0+ 0 nan nan 8838.2414 0.0000 nan 100.00%
0+ 0 nan nan 8670.4195 0.0000 nan 100.00%
0 0 5798.2654 7 8670.4195 5798.2654 52 33.13%
0+ 0 nan nan 8230.0333 5798.2654 nan 29.55%
0 0 5851.2836 9 8230.0333 Fract:7 64 28.90%
0+ 0 nan nan 6735.9051 5851.2836 nan 13.13%
0 0 5926.4435 9 6735.9051 Cuts:13 79 12.02%
0 0 5965.5185 9 6735.9051 Cuts:12 92 11.44%
0+ 0 nan nan 6700.0976 5965.5185 nan 10.96%
0 0 5977.0319 9 6700.0976 Cuts:11 98 10.79%
0 0 6004.4150 9 6700.0976 Cuts:11 108 10.38%
0 0 6069.5726 8 6700.0976 Cuts:13 126 9.41%
0 0 6090.7877 9 6700.0976 Cuts:8 135 9.09%
0 0 6102.5983 9 6700.0976 Cuts:10 143 8.92%
0 0 6138.2431 9 6700.0976 Cuts:8 156 8.39%
0 0 6156.7928 8 6700.0976 Cuts:11 170 8.11%
0+ 0 nan nan 6593.3824 6156.7928 nan 6.62%
0 0 6166.6511 8 6593.3824 LiftProj:5 181 6.47%
0 0 6179.4332 9 6593.3824 Cuts:13 192 6.28%
0 0 6184.0007 8 6593.3824 LiftProj:7 200 6.21%
0 0 6203.0130 9 6593.3824 LiftProj:8 213 5.92%
0 0 6235.0151 8 6593.3824 LiftProj:7 228 5.44%
0 0 6253.8902 9 6593.3824 LiftProj:7 240 5.15%
0 0 6266.0071 9 6593.3824 LiftProj:6 251 4.97%
0 0 6291.7935 8 6593.3824 LiftProj:7 267 4.57%
0 0 6294.3449 8 6593.3824 LiftProj:8 273 4.54%
0 0 6297.2993 8 6593.3824 LiftProj:7 281 4.49%
0 0 6299.0784 9 6593.3824 LiftProj:5 287 4.46%
0 0 6300.1062 9 6593.3824 LiftProj:11 293 4.45%
0 0 6304.0172 9 6593.3824 LiftProj:7 310 4.39%
0 0 6307.7898 8 6593.3824 LiftProj:7 319 4.33%
0+ 0 nan nan 6507.9863 6307.7898 nan 3.08%
0 0 6309.0446 9 6507.9863 LiftProj:11 327 3.06%
0 2 6327.1873 6 6507.9863 6348.6174 327 2.45%
CPXPARAM_MIP_Cuts_Gomory-LiftProj:Gomory 22
CPXPARAM_MIP_Cuts_Gomory-LiftProj:LiftProj 0
7
Node Left Objective IInf Best_Integer Best_Bound ItCnt Gap
0+ 0 nan nan 8838.2414 0.0000 nan 100.00%
0 0 integral 0 5935.6407 5935.6407 43 0.00%
CPXPARAM_MIP_Cuts_Gomory-LiftProj:Gomory 0
CPXPARAM_MIP_Cuts_Gomory-LiftProj:LiftProj 0
8
Node Left Objective IInf Best_Integer Best_Bound ItCnt Gap
0+ 0 nan nan 10488.8441 0.0000 nan 100.00%
0+ 0 nan nan 9144.4107 0.0000 nan 100.00%
0 0 7125.1247 7 9144.4107 7125.1247 54 22.08%
0 0 7323.2431 9 9144.4107 Cuts:7 72 19.92%
0 0 7453.5011 8 9144.4107 Cuts:12 87 18.49%
0+ 0 nan nan 7965.4039 7453.5011 nan 6.43%
0 0 7484.8692 9 7965.4039 Cuts:9 98 6.03%
0 0 7499.0504 9 7965.4039 Cuts:7 112 5.85%
0 0 7520.4618 9 7965.4039 Cuts:7 120 5.59%
0 0 7528.9208 9 7965.4039 LiftProj:6 127 5.48%
0 0 7542.6048 9 7965.4039 LiftProj:5 139 5.31%
0 0 7554.5616 8 7965.4039 LiftProj:6 150 5.16%
0 0 7564.2277 9 7965.4039 Cuts:9 158 5.04%
0 0 7582.2045 9 7965.4039 LiftProj:7 168 4.81%
0 0 7593.2161 9 7965.4039 LiftProj:5 175 4.67%
0 0 7620.2104 8 7965.4039 Cuts:10 189 4.33%
0 0 7631.1437 7 7965.4039 LiftProj:5 196 4.20%
0 0 7636.9605 9 7965.4039 LiftProj:5 203 4.12%
0 0 7640.4295 9 7965.4039 LiftProj:5 206 4.08%
0 0 7663.9271 9 7965.4039 LiftProj:5 213 3.78%
0 0 7672.1352 9 7965.4039 LiftProj:7 220 3.68%
0 0 7680.1952 9 7965.4039 LiftProj:5 230 3.58%
0 0 7683.0479 9 7965.4039 LiftProj:7 236 3.54%
0 0 7684.3191 9 7965.4039 LiftProj:5 242 3.53%
0 0 7687.2971 9 7965.4039 LiftProj:5 246 3.49%
0 0 7690.0788 9 7965.4039 LiftProj:6 253 3.46%
0 0 7691.6425 9 7965.4039 LiftProj:6 256 3.44%
0 2 7774.4706 5 7965.4039 7785.5942 256 2.26%
CPXPARAM_MIP_Cuts_Gomory-LiftProj:Gomory 20
CPXPARAM_MIP_Cuts_Gomory-LiftProj:LiftProj 0
9
Node Left Objective IInf Best_Integer Best_Bound ItCnt Gap
0+ 0 nan nan 10488.8441 0.0000 nan 100.00%
0 0 integral 0 7190.6688 7190.6688 45 0.00%
CPXPARAM_MIP_Cuts_Gomory-LiftProj:Gomory 0
CPXPARAM_MIP_Cuts_Gomory-LiftProj:LiftProj 0
10
Node Left Objective IInf Best_Integer Best_Bound ItCnt Gap
0+ 0 nan nan 10488.8441 0.0000 nan 100.00%
0 0 7200.3815 5 10488.8441 7200.3815 57 31.35%
0+ 0 nan nan 9179.8638 7200.3815 nan 21.56%
0 0 7200.3815 5 9179.8638 Fract:2 61 21.56%
0 0 7246.6612 8 9179.8638 Fract:3 70 21.06%
0+ 0 nan nan 8616.8852 7246.6612 nan 15.90%
0 0 7365.9314 8 8616.8852 Cuts:8 83 14.52%
0+ 0 nan nan 7965.4039 7365.9314 nan 7.53%
0 0 7427.7490 9 7965.4039 Cuts:10 93 6.75%
0 0 7460.7933 8 7965.4039 Cuts:10 104 6.34%
0 0 7491.7928 9 7965.4039 Cuts:10 118 5.95%
0 0 7515.4110 7 7965.4039 LiftProj:5 129 5.65%
0 0 7550.1138 9 7965.4039 Cuts:5 143 5.21%
0 0 7576.4714 9 7965.4039 Cuts:6 158 4.88%
0 0 7598.6400 8 7965.4039 Cuts:9 170 4.60%
0 0 7626.6919 8 7965.4039 LiftProj:5 186 4.25%
0 0 7631.4394 9 7965.4039 LiftProj:4 191 4.19%
0 0 7636.2219 9 7965.4039 LiftProj:3 201 4.13%
0 0 7637.9383 8 7965.4039 LiftProj:4 206 4.11%
0 0 7639.7834 9 7965.4039 LiftProj:5 213 4.09%
0 0 7641.8116 9 7965.4039 LiftProj:4 220 4.06%
0 0 7644.6466 8 7965.4039 LiftProj:3 226 4.03%
0 0 7651.2602 9 7965.4039 LiftProj:7 237 3.94%
0 0 7654.8163 8 7965.4039 LiftProj:4 244 3.90%
0 0 7659.4335 9 7965.4039 LiftProj:5 251 3.84%
0 0 7664.3027 9 7965.4039 LiftProj:5 258 3.78%
0 0 7667.4892 9 7965.4039 LiftProj:4 264 3.74%
0 0 7676.0680 9 7965.4039 LiftProj:4 273 3.63%
0 0 7679.0039 7 7965.4039 LiftProj:4 279 3.60%
0 0 7680.6840 8 7965.4039 LiftProj:4 282 3.57%
0 2 7717.3611 6 7965.4039 7726.1331 282 3.00%
CPXPARAM_MIP_Cuts_Gomory-LiftProj:Gomory 17
CPXPARAM_MIP_Cuts_Gomory-LiftProj:LiftProj 3
11
Node Left Objective IInf Best_Integer Best_Bound ItCnt Gap
0+ 0 nan nan 10488.8441 0.0000 nan 100.00%
0 0 integral 0 7566.2609 7566.2609 45 0.00%
CPXPARAM_MIP_Cuts_Gomory-LiftProj:Gomory 0
CPXPARAM_MIP_Cuts_Gomory-LiftProj:LiftProj 0
12
Node Left Objective IInf Best_Integer Best_Bound ItCnt Gap
0+ 0 nan nan 8568.0971 0.0000 nan 100.00%
0+ 0 nan nan 7682.8104 0.0000 nan 100.00%
0 0 5623.8596 7 7682.8104 5623.8596 46 26.80%
0 0 5872.2003 9 7682.8104 Cuts:7 66 23.57%
0 0 6005.1370 9 7682.8104 Cuts:11 79 21.84%
0+ 0 nan nan 7625.3080 6005.1370 nan 21.25%
0 0 6109.8767 8 7625.3080 Cuts:5 91 19.87%
0+ 0 nan nan 7373.7316 6109.8767 nan 17.14%
0 0 6138.2204 9 7373.7316 Cuts:6 104 16.76%
0 0 6186.2154 9 7373.7316 Cuts:8 117 16.10%
0 0 6197.5997 8 7373.7316 LiftProj:5 125 15.95%
0 0 6204.2859 9 7373.7316 LiftProj:5 131 15.86%
0 0 6208.9148 8 7373.7316 Cuts:11 139 15.80%
0 0 6210.6880 9 7373.7316 Cuts:7 144 15.77%
0 0 6220.5331 9 7373.7316 LiftProj:5 150 15.64%
0+ 0 nan nan 7103.9381 6220.5331 nan 12.44%
0 0 6221.0324 9 7103.9381 Cuts:9 153 12.43%
0 0 6225.0170 9 7103.9381 LiftProj:9 160 12.37%
0 0 6240.0051 9 7103.9381 Cuts:11 172 12.16%
0 0 6271.8768 9 7103.9381 Cuts:8 182 11.71%
0 0 6280.4388 9 7103.9381 LiftProj:5 187 11.59%
0 0 6293.5931 9 7103.9381 LiftProj:7 194 11.41%
0 0 6296.5591 9 7103.9381 LiftProj:6 202 11.37%
0 0 6302.5769 9 7103.9381 LiftProj:5 213 11.28%
0 0 6304.1141 9 7103.9381 Cuts:11 218 11.26%
0+ 0 nan nan 6855.2506 6304.1141 nan 8.04%
0 0 6319.5297 9 6855.2506 LiftProj:6 228 7.81%
0 0 6328.8268 9 6855.2506 LiftProj:6 237 7.68%
0 0 6330.4600 9 6855.2506 LiftProj:5 243 7.66%
0 0 6332.1507 9 6855.2506 Cuts:8 248 7.63%
0 0 6341.9193 9 6855.2506 LiftProj:7 261 7.49%
0 0 6350.1286 9 6855.2506 LiftProj:7 271 7.37%
0 0 6358.4070 9 6855.2506 LiftProj:7 278 7.25%
0 0 6360.0605 9 6855.2506 LiftProj:5 284 7.22%
0 2 6360.0605 9 6855.2506 6372.1287 284 7.05%
CPXPARAM_MIP_Cuts_Gomory-LiftProj:Gomory 20
CPXPARAM_MIP_Cuts_Gomory-LiftProj:LiftProj 1
13
Node Left Objective IInf Best_Integer Best_Bound ItCnt Gap
0+ 0 nan nan 8568.0971 0.0000 nan 100.00%
0 0 integral 0 5816.6887 5816.6887 49 0.00%
CPXPARAM_MIP_Cuts_Gomory-LiftProj:Gomory 0
CPXPARAM_MIP_Cuts_Gomory-LiftProj:LiftProj 0
14
Node Left Objective IInf Best_Integer Best_Bound ItCnt Gap
0+ 0 nan nan 8568.0971 0.0000 nan 100.00%
0+ 0 nan nan 7682.8104 0.0000 nan 100.00%
0 0 5623.8596 7 7682.8104 5623.8596 40 26.80%
0 0 5875.3421 9 7682.8104 Cuts:7 59 23.53%
0 0 6025.2605 9 7682.8104 Cuts:10 69 21.57%
0+ 0 nan nan 7651.7981 6025.2605 nan 21.26%
0 0 6109.4958 8 7651.7981 Cuts:8 86 20.16%
0+ 0 nan nan 7514.4895 6109.4958 nan 18.70%
0 0 6131.0622 8 7514.4895 Cuts:10 92 18.41%
0+ 0 nan nan 7373.7316 6131.0622 nan 16.85%
0 0 6158.0042 9 7373.7316 Cuts:12 104 16.49%
0 0 6174.6564 9 7373.7316 Cuts:13 121 16.26%
0 0 6204.6655 8 7373.7316 Cuts:10 136 15.85%
0 0 6222.9626 9 7373.7316 LiftProj:5 147 15.61%
0+ 0 nan nan 7103.9381 6222.9626 nan 12.40%
0 0 6232.6549 9 7103.9381 LiftProj:8 155 12.26%
0 0 6242.9510 9 7103.9381 Cuts:9 164 12.12%
0 0 6271.9233 8 7103.9381 LiftProj:8 174 11.71%
0 0 6291.3318 9 7103.9381 LiftProj:6 182 11.44%
0 0 6312.7135 9 7103.9381 LiftProj:5 190 11.14%
0 0 6327.6990 9 7103.9381 LiftProj:8 199 10.93%
0 0 6345.6946 9 7103.9381 LiftProj:9 210 10.67%
0+ 0 nan nan 6855.2506 6345.6946 nan 7.43%
0 0 6376.9296 9 6855.2506 LiftProj:8 225 6.98%
0 0 6395.2534 9 6855.2506 LiftProj:7 231 6.71%
0 0 6407.5690 9 6855.2506 LiftProj:9 241 6.53%
0 0 6424.3583 9 6855.2506 LiftProj:10 252 6.29%
0 0 6429.9072 9 6855.2506 LiftProj:8 259 6.20%
0 0 6433.2405 9 6855.2506 LiftProj:8 266 6.16%
0 0 6470.5774 9 6855.2506 LiftProj:8 279 5.61%
0 0 6476.7363 9 6855.2506 LiftProj:13 285 5.52%
0 0 6481.0785 9 6855.2506 LiftProj:8 292 5.46%
0 0 6485.3089 9 6855.2506 LiftProj:17 301 5.40%
0 0 6499.1616 9 6855.2506 LiftProj:10 313 5.19%
0 0 6508.0745 8 6855.2506 LiftProj:11 322 5.06%
0 0 6510.8532 9 6855.2506 LiftProj:6 326 5.02%
0 0 6516.0310 9 6855.2506 LiftProj:6 332 4.95%
0 0 6518.5657 9 6855.2506 LiftProj:6 338 4.91%
0 0 6525.0934 9 6855.2506 LiftProj:5 346 4.82%
0 0 6531.4886 9 6855.2506 LiftProj:7 350 4.72%
0 0 6532.9237 9 6855.2506 LiftProj:5 355 4.70%
0 0 6539.4842 9 6855.2506 LiftProj:6 364 4.61%
0 0 6544.3535 9 6855.2506 LiftProj:10 369 4.54%
0 0 6545.2773 9 6855.2506 LiftProj:6 373 4.52%
0 2 6545.5249 8 6855.2506 6558.8907 373 4.32%
CPXPARAM_MIP_Cuts_Gomory-LiftProj:Gomory 22
CPXPARAM_MIP_Cuts_Gomory-LiftProj:LiftProj 0
15
Node Left Objective IInf Best_Integer Best_Bound ItCnt Gap
0+ 0 nan nan 8568.0971 0.0000 nan 100.00%
0 0 integral 0 6048.6260 6048.6260 40 0.00%
CPXPARAM_MIP_Cuts_Gomory-LiftProj:Gomory 0
CPXPARAM_MIP_Cuts_Gomory-LiftProj:LiftProj 0
16
Node Left Objective IInf Best_Integer Best_Bound ItCnt Gap
0+ 0 nan nan 8483.8978 0.0000 nan 100.00%
0 0 6204.6365 7 8483.8978 6204.6365 47 26.87%
0+ 0 nan nan 8131.2738 6204.6365 nan 23.69%
0 0 6299.6104 8 8131.2738 Fract:7 60 22.53%
0+ 0 nan nan 6912.1997 6299.6104 nan 8.86%
0 0 6325.9421 9 6912.1997 Cuts:11 72 8.48%
0 0 6354.8503 9 6912.1997 Cuts:10 81 8.06%
0 0 6368.2683 9 6912.1997 Cuts:10 93 7.87%
0 0 6373.6701 9 6912.1997 Cuts:8 100 7.79%
0 0 6383.2754 9 6912.1997 Cuts:6 112 7.65%
0 0 6385.8661 9 6912.1997 Cuts:6 118 7.61%
0 0 6388.0366 9 6912.1997 LiftProj:6 124 7.58%
0 0 6402.1329 8 6912.1997 LiftProj:5 136 7.38%
0 0 6416.1160 8 6912.1997 Cuts:5 142 7.18%
0 0 6418.6181 8 6912.1997 Cuts:8 148 7.14%
0 0 6420.9913 8 6912.1997 LiftProj:5 151 7.11%
0 0 6421.5733 8 6912.1997 LiftProj:11 155 7.10%
0 0 6423.4649 8 6912.1997 LiftProj:7 160 7.07%
0 0 6424.2672 8 6912.1997 LiftProj:4 163 7.06%
0 2 6424.2672 8 6912.1997 6424.5609 163 7.05%
CPXPARAM_MIP_Cuts_Gomory-LiftProj:Gomory 15
CPXPARAM_MIP_Cuts_Gomory-LiftProj:LiftProj 0
17
Node Left Objective IInf Best_Integer Best_Bound ItCnt Gap
0+ 0 nan nan 8483.8978 0.0000 nan 100.00%
0 0 integral 0 6303.6967 6303.6967 51 0.00%
CPXPARAM_MIP_Cuts_Gomory-LiftProj:Gomory 0
CPXPARAM_MIP_Cuts_Gomory-LiftProj:LiftProj 0
18
Node Left Objective IInf Best_Integer Best_Bound ItCnt Gap
0+ 0 nan nan 8483.8978 0.0000 nan 100.00%
0 0 6236.8972 6 8483.8978 6236.8972 38 26.49%
0+ 0 nan nan 8133.9648 6236.8972 nan 23.32%
0 0 6329.6185 8 8133.9648 Cuts:6 50 22.18%
0+ 0 nan nan 6912.1997 6329.6185 nan 8.43%
0 0 6410.2104 8 6912.1997 Cuts:14 61 7.26%
0 0 6436.9828 8 6912.1997 Cuts:9 69 6.88%
0 0 6453.5489 8 6912.1997 Cuts:7 76 6.64%
0 0 6479.7973 8 6912.1997 Cuts:10 89 6.26%
0 0 6487.4071 8 6912.1997 Cuts:5 97 6.15%
0 0 6496.8127 8 6912.1997 LiftProj:5 107 6.01%
0 0 6498.7472 8 6912.1997 LiftProj:5 112 5.98%
0 0 6506.8794 8 6912.1997 Cuts:7 125 5.86%
0 0 6519.1074 8 6912.1997 LiftProj:7 134 5.69%
0 0 6535.9007 8 6912.1997 Cuts:8 146 5.44%
0 0 6551.1629 9 6912.1997 LiftProj:5 157 5.22%
0 0 6556.5623 9 6912.1997 LiftProj:6 162 5.15%
0 0 6560.7923 9 6912.1997 LiftProj:5 169 5.08%
0 0 6566.9899 9 6912.1997 LiftProj:7 176 4.99%
0 0 6571.4296 9 6912.1997 LiftProj:5 183 4.93%
0 0 6575.6936 9 6912.1997 LiftProj:5 189 4.87%
0 0 6578.4296 9 6912.1997 LiftProj:5 195 4.83%
0 0 6579.8313 9 6912.1997 LiftProj:4 200 4.81%
0 0 6581.9680 9 6912.1997 LiftProj:4 208 4.78%
0 0 6583.6191 9 6912.1997 LiftProj:3 213 4.75%
0 0 6583.8545 9 6912.1997 LiftProj:3 217 4.75%
0 0 6584.5728 9 6912.1997 LiftProj:4 219 4.74%
0 2 6591.9563 7 6912.1997 6595.4714 219 4.58%
CPXPARAM_MIP_Cuts_Gomory-LiftProj:Gomory 18
CPXPARAM_MIP_Cuts_Gomory-LiftProj:LiftProj 1
19
Node Left Objective IInf Best_Integer Best_Bound ItCnt Gap
0+ 0 nan nan 8483.8978 0.0000 nan 100.00%
0 0 integral 0 6443.0511 6443.0511 38 0.00%
CPXPARAM_MIP_Cuts_Gomory-LiftProj:Gomory 0
CPXPARAM_MIP_Cuts_Gomory-LiftProj:LiftProj 0
20
Node Left Objective IInf Best_Integer Best_Bound ItCnt Gap
0+ 0 nan nan 6916.5237 0.0000 nan 100.00%
0+ 0 nan nan 6541.4998 0.0000 nan 100.00%
0 0 4118.1255 7 6541.4998 4118.1255 41 37.05%
0+ 0 nan nan 4855.5259 4118.1255 nan 15.19%
0 0 4155.2558 8 4855.5259 Fract:6 54 14.42%
0 0 4173.4002 9 4855.5259 Cuts:5 59 14.05%
0 0 4219.6053 8 4855.5259 Cuts:10 71 13.10%
0+ 0 nan nan 4721.0226 4219.6053 nan 10.62%
0 0 4229.8369 9 4721.0226 Cuts:6 78 10.40%
0 0 4253.2741 9 4721.0226 Cuts:4 87 9.91%
0+ 0 nan nan 4654.2661 4253.2741 nan 8.62%
0 0 4274.9655 9 4654.2661 Cuts:7 101 8.15%
0 0 4285.8375 8 4654.2661 Cuts:8 114 7.92%
0 0 4288.5920 9 4654.2661 LiftProj:5 122 7.86%
0 0 4292.9335 9 4654.2661 LiftProj:4 129 7.76%
0 0 4303.3008 9 4654.2661 Cuts:4 138 7.54%
0+ 0 nan nan 4585.7755 4303.3008 nan 6.16%
0 0 4314.1848 9 4585.7755 Cuts:7 151 5.92%
0 0 4331.6890 9 4585.7755 Cuts:9 162 5.54%
0 0 4338.3544 9 4585.7755 LiftProj:9 169 5.40%
0 0 4348.5408 8 4585.7755 LiftProj:3 176 5.17%
0 0 4350.9584 9 4585.7755 LiftProj:3 182 5.12%
0 0 4351.7917 9 4585.7755 LiftProj:2 185 5.10%
0 0 4353.6236 9 4585.7755 LiftProj:3 190 5.06%
0 0 4355.2484 9 4585.7755 LiftProj:4 194 5.03%
0 0 4355.4364 9 4585.7755 LiftProj:4 198 5.02%
0 0 4357.0291 9 4585.7755 Cuts:8 204 4.99%
0 0 4362.8902 9 4585.7755 LiftProj:4 212 4.86%
0 0 4372.9788 9 4585.7755 LiftProj:4 222 4.64%
0 0 4388.1412 9 4585.7755 LiftProj:8 226 4.31%
0 0 4397.8398 9 4585.7755 LiftProj:3 236 4.10%
0 0 4410.0514 9 4585.7755 LiftProj:10 249 3.83%
0 0 4419.2148 9 4585.7755 LiftProj:5 256 3.63%
0 0 4423.0692 9 4585.7755 LiftProj:8 267 3.55%
0 0 4426.0634 9 4585.7755 LiftProj:3 272 3.48%
0 0 4426.4357 9 4585.7755 LiftProj:3 276 3.47%
0 2 4458.2956 4 4585.7755 4458.5379 276 2.77%
CPXPARAM_MIP_Cuts_Gomory-LiftProj:Gomory 19
CPXPARAM_MIP_Cuts_Gomory-LiftProj:LiftProj 0
21
Node Left Objective IInf Best_Integer Best_Bound ItCnt Gap
0+ 0 nan nan 6916.5237 0.0000 nan 100.00%
0 0 integral 0 4118.1255 4118.1255 40 0.00%
CPXPARAM_MIP_Cuts_Gomory-LiftProj:Gomory 0
CPXPARAM_MIP_Cuts_Gomory-LiftProj:LiftProj 0
22
Node Left Objective IInf Best_Integer Best_Bound ItCnt Gap
0+ 0 nan nan 6916.5237 0.0000 nan 100.00%
0+ 0 nan nan 6561.8501 0.0000 nan 100.00%
0 0 4118.6281 7 6561.8501 4118.6281 35 37.23%
0+ 0 nan nan 5710.7534 4118.6281 nan 27.88%
0 0 4159.6630 8 5710.7534 Fract:5 46 27.16%
0 0 4192.1941 9 5710.7534 Cuts:13 58 26.59%
0 0 4242.4373 9 5710.7534 Cuts:8 71 25.71%
0+ 0 nan nan 4585.7755 4242.4373 nan 7.49%
0 0 4261.8775 9 4585.7755 Cuts:10 79 7.06%
0 0 4295.6425 8 4585.7755 Cuts:7 91 6.33%
0 0 4320.2935 8 4585.7755 Cuts:5 102 5.79%
0 0 4328.0350 9 4585.7755 LiftProj:3 115 5.62%
0 0 4329.2160 9 4585.7755 LiftProj:3 119 5.59%
0 0 4343.8857 8 4585.7755 LiftProj:3 127 5.27%
0 0 4354.4214 9 4585.7755 Cuts:5 138 5.05%
0 0 4358.2165 8 4585.7755 LiftProj:3 143 4.96%
0 0 4359.1937 9 4585.7755 LiftProj:3 145 4.94%
0 0 4364.8031 9 4585.7755 LiftProj:3 150 4.82%
0 0 4373.6826 9 4585.7755 LiftProj:5 157 4.63%
0 0 4385.0531 9 4585.7755 LiftProj:3 161 4.38%
0 0 4402.8084 8 4585.7755 LiftProj:5 171 3.99%
0 0 4414.2822 9 4585.7755 LiftProj:6 179 3.74%
0 0 4415.3422 9 4585.7755 LiftProj:6 183 3.72%
0 0 4424.2542 7 4585.7755 LiftProj:4 194 3.52%
0 0 4426.3724 9 4585.7755 LiftProj:3 199 3.48%
0 0 4431.8630 8 4585.7755 LiftProj:6 206 3.36%
0 0 4450.5145 8 4585.7755 LiftProj:5 211 2.95%
0 0 4453.4601 9 4585.7755 LiftProj:5 215 2.89%
0 0 4454.4784 7 4585.7755 LiftProj:6 222 2.86%
0 0 4454.5448 8 4585.7755 LiftProj:2 223 2.86%
0 2 4507.9903 4 4585.7755 4517.1980 223 1.50%
CPXPARAM_MIP_Cuts_Gomory-LiftProj:Gomory 14
CPXPARAM_MIP_Cuts_Gomory-LiftProj:LiftProj 0
23
Node Left Objective IInf Best_Integer Best_Bound ItCnt Gap
0+ 0 nan nan 6916.5237 0.0000 nan 100.00%
0 0 integral 0 4118.1255 4118.1255 40 0.00%
CPXPARAM_MIP_Cuts_Gomory-LiftProj:Gomory 0
CPXPARAM_MIP_Cuts_Gomory-LiftProj:LiftProj 0
24
Node Left Objective IInf Best_Integer Best_Bound ItCnt Gap
0+ 0 nan nan 7116.0235 0.0000 nan 100.00%
0+ 0 nan nan 6300.8955 0.0000 nan 100.00%
0 0 5093.9502 7 6300.8955 5093.9502 50 19.16%
0+ 0 nan nan 6203.5640 5093.9502 nan 17.89%
0 0 5099.6540 9 6203.5640 Fract:5 58 17.79%
0+ 0 nan nan 5981.3367 5099.6540 nan 14.74%
0 0 5113.0003 9 5981.3367 Cuts:7 64 14.52%
0+ 0 nan nan 5285.5091 5113.0003 nan 3.26%
0 0 5119.2993 8 5285.5091 Cuts:7 70 3.14%
0 0 5122.2568 9 5285.5091 Cuts:4 78 3.09%
0 0 5127.2416 9 5285.5091 Cuts:10 89 2.99%
0 0 5134.2396 9 5285.5091 LiftProj:4 99 2.86%
0 0 5135.2035 9 5285.5091 LiftProj:3 104 2.84%
0 0 5137.6386 9 5285.5091 LiftProj:3 112 2.80%
0 0 5138.3440 9 5285.5091 Cuts:4 118 2.78%
0 0 5141.4228 9 5285.5091 LiftProj:3 128 2.73%
0 0 5144.2023 9 5285.5091 Cuts:6 137 2.67%
0 0 5148.8132 9 5285.5091 LiftProj:3 147 2.59%
0 0 5148.8903 9 5285.5091 LiftProj:4 150 2.58%
0 0 5152.8523 9 5285.5091 LiftProj:4 157 2.51%
0 0 5158.7586 9 5285.5091 Cuts:5 164 2.40%
0 0 5164.1878 9 5285.5091 LiftProj:4 173 2.30%
0 0 5165.9508 9 5285.5091 LiftProj:3 176 2.26%
0 0 5166.0146 9 5285.5091 LiftProj:3 178 2.26%
0 2 5173.5370 7 5285.5091 5174.7856 178 2.09%
CPXPARAM_MIP_Cuts_Gomory-LiftProj:Gomory 13
CPXPARAM_MIP_Cuts_Gomory-LiftProj:LiftProj 0
25
Node Left Objective IInf Best_Integer Best_Bound ItCnt Gap
0+ 0 nan nan 7116.0235 0.0000 nan 100.00%
0 0 integral 0 5101.0707 5101.0707 44 0.00%
CPXPARAM_MIP_Cuts_Gomory-LiftProj:Gomory 0
CPXPARAM_MIP_Cuts_Gomory-LiftProj:LiftProj 0
26
Node Left Objective IInf Best_Integer Best_Bound ItCnt Gap
0+ 0 nan nan 7116.0235 0.0000 nan 100.00%
0+ 0 nan nan 6326.3054 0.0000 nan 100.00%
0 0 5099.6969 6 6326.3054 5099.6969 42 19.39%
0+ 0 nan nan 6203.7226 5099.6969 nan 17.80%
0 0 5102.7930 7 6203.7226 Fract:4 51 17.75%
0+ 0 nan nan 5981.3367 5102.7930 nan 14.69%
0 0 5125.4342 6 5981.3367 Cuts:5 58 14.31%
0+ 0 nan nan 5285.5091 5125.4342 nan 3.03%
0 0 5128.4829 7 5285.5091 Cuts:4 61 2.97%
0 0 5144.7272 6 5285.5091 Cuts:6 71 2.66%
0 0 5151.7753 7 5285.5091 Cuts:5 79 2.53%
0 0 5158.3603 6 5285.5091 Cuts:5 86 2.41%
0 0 5161.9431 7 5285.5091 LiftProj:3 90 2.34%
0 0 5163.1845 7 5285.5091 LiftProj:4 95 2.31%
0 0 5169.5303 7 5285.5091 LiftProj:4 103 2.19%
0 0 5173.1959 7 5285.5091 LiftProj:3 110 2.12%
0 0 5173.5222 6 5285.5091 LiftProj:3 114 2.12%
0 0 5181.0963 7 5285.5091 LiftProj:3 125 1.98%
0 0 5183.4776 7 5285.5091 LiftProj:3 129 1.93%
0 0 5188.9802 6 5285.5091 LiftProj:4 137 1.83%
0 1 5257.2084 3 5285.5091 5270.6911 137 0.28%
CPXPARAM_MIP_Cuts_Gomory-LiftProj:Gomory 9
CPXPARAM_MIP_Cuts_Gomory-LiftProj:LiftProj 2
27
Node Left Objective IInf Best_Integer Best_Bound ItCnt Gap
0+ 0 nan nan 7116.0235 0.0000 nan 100.00%
0 0 5102.0512 1 7116.0235 5102.0512 36 28.30%
0+ 0 nan nan 5102.4619 5102.0512 nan 0.01%
CPXPARAM_MIP_Cuts_Gomory-LiftProj:Gomory 0
CPXPARAM_MIP_Cuts_Gomory-LiftProj:LiftProj 0
28
Node Left Objective IInf Best_Integer Best_Bound ItCnt Gap
0+ 0 nan nan 10996.9752 0.0000 nan 100.00%
0+ 0 nan nan 10656.8722 0.0000 nan 100.00%
0 0 8102.9887 7 10656.8722 8102.9887 53 23.96%
0+ 0 nan nan 9323.1599 8102.9887 nan 13.09%
0 0 8190.1223 9 9323.1599 Fract:6 69 12.15%
0 0 8294.8532 8 9323.1599 Cuts:12 89 11.03%
0+ 0 nan nan 8702.9889 8294.8532 nan 4.69%
0 0 8342.8408 9 8702.9889 Cuts:7 104 4.14%
0 0 8362.0958 9 8702.9889 Cuts:12 113 3.92%
0 0 8385.3955 8 8702.9889 Cuts:5 126 3.65%
0 0 8387.5102 8 8702.9889 LiftProj:2 131 3.62%
0 0 8391.4739 8 8702.9889 LiftProj:2 136 3.58%
0 0 8396.5870 9 8702.9889 LiftProj:3 143 3.52%
0 0 8407.8421 9 8702.9889 LiftProj:4 153 3.39%
0 0 8437.1098 9 8702.9889 Cuts:5 169 3.06%
0 0 8450.1929 8 8702.9889 Cuts:4 182 2.90%
0 0 8455.8549 9 8702.9889 Cuts:6 191 2.84%
0 0 8466.0258 8 8702.9889 LiftProj:4 203 2.72%
0 0 8475.2751 9 8702.9889 LiftProj:4 213 2.62%
0 0 8478.6899 9 8702.9889 Cuts:4 219 2.58%
0 0 8483.1162 9 8702.9889 LiftProj:9 227 2.53%
0 0 8488.6475 8 8702.9889 LiftProj:5 238 2.46%
0 0 8498.5471 9 8702.9889 LiftProj:3 249 2.35%
0 0 8499.1003 9 8702.9889 LiftProj:2 252 2.34%
0 0 8499.7232 9 8702.9889 LiftProj:2 257 2.34%
0 2 8506.2338 6 8702.9889 8507.3957 257 2.25%
CPXPARAM_MIP_Cuts_Gomory-LiftProj:Gomory 15
CPXPARAM_MIP_Cuts_Gomory-LiftProj:LiftProj 2
29
Node Left Objective IInf Best_Integer Best_Bound ItCnt Gap
0+ 0 nan nan 10996.9752 0.0000 nan 100.00%
0 0 integral 0 8102.9887 8102.9887 45 0.00%
CPXPARAM_MIP_Cuts_Gomory-LiftProj:Gomory 0
CPXPARAM_MIP_Cuts_Gomory-LiftProj:LiftProj 0
30
Node Left Objective IInf Best_Integer Best_Bound ItCnt Gap
0+ 0 nan nan 10996.9752 0.0000 nan 100.00%
0+ 0 nan nan 10687.4588 0.0000 nan 100.00%
0 0 8102.9887 7 10687.4588 8102.9887 46 24.18%
0+ 0 nan nan 9323.1599 8102.9887 nan 13.09%
0 0 8185.1995 9 9323.1599 Fract:6 59 12.21%
0 0 8279.4343 9 9323.1599 Cuts:9 75 11.19%
0+ 0 nan nan 8702.9889 8279.4343 nan 4.87%
0 0 8342.7630 8 8702.9889 Cuts:12 87 4.14%
0 0 8379.5966 9 8702.9889 Cuts:7 100 3.72%
0 0 8409.6016 8 8702.9889 Cuts:10 115 3.37%
0 0 8430.6829 8 8702.9889 LiftProj:5 127 3.13%
0 0 8462.9737 9 8702.9889 LiftProj:6 137 2.76%
0 0 8474.4985 8 8702.9889 LiftProj:3 141 2.63%
0 0 8492.2657 9 8702.9889 Cuts:6 150 2.42%
0 0 8513.0240 9 8702.9889 Cuts:7 166 2.18%
0 0 8514.0874 8 8702.9889 LiftProj:5 174 2.17%
0 0 8519.7103 8 8702.9889 LiftProj:5 184 2.11%
0 0 8524.5489 9 8702.9889 LiftProj:3 192 2.05%
0 0 8528.9976 7 8702.9889 LiftProj:4 198 2.00%
0 0 8529.4720 8 8702.9889 LiftProj:3 202 1.99%
0 0 8531.4618 8 8702.9889 LiftProj:4 208 1.97%
0 0 8534.4840 8 8702.9889 LiftProj:3 214 1.94%
0 0 8534.9208 9 8702.9889 LiftProj:2 216 1.93%
0 1 8665.2788 2 8702.9889 8676.8720 216 0.30%
CPXPARAM_MIP_Cuts_Gomory-LiftProj:Gomory 17
CPXPARAM_MIP_Cuts_Gomory-LiftProj:LiftProj 4
31
Node Left Objective IInf Best_Integer Best_Bound ItCnt Gap
0+ 0 nan nan 10996.9752 0.0000 nan 100.00%
0 0 integral 0 8102.9887 8102.9887 39 0.00%
CPXPARAM_MIP_Cuts_Gomory-LiftProj:Gomory 0
CPXPARAM_MIP_Cuts_Gomory-LiftProj:LiftProj 0
32
Node Left Objective IInf Best_Integer Best_Bound ItCnt Gap
0+ 0 nan nan 8525.2825 0.0000 nan 100.00%
0+ 0 nan nan 7594.6640 0.0000 nan 100.00%
0 0 4523.5692 7 7594.6640 4523.5692 51 40.44%
0+ 0 nan nan 7273.8068 4523.5692 nan 37.81%
0 0 4564.6393 9 7273.8068 Fract:5 64 37.25%
0+ 0 nan nan 5953.6921 4564.6393 nan 23.33%
0 0 4621.2813 9 5953.6921 Cuts:13 77 22.38%
0+ 0 nan nan 5892.8647 4621.2813 nan 21.58%
0 0 4659.4851 9 5892.8647 Cuts:7 85 20.93%
0+ 0 nan nan 5572.7330 4659.4851 nan 16.39%
0 0 4682.8182 9 5572.7330 Cuts:11 104 15.97%
0 0 4788.9701 9 5572.7330 Cuts:8 123 14.06%
0 0 4802.0315 9 5572.7330 Cuts:6 136 13.83%
0 0 4814.2694 9 5572.7330 LiftProj:4 146 13.61%
0 0 4831.0567 9 5572.7330 LiftProj:6 156 13.31%
0 0 4876.9434 9 5572.7330 Cuts:6 167 12.49%
0 0 4923.1849 8 5572.7330 Cuts:8 179 11.66%
0 0 4941.6000 9 5572.7330 Cuts:6 187 11.33%
0 0 4945.7082 9 5572.7330 LiftProj:5 193 11.25%
0 0 4957.1743 9 5572.7330 LiftProj:4 199 11.05%
0 0 4964.9212 8 5572.7330 Cuts:5 208 10.91%
0 0 4978.9316 9 5572.7330 LiftProj:4 219 10.66%
0 0 4989.2021 9 5572.7330 LiftProj:4 228 10.47%
0 0 5008.7535 9 5572.7330 LiftProj:4 236 10.12%
0 0 5017.0594 9 5572.7330 LiftProj:4 249 9.97%
0 0 5021.6594 8 5572.7330 LiftProj:2 255 9.89%
0 0 5023.6128 8 5572.7330 LiftProj:3 257 9.85%
0 0 5026.8067 9 5572.7330 LiftProj:4 262 9.80%
0 0 5028.7378 9 5572.7330 LiftProj:3 267 9.76%
0 0 5031.1091 9 5572.7330 LiftProj:3 271 9.72%
0 0 5050.6374 9 5572.7330 LiftProj:4 286 9.37%
0 0 5053.9349 9 5572.7330 LiftProj:5 291 9.31%
0 0 5056.7770 9 5572.7330 LiftProj:3 298 9.26%
0 0 5066.1938 8 5572.7330 LiftProj:5 308 9.09%
0 0 5069.3956 9 5572.7330 LiftProj:4 312 9.03%
0 0 5075.3250 9 5572.7330 LiftProj:4 320 8.93%
0 0 5082.2169 9 5572.7330 LiftProj:4 326 8.80%
0 0 5088.1687 9 5572.7330 LiftProj:4 331 8.70%
0 0 5091.4840 9 5572.7330 LiftProj:5 336 8.64%
0 0 5096.8451 9 5572.7330 LiftProj:4 343 8.54%
0 0 5099.7395 9 5572.7330 LiftProj:3 347 8.49%
0 0 5100.9048 9 5572.7330 LiftProj:3 352 8.47%
0 0 5101.6317 9 5572.7330 LiftProj:3 358 8.45%
0 2 5125.2213 7 5572.7330 5147.2581 358 7.63%
CPXPARAM_MIP_Cuts_Gomory-LiftProj:Gomory 21
CPXPARAM_MIP_Cuts_Gomory-LiftProj:LiftProj 1
33
Node Left Objective IInf Best_Integer Best_Bound ItCnt Gap
0+ 0 nan nan 8525.2825 0.0000 nan 100.00%
0 0 integral 0 4536.2805 4536.2805 46 0.00%
CPXPARAM_MIP_Cuts_Gomory-LiftProj:Gomory 0
CPXPARAM_MIP_Cuts_Gomory-LiftProj:LiftProj 0
34
Node Left Objective IInf Best_Integer Best_Bound ItCnt Gap
0+ 0 nan nan 8525.2825 0.0000 nan 100.00%
0+ 0 nan nan 7625.7406 0.0000 nan 100.00%
0 0 4536.2805 6 7625.7406 4536.2805 41 40.51%
0+ 0 nan nan 7330.1259 4536.2805 nan 38.11%
0 0 4599.1171 9 7330.1259 Fract:6 58 37.26%
0+ 0 nan nan 6498.2692 4599.1171 nan 29.23%
0 0 4743.6415 8 6498.2692 Cuts:10 73 27.00%
0+ 0 nan nan 5572.7330 4743.6415 nan 14.88%
0 0 4793.3454 8 5572.7330 Cuts:11 90 13.99%
0 0 4871.0486 9 5572.7330 Cuts:7 104 12.59%
0 0 4947.1142 8 5572.7330 Cuts:10 120 11.23%
0 0 4977.4358 9 5572.7330 LiftProj:4 133 10.68%
0 0 5014.3656 9 5572.7330 Cuts:5 148 10.02%
0 0 5045.5680 9 5572.7330 LiftProj:5 158 9.46%
0 0 5047.4649 8 5572.7330 LiftProj:5 162 9.43%
0 0 5055.8381 9 5572.7330 LiftProj:4 174 9.28%
0 0 5066.5267 8 5572.7330 LiftProj:6 186 9.08%
0 0 5081.0361 9 5572.7330 LiftProj:4 202 8.82%
0 0 5088.4669 9 5572.7330 LiftProj:5 208 8.69%
0 0 5103.7470 8 5572.7330 LiftProj:5 220 8.42%
0 0 5107.4682 8 5572.7330 LiftProj:4 226 8.35%
0 0 5114.6039 9 5572.7330 LiftProj:4 235 8.22%
0 0 5120.6461 9 5572.7330 LiftProj:5 243 8.11%
0 0 5124.5580 9 5572.7330 LiftProj:3 251 8.04%
0 0 5134.4306 9 5572.7330 LiftProj:6 265 7.87%
0 0 5142.6572 9 5572.7330 LiftProj:3 268 7.72%
0 0 5154.8156 9 5572.7330 LiftProj:3 274 7.50%
0 0 5191.2017 8 5572.7330 LiftProj:5 299 6.85%
0 0 5200.1275 9 5572.7330 LiftProj:6 304 6.69%
0 0 5202.4163 9 5572.7330 LiftProj:3 309 6.65%
0 0 5205.1991 9 5572.7330 LiftProj:5 314 6.60%
0 0 5212.2151 9 5572.7330 LiftProj:5 323 6.47%
0 0 5220.1416 8 5572.7330 LiftProj:3 331 6.33%
0 0 5222.7957 9 5572.7330 Cuts:7 338 6.28%
0 0 5223.9570 9 5572.7330 LiftProj:6 342 6.26%
0 0 5225.3885 9 5572.7330 LiftProj:3 349 6.23%
0 2 5309.9228 3 5572.7330 5328.1067 349 4.39%
CPXPARAM_MIP_Cuts_Gomory-LiftProj:Gomory 19
CPXPARAM_MIP_Cuts_Gomory-LiftProj:LiftProj 2
35
Node Left Objective IInf Best_Integer Best_Bound ItCnt Gap
0+ 0 nan nan 8525.2825 0.0000 nan 100.00%
0+ 0 nan nan 5710.8795 0.0000 nan 100.00%
0 0 integral 0 5672.7423 5672.7423 40 0.00%
CPXPARAM_MIP_Cuts_Gomory-LiftProj:Gomory 0
CPXPARAM_MIP_Cuts_Gomory-LiftProj:LiftProj 0
36
Node Left Objective IInf Best_Integer Best_Bound ItCnt Gap
0+ 0 nan nan 9622.7131 0.0000 nan 100.00%
0+ 0 nan nan 8425.2960 0.0000 nan 100.00%
0 0 5884.9287 7 8425.2960 5884.9287 55 30.15%
0+ 0 nan nan 7846.0391 5884.9287 nan 24.99%
0 0 5943.4728 8 7846.0391 Fract:5 68 24.25%
0+ 0 nan nan 7474.8202 5943.4728 nan 20.49%
0 0 6033.7986 9 7474.8202 Cuts:12 79 19.28%
0+ 0 nan nan 6967.9743 6033.7986 nan 13.41%
0 0 6116.0346 8 6967.9743 Cuts:11 99 12.23%
0 0 6143.4423 9 6967.9743 Cuts:12 112 11.83%
0 0 6193.5930 9 6967.9743 Cuts:11 126 11.11%
0 0 6236.8050 9 6967.9743 Cuts:11 145 10.49%
0 0 6257.5970 9 6967.9743 Cuts:11 162 10.19%
0 0 6260.9421 9 6967.9743 LiftProj:8 171 10.15%
0 0 6281.5778 9 6967.9743 LiftProj:7 188 9.85%
0 0 6295.5747 9 6967.9743 Cuts:8 202 9.65%
0+ 0 nan nan 6886.9543 6295.5747 nan 8.59%
0 0 6297.9293 9 6886.9543 LiftProj:7 207 8.55%
0 0 6311.9674 9 6886.9543 LiftProj:6 217 8.35%
0 0 6327.1008 9 6886.9543 LiftProj:9 224 8.13%
0 0 6337.8722 9 6886.9543 LiftProj:10 236 7.97%
0 0 6340.0435 9 6886.9543 LiftProj:6 244 7.94%
0 0 6343.5323 9 6886.9543 LiftProj:8 256 7.89%
0 0 6352.6103 9 6886.9543 LiftProj:4 263 7.76%
0 0 6378.7708 9 6886.9543 LiftProj:6 274 7.38%
0 0 6388.2237 9 6886.9543 LiftProj:17 284 7.24%
0 0 6399.6402 9 6886.9543 LiftProj:9 299 7.08%
0 0 6419.3676 9 6886.9543 LiftProj:9 307 6.79%
0 0 6434.3310 9 6886.9543 LiftProj:18 319 6.57%
0 0 6436.1122 9 6886.9543 LiftProj:9 331 6.55%
0 0 6445.4609 9 6886.9543 LiftProj:12 337 6.41%
0 0 6469.6125 9 6886.9543 LiftProj:7 353 6.06%
0 0 6479.5276 9 6886.9543 LiftProj:10 365 5.92%
0 0 6486.1527 9 6886.9543 LiftProj:7 375 5.82%
0 0 6493.3393 9 6886.9543 LiftProj:7 387 5.72%
0 0 6496.3071 9 6886.9543 LiftProj:9 393 5.67%
0 0 6517.0663 9 6886.9543 LiftProj:8 408 5.37%
0 0 6521.4972 9 6886.9543 LiftProj:7 414 5.31%
0 0 6524.2590 9 6886.9543 LiftProj:9 419 5.27%
0 0 6525.6761 9 6886.9543 LiftProj:8 426 5.25%
0 0 6525.9687 9 6886.9543 LiftProj:7 428 5.24%
0 2 6525.9687 9 6886.9543 6526.7817 428 5.23%
CPXPARAM_MIP_Cuts_Gomory-LiftProj:Gomory 25
CPXPARAM_MIP_Cuts_Gomory-LiftProj:LiftProj 0
37
Node Left Objective IInf Best_Integer Best_Bound ItCnt Gap
0+ 0 nan nan 9622.7131 0.0000 nan 100.00%
0 0 integral 0 5884.9287 5884.9287 48 0.00%
CPXPARAM_MIP_Cuts_Gomory-LiftProj:Gomory 0
CPXPARAM_MIP_Cuts_Gomory-LiftProj:LiftProj 0
38
Node Left Objective IInf Best_Integer Best_Bound ItCnt Gap
0+ 0 nan nan 9622.7131 0.0000 nan 100.00%
0+ 0 nan nan 8425.2960 0.0000 nan 100.00%
0 0 5884.9287 7 8425.2960 5884.9287 41 30.15%
0+ 0 nan nan 7846.0391 5884.9287 nan 24.99%
0 0 5949.8282 7 7846.0391 Fract:5 55 24.17%
0+ 0 nan nan 7474.8202 5949.8282 nan 20.40%
0 0 6042.9241 8 7474.8202 Cuts:9 70 19.16%
0+ 0 nan nan 6967.9743 6042.9241 nan 13.28%
0 0 6085.9982 8 6967.9743 Cuts:10 83 12.66%
0 0 6116.7513 8 6967.9743 Cuts:9 103 12.22%
0 0 6184.1244 8 6967.9743 Cuts:10 118 11.25%
0 0 6223.9136 9 6967.9743 Cuts:15 140 10.68%
0+ 0 nan nan 6886.9543 6223.9136 nan 9.63%
0 0 6239.4161 8 6886.9543 LiftProj:5 152 9.40%
0 0 6273.0622 8 6886.9543 Cuts:11 167 8.91%
0 0 6294.0013 8 6886.9543 LiftProj:5 176 8.61%
0 0 6295.6688 8 6886.9543 Cuts:6 180 8.59%
0 0 6308.0587 8 6886.9543 LiftProj:8 194 8.41%
0 0 6320.1130 8 6886.9543 Cuts:8 207 8.23%
0 0 6331.3253 8 6886.9543 Cuts:7 220 8.07%
0 0 6336.6501 8 6886.9543 LiftProj:7 229 7.99%
0 0 6350.6846 8 6886.9543 LiftProj:8 237 7.79%
0 0 6355.0148 8 6886.9543 LiftProj:11 243 7.72%
0 0 6375.6901 8 6886.9543 LiftProj:5 252 7.42%
0 0 6382.2908 8 6886.9543 LiftProj:5 258 7.33%
0 0 6415.2593 8 6886.9543 LiftProj:9 267 6.85%
0 0 6418.4341 8 6886.9543 LiftProj:7 275 6.80%
0 0 6426.0762 8 6886.9543 LiftProj:5 280 6.69%
0 0 6429.0370 8 6886.9543 LiftProj:8 283 6.65%
0 0 6434.2581 8 6886.9543 LiftProj:8 285 6.57%
0 0 6468.5614 8 6886.9543 LiftProj:7 292 6.08%
0 0 6476.3759 8 6886.9543 LiftProj:11 300 5.96%
0 0 6479.3917 8 6886.9543 LiftProj:4 307 5.92%
0 0 6483.9934 8 6886.9543 LiftProj:6 312 5.85%
0 0 6492.0691 8 6886.9543 LiftProj:5 317 5.73%
0 0 6499.1361 8 6886.9543 LiftProj:7 325 5.63%
0 0 6500.0344 8 6886.9543 LiftProj:5 329 5.62%
0 0 6502.3007 8 6886.9543 LiftProj:8 335 5.59%
0 0 6502.8280 8 6886.9543 LiftProj:5 338 5.58%
0+ 0 nan nan 6794.1480 6502.8280 nan 4.29%
0 2 6508.8375 7 6794.1480 6508.9078 338 4.20%
CPXPARAM_MIP_Cuts_Gomory-LiftProj:Gomory 23
CPXPARAM_MIP_Cuts_Gomory-LiftProj:LiftProj 0
39
Node Left Objective IInf Best_Integer Best_Bound ItCnt Gap
0+ 0 nan nan 9622.7131 0.0000 nan 100.00%
0 0 integral 0 5998.5362 5998.5362 40 0.00%
CPXPARAM_MIP_Cuts_Gomory-LiftProj:Gomory 0
CPXPARAM_MIP_Cuts_Gomory-LiftProj:LiftProj 0
