Instance0
23;0.8709583199409293
14;0.893794874856206
8;0.9798621458345808
9;0.9819620377787996
4;0.9836420666811642
1;0.983753664893525
Instance2
16;0.7935921146845356
23;0.8148574390652348
19;0.833645452179544
22;0.8501256647856978
13;0.8566649560734905
2;0.8566872150619453
4;0.8567066203339319
Instance4
25;0.9103987094971505
11;0.938409771850355
9;0.9423405551867144
8;0.9448210539227081
10;0.9581318197955446
14;0.9638062427262396
9;0.9670626567421416
5;0.9673655587921283
4;0.9679483631662427
Instance6
14;0.8571924253258943
16;0.8849007240385205
9;0.9174881831937547
5;0.9256429025307871
3;0.9304388472192401
11;0.9321842552056275
2;0.932388473459447
3;0.9327799271601159
1;0.9330083459138684
Instance8
15;0.9771813806004344
12;0.984674140864106
8;0.9920801568270292
Instance10
13;0.515756174532109
10;0.5441374696744389
9;0.7639454231810029
1;0.7639645616434371
2;0.7672712192549408
3;0.7767170269181372
1;0.7769295029092378
Instance12
14;0.9248732901395835
4;0.9600733390347144
3;0.9835633579999917
6;0.9945157058311141
Instance14
14;0.7956948699629426
4;0.8776598921587493
4;0.8883831370422953
5;0.8890333835314906
Instance16
12;0.6290794819226595
7;0.9346509146915383
7;0.9477456770727909
Instance18
12;0.7179497857132008
11;0.7502776567992967
9;0.7613268127478553
7;0.7653992545752373
4;0.7865547672667895
4;0.7896243111344674
Instance20
18;0.8919123487283477
15;0.9044855596052207
11;0.9229470244224327
12;0.9321313469477652
26;0.9427422899474764
19;0.9538313514321631
14;0.9567319691367634
18;0.9581851786067682
9;0.9597012347937056
2;0.9601397115033843
3;0.9602281803433749
1;0.9602305975247953
Instance22
19;0.9031977527457046
21;0.9207060937032335
16;0.9497343973851414
14;0.968913958439568
12;0.9759636962100627
11;0.9788965141969275
5;0.9789744916323243
1;0.978974972974518
Instance24
17;0.2821441274893248
20;0.6345047008107846
18;0.6436596719415101
16;0.8432924999785075
11;0.8448906678018422
4;0.8509685235767105
11;0.8527150653226644
3;0.8529280448647258
3;0.853104889060319
Instance26
23;0.8634216716896731
13;0.8959202235977638
5;0.9017907363386631
8;0.9101923823390312
3;0.9161563577339615
7;0.9214508113493892
18;0.9325352469912379
6;0.9336885408730485
10;0.9342028793779334
Instance28
25;0.8392403233102814
10;0.8497957053038387
9;0.8703724337303864
12;0.8815938351509821
5;0.8829397378565804
6;0.8874587988981641
16;0.8905776109361889
1;0.8908022053308181
2;0.890958589575968
Instance30
11;0.8365717584551816
13;0.8947410133568311
7;0.9128613546431368
2;0.9181481899534923
9;0.9186264505362144
3;0.9193081341722201
3;0.9199254365759365
9;0.9306771778561675
2;0.931100819431595
Instance32
17;0.909750005301238
11;0.9228280017865651
13;0.9369110194025738
26;0.9451338076408221
13;0.9481595409182891
11;0.9486483037466442
4;0.9498306091274096
Instance34
12;0.9938064804394434
Instance36
20;0.5976699496247001
6;0.6363336716398226
13;0.7853800864597749
12;0.8599618750555231
5;0.8635093902099285
8;0.86414512381515
12;0.8658526964081287
8;0.8665560460242602
8;0.8667656914337479
2;0.8668909062687664
Instance38
18;0.8771968427602835
16;0.9026170131450251
19;0.9130408581343147
15;0.9243545949602574
8;0.9260638617955174
15;0.9293593742431405
11;0.9298089190856876
4;0.9311659849743993
2;0.931202776368163
2;0.9314085782270268

