Instance0
9;0.867468046018633
2;0.958678094474211
4;0.9649743098971822
Instance4
9;0.9103140878642746
5;0.9222370589579456
7;0.9426044010984506
6;0.9542032062446435
3;0.9571766802367759
3;0.9593234659692741
1;0.9596042362075855
Instance6
6;0.8510548388867762
5;0.898560420255022
6;0.9092426058394305
6;0.925293056707196
4;0.9449616946000144
4;0.961649000729172
3;0.9680935514042804
Instance8
4;0.9682847788981117
5;0.979673066382152
Instance10
6;0.515756174532109
4;0.5429278312446668
1;0.7398825171888517
Instance12
5;0.9249020233436572
2;0.9404379418594364
4;0.960296333683722
1;0.960446870687675
1;0.9635250713328083
Instance14
6;0.7956948699629426
4;0.8776598921587493
4;0.8883831370422953
Instance16
4;0.6240613617106111
11;0.9440696858100351
4;0.9495201616144916
Instance18
7;0.7178701548639654
3;0.7550404830648569
3;0.7726133587752646
Instance20
9;0.8919123487283477
Instance22
3;0.8944589852171415
4;0.9402880568316828
4;0.9685568025317632
2;0.9808093680751161
3;0.9817301756918682
3;0.9837084921084146
Instance24
8;0.28016999028720285
4;0.6261581813237223
6;0.8131693086554298
4;0.8235549357334842
8;0.8287617106563739
11;0.8410466334449961
2;0.8447143711114983
Instance26
4;0.8634216716896731
5;0.894423057686973
3;0.9011741179482357
2;0.910123020117801
3;0.9191430479548999
3;0.9282195060736768
Instance28
11;0.8368806957815137
8;0.8588360456032484
7;0.8668865069041021
6;0.8844231699692608
2;0.8896043685594578
6;0.8950656169503658
5;0.8957516003235946
Instance30
9;0.8315992550436495
10;0.8449061524334917
14;0.874649740732455
4;0.9339276247264576
6;0.934772740912734
Instance32
10;0.9065519123361901
2;0.9115380318697885
3;0.935974531766716
2;0.9413800598734288
3;0.9427806875251303
Instance34
6;0.9959324139861966
Instance36
5;0.5891987814999838
Instance38
5;0.8771968427602835
5;0.887136650975373
8;0.9095077346019692
3;0.9203949212064675
3;0.9237360396526098
2;0.924038418920103

