Instance0
17;0.8119131713593305
10;0.8394883992760309
3;0.919644673220507
2;0.919685333034313
Instance2
16;0.7935921146845356
19;0.8026874798132516
12;0.8123841230019008
7;0.8135016383710039
13;0.816430407582726
10;0.8185846781448709
17;0.8248063507897083
9;0.8267320386627184
9;0.8284271462450654
2;0.8293443307180729
14;0.8316889441686732
17;0.8359241447797197
2;0.8359680920133359
2;0.8360208857680052
Instance4
21;0.8582166710949412
4;0.8943909002995765
5;0.9021470153990189
6;0.9117387689962319
3;0.9129065475299195
4;0.9147920910932315
6;0.9164268074575577
8;0.9219836280164097
4;0.9230312004357043
4;0.92326119769429
2;0.9233584040828248
Instance6
8;0.8130859527727828
11;0.8551986437875643
4;0.8920373240976751
15;0.9031245496283288
3;0.9083352993770345
3;0.9151373381388713
20;0.9272316441228724
4;0.9322717166615255
4;0.9333993750443628
1;0.9337296906399379
Instance8
11;0.9621476196201237
5;0.9668326970064931
3;0.968023660849939
Instance10
7;0.4556102430472293
8;0.4583454174850188
3;0.555496593997286
4;0.5653814008419168
4;0.5673491390335744
Instance12
10;0.8477621152934546
10;0.8637790026600358
2;0.8662656740821697
3;0.8668272208313527
4;0.8690646629398892
4;0.8805004781612985
3;0.8805404547930534
Instance14
8;0.7263694844871759
11;0.7556662017794143
2;0.757360847894863
5;0.7625187035905407
Instance16
9;0.6056447138037314
8;0.6153992351983805
9;0.6171724510686316
5;0.6200659402669241
Instance18
7;0.6799440848297689
6;0.7111633692406226
3;0.8061474839583463
3;0.8087350023875302
4;0.8105625183527013
2;0.8106693460082856
Instance20
14;0.8629443631487898
10;0.8916638624783199
13;0.8957788721285797
7;0.9003990726957236
16;0.9055505697390935
4;0.906325518102506
3;0.9074016472709123
4;0.9077342514343733
Instance22
16;0.8825144786778254
21;0.9066586031191759
15;0.9211816597907152
16;0.938742467047369
13;0.9541781485183662
2;0.9543456556018105
Instance24
11;0.2567744655567513
22;0.2725033132888944
8;0.28438430680716176
6;0.6229311596886231
8;0.8110384182243168
9;0.8191896763790991
3;0.8210659768691878
1;0.821071451921683
1;0.821310164210472
Instance26
19;0.8459265209229372
10;0.8658846183587796
10;0.8697330460061884
8;0.8801979241804383
10;0.8882439418431426
1;0.8957321226588348
4;0.8980910259960961
3;0.898676490168514
2;0.9029781235156555
7;0.905071334276679
7;0.9079933647998598
9;0.9085994025124732
Instance28
20;0.8155287007779457
18;0.8259942450136496
3;0.8282679166629924
4;0.8324664454574244
2;0.8327409497175284
1;0.8330820004649288
Instance30
11;0.8365717584551816
9;0.8519945802104346
6;0.858870928633954
4;0.8705135732516681
3;0.8719909013542151
1;0.8736567553752397
3;0.8764618910243008
3;0.8783731537840312
3;0.8800650113800178
4;0.8801321872820042
Instance32
11;0.880704525282348
12;0.8904215078598419
14;0.9092509829676697
11;0.9223938195259438
9;0.924453517792539
12;0.9273044291011735
18;0.9332286777914643
9;0.9384741576168519
8;0.9394003857474963
3;0.9424014962124517
11;0.9464121419903827
3;0.9466747853238396
Instance34
19;0.9151105018142716
11;0.9282166559668612
15;0.9590531629106743
7;0.9687048844601083
10;0.9698306743288383
4;0.9701079335896637
Instance36
15;0.5551818409395542
8;0.7662342779642417
12;0.7768703838073707
9;0.781528375670053
1;0.7821254715547544
3;0.7828882087783519
6;0.7835064123066707
7;0.7859677782064601
2;0.7869419496229026
Instance38
13;0.8545877648052796
14;0.8668944860191501
11;0.8824350174473533
12;0.8927791477501552
11;0.8978686238874314
8;0.9025522449622541
14;0.9065299311692412
6;0.9108099966437214
8;0.9113289085932599
6;0.911397892456566

