Instance0
5;0.043642004119239936
9;0.06578928766466431
17;0.07408468237024173
22;0.17491604839501818
24;0.17711257180096318
Instance2
6;0.040308009846434956
11;0.2279582022685317
18;0.2394772284404608
19;0.24158248929707554
24;0.5097168453897694
26;0.5153811887250632
31;0.5214432934683416
Instance4
7;0.03326620852788771
14;0.5879117703104961
20;0.5942248568291673
25;0.5981998974218631
27;0.5992732999131009
Instance6
7;0.12747168980653184
15;0.6301518316620983
21;0.6379769443741494
26;0.6399420513716868
31;0.6455434667884493
32;0.7045814343362199
33;0.7048254688862933
Instance8
7;0.09811309542085633
15;0.1619626442217693
20;0.7194828344562794
23;0.7242084767632619
25;0.7278504522710796
26;0.7280267520845315
Instance10
2;0.3122191041459687
5;0.32829921434743664
10;0.5251185811960173
15;0.5326519155368529
18;0.5375478536517091
22;0.5412602559996359
Instance12
7;0.1206151696291143
15;0.16988992646157447
20;0.21767059654455304
28;0.2942376057516791
31;0.30469766069251547
35;0.3106447328640594
41;0.3117205624962019
44;0.3130847304746625
49;0.3137925473483991
51;0.3209276335251629
58;0.47539558130046733
59;0.4754375496371548
61;0.47556371727761004
Instance14
7;0.12214109244378245
16;0.19491854783513993
19;0.22210726746335732
24;0.4688025604585484
27;0.4722580935820382
28;0.47373087229591054
29;0.4747067543075742
30;0.4748482070368604
Instance16
7;0.16152832875115103
14;0.684300771512446
19;0.6955337564091956
21;0.6996340506066142
24;0.7003371151173575
27;0.7005449219454023
Instance18
6;0.1624517326091404
14;0.7015257690592266
19;0.7100281748572215
22;0.7170451613763535
26;0.726575682261013
Instance20
6;0.6106984410365144
7;0.6184410529260587
13;0.6308681582081518
15;0.6418480094257782
19;0.770834558740178
Instance22
5;0.2705306017536415
12;0.2807689146203986
18;0.35608204228750734
25;0.36728629750419317
29;0.8032255109140368
30;0.8089569630799993
Instance24
5;0.0710184484615657
11;0.24112064388792653
16;0.8336476251758198
18;0.8360750124038512
21;0.8389535839115708
Instance26
4;0.08472550177864462
6;0.2509775116399428
9;0.25913489442483156
13;0.8422666977410901
16;0.8470096334882498
17;0.8493723192316964
Instance28
6;0.4928810205096649
13;0.537044873542023
17;0.8208275397462369
20;0.8259366621354386
25;0.8279801576611413
Instance30
6;0.4952608896799242
10;0.5350696026566811
18;0.8006777350271667
22;0.820632830692902
28;0.8230212879764507
29;0.8260948700052904
Instance32
5;0.07893678589455004
13;0.44626854780019043
18;0.48113576673531
20;0.5985734081061532
21;0.6012062742179684
22;0.6062388998752954
Instance34
6;0.08037429312060097
12;0.31872117870547084
16;0.6253941603577075
17;0.6274873844726145
20;0.6341753017371845
Instance36
5;0.19577422930388788
13;0.34392077380875147
15;0.5459052171424176
20;0.5567232691946085
27;0.5644731055360402
28;0.5667376888112485
Instance38
5;0.19846069361426824
12;0.3504594690008825
15;0.5732079063145907
22;0.5804299122499416
28;0.5866323414405803
30;0.5878362806641128

