Instance0
6;0.8659834105632721
6;0.9582694777638351
5;0.9649486451920142
1;0.9656643732619883
Instance4
4;0.9101040526319056
6;0.922335567217755
3;0.9413723969151954
5;0.9494518100479333
Instance6
6;0.8510548388867762
5;0.898560420255022
6;0.9092426058394305
6;0.925293056707196
4;0.9449616946000144
4;0.961649000729172
3;0.9680935514042804
Instance8
4;0.9682847788981117
5;0.979673066382152
Instance10
6;0.515756174532109
4;0.5429278312446668
1;0.7398825171888517
Instance12
4;0.9248732901395835
3;0.9600733390347144
3;0.9835633579999917
1;0.9932264594570158
Instance14
6;0.7956948699629426
4;0.8776598921587493
4;0.8883831370422953
Instance16
3;0.6240613617106111
6;0.943514920267675
3;0.9461663169632305
Instance18
5;0.7178701548639654
3;0.7550404830648569
3;0.7726133587752646
Instance20
4;0.8919123487283477
Instance22
3;0.8944589852171415
4;0.9402880568316828
4;0.9685568025317632
2;0.9808093680751161
1;0.9816623064425415
Instance24
6;0.27953415438989443
7;0.6269681987226668
6;0.8230233081362045
Instance26
4;0.8634216716896731
5;0.894423057686973
3;0.9011741179482357
2;0.910123020117801
3;0.9191430479548999
3;0.9282195060736768
Instance28
5;0.8341101436936805
6;0.855800971228406
7;0.8625327029726414
5;0.8683826937601815
2;0.871722218314411
3;0.8766871408208889
Instance32
6;0.9065519123361901
2;0.9115380318697885
3;0.935974531766716
2;0.9413800598734288
3;0.9427806875251303
Instance34
3;0.9935870184263426
2;0.9959814160005723
1;0.9975390099446965
Instance36
5;0.5891987814999838
Instance38
5;0.8771968427602835
5;0.887136650975373
4;0.9095077346019692
3;0.9203949212064675
3;0.9237360396526098
2;0.924038418920103

