Instance0
23;0.8709583199409293
13;0.893794874856206
8;0.9798621458345808
9;0.9819620377787996
4;0.9836420666811642
1;0.983753664893525
Instance2
16;0.7935921146845356
23;0.8148574390652348
19;0.833645452179544
22;0.8501256647856978
13;0.8566649560734905
2;0.8566872150619453
4;0.8567066203339319
Instance4
26;0.9103987094971505
11;0.938409771850355
10;0.9424590254727405
8;0.9485539528252651
20;0.9533943102257679
9;0.9574127528946451
Instance6
14;0.8571924253258943
16;0.8849007240385205
9;0.9174881831937547
5;0.9256429025307871
3;0.9304388472192401
11;0.9321842552056275
2;0.932388473459447
3;0.9327799271601159
1;0.9330083459138684
Instance8
15;0.9771813806004344
12;0.984674140864106
8;0.9920801568270292
Instance10
13;0.515756174532109
10;0.5441374696744389
9;0.7639454231810029
1;0.7639645616434371
2;0.7672712192549408
3;0.7767170269181372
1;0.7769295029092378
Instance12
14;0.9249020233436572
10;0.9443344141858044
3;0.9454831177138888
Instance14
14;0.7956948699629426
4;0.8776598921587493
4;0.8883831370422953
5;0.8890333835314906
Instance16
12;0.6290794819226595
7;0.9346509146915383
7;0.9477456770727909
Instance18
12;0.7179497857132008
11;0.7502776567992967
9;0.7613268127478553
7;0.7653992545752373
4;0.7865547672667895
3;0.7896243111344674
1;0.9033949880006082
1;0.9034102490942636
Instance20
19;0.8919123487283477
15;0.9044855596052207
11;0.9229470244224327
12;0.9321313469477652
26;0.9427422899474764
19;0.9538313514321631
14;0.9567319691367634
18;0.9581851786067682
9;0.9597012347937056
2;0.9601397115033843
3;0.9602281803433749
1;0.9602305975247953
Instance22
19;0.9031977527457046
21;0.9207060937032335
17;0.9497623152323824
14;0.9687387498810224
12;0.9767237355340839
15;0.9783631870461897
2;0.9786053021696747
3;0.9790712414132797
Instance24
19;0.2821441274893248
20;0.6345047008107846
18;0.6436596719415101
17;0.8429656393445468
15;0.8453177218964638
4;0.849432223846571
6;0.8501127728717182
5;0.8506558980792372
3;0.8517459810310223
2;0.8525590263265524
8;0.853041378451375
1;0.8534060169475521
2;0.853452554893761
Instance26
23;0.8634216716896731
13;0.8959202235977638
5;0.9017907363386631
8;0.9101923823390312
3;0.9161563577339615
7;0.9214508113493892
18;0.9325352469912379
6;0.9336885408730485
10;0.9342028793779334
Instance28
27;0.8392403233102814
11;0.8499565259814752
12;0.8693659181100072
12;0.8887215184946398
10;0.8957843190131821
1;0.8958231377974394
2;0.8963488550470927
1;0.8963488550470927
Instance30
13;0.8365717584551816
16;0.8947410133568311
7;0.9128613546431368
4;0.9181481899534923
10;0.9188131020079778
Instance32
18;0.909750005301238
11;0.9228280017865651
13;0.9369110194025738
26;0.9451338076408221
13;0.9481595409182891
11;0.9486483037466442
4;0.9498306091274096
Instance34
14;0.9970079453786439
Instance36
20;0.5976699496247001
6;0.6363336716398226
13;0.7853800864597749
12;0.8599618750555231
5;0.8635093902099285
8;0.86414512381515
12;0.8658526964081287
9;0.8665560460242602
9;0.8667656914337479
2;0.8668909062687664
Instance38
18;0.8771968427602835
16;0.9026170131450251
20;0.9130408581343147
15;0.9243545949602574
8;0.9260638617955174
15;0.9293593742431405
11;0.9298089190856876
4;0.9311659849743993
2;0.931202776368163
2;0.9314085782270268

