Instance2
5;0.14889890764391003
1;0.4214822113408937
7;0.4462833066674849
3;0.45221695767002096
1;0.4523952471084304
Instance4
8;0.041229264886164886
9;0.727450612003495
3;0.7380336431820681
1;0.7380805993736486
5;0.7436873922492606
4;0.7509905707127615
2;0.7527763966655654
Instance6
7;0.11362482612107082
9;0.7306950612407883
6;0.7505329341789458
5;0.7551484296767497
1;0.755330291752077
Instance10
6;0.316400126673854
Instance12
6;0.09335339400343808
3;0.44202761211905484
1;0.4485189315657101
1;0.44890325626013705
Instance14
7;0.07397763491207124
3;0.43737163148274616
4;0.4502894626824869
1;0.4543094236284102
1;0.46039720214591706
1;0.46504715415956777
1;0.4668429301337236
Instance16
6;0.06630423967916
Instance18
7;0.0900734995442918
6;0.634523690827786
4;0.719063975849007
Instance20
8;0.05543874890070826
6;0.6166114153793661
8;0.6345801874287906
4;0.7366818720787509
Instance22
6;0.11477888442512332
8;0.5955950191517727
Instance24
8;0.03535605003114331
3;0.6061350034315843
8;0.6195063655045323
7;0.6279100447450958
Instance26
5;0.05361081679508791
7;0.5912225212776372
3;0.6402753949628727
Instance27
6;0.01946723454499295
Instance28
6;0.09756278531459507
7;0.553263911634737
2;0.5606600144183327
2;0.5937746570786889
Instance30
6;0.10516771645335704
8;0.6173511560791515
Instance32
7;0.14531066337786497
1;0.6665043579986641
8;0.6699864014817266
2;0.6780872859153613
6;0.6791623838413021
Instance34
6;0.16533997736053943
8;0.6967493967995406
3;0.7062355542097603
4;0.710701446478036
Instance38
6;0.20759366586340838
7;0.4232166835563843

