Instance0
2;0.09314512508941414
4;0.09314512508941414
Instance2
3;0.09314512508941414
2;0.09314512508941414
Instance4
4;0.021938414824994725
4;0.021938414824994725
Instance6
2;0.021938414824994725
2;0.021938414824994725
Instance8
2;0.0433249052167912
3;0.0433249052167912
Instance10
1;0.0433249052167912
3;0.0433249052167912
Instance12
2;0.0
2;0.0
Instance14
2;0.0
1;0.0
Instance16
2;0.014274927135553516
1;0.014274927135553516
Instance18
5;0.014274927135553516
1;0.014274927135553516
Instance20
5;0.02228595728400446
Instance22
4;0.02228595728400446
5;0.02228595728400446
Instance24
1;0.01560283482016721
1;0.01560283482016721
Instance30
10;0.05785832300404444
1;0.08087005366930936
Instance32
8;0.1239204031886751
4;0.1239204031886751
Instance34
7;0.1239204031886751
4;0.1239204031886751
Instance36
4;0.18380440191415517
5;0.18380440191415517
Instance38
3;0.18380440191415517
2;0.18380440191415517

