Instance0
7;0.07043281243203148
8;0.4341133575227926
7;0.46668729927640346
6;0.4765771526926837
8;0.6348066902154026
4;0.6510216272891541
1;0.6558576611532554
Instance2
5;0.02722663612818274
5;0.16827539062249172
8;0.36216080204821577
5;0.5608793459618937
7;0.6016519120817413
1;0.6518847224756875
3;0.6545731670843989
1;0.6547055494606101
2;0.6556759372560429
Instance3
40;-0.5535237464961038
Instance4
7;0.020006128868630128
8;0.7601085571682814
6;0.7917782566542375
5;0.7955636757506694
4;0.8062042816685001
Instance6
7;0.029934343706843673
9;0.7998667777450514
8;0.8162797506207855
5;0.8322845381372075
7;0.8814602458842292
Instance8
7;0.1503228756974298
8;0.20091649135644418
7;0.26228421598219476
6;0.5246314182205889
8;0.5335359184470765
Instance10
5;0.32582003402966336
7;0.5108996720822884
7;0.6069641447126927
9;0.6256335628532101
4;0.6270227678058438
1;0.7177631113378647
Instance12
6;0.02523114949398739
9;0.12594000704333005
8;0.17868337087523883
8;0.23840974207741877
7;0.5370259174886739
2;0.5417900074755747
Instance14
6;0.022736502394132756
8;0.1162752521710433
8;0.20131270014968344
7;0.3873473758539795
8;0.5086838384329071
1;0.50915887931386
1;0.5092599680133268
Instance18
3;0.23568694951068628
7;0.7793518329217729
6;0.791266708013484
7;0.7989034116260321
4;0.8034652155918633
Instance20
6;0.6671282403534335
6;0.6974169738506577
6;0.7221274023041043
5;0.8623694585876582
4;0.8696102724943666
Instance22
6;0.3640216574694651
6;0.447531862491449
6;0.46344921932747263
8;0.49390235608622407
3;0.9390858362232912
1;0.9397865167089049
1;0.9416692724921659
Instance24
7;0.13831056097006636
8;0.2714051187618736
5;0.6822996783507826
5;0.7248619337053299
3;0.7348734894469233
3;0.7473828376830439
Instance26
6;0.05268668536988068
6;0.7374494951759966
6;0.7554040427891643
6;0.8070430874169893
5;0.8153579193934873
Instance28
3;0.4151225194148778
8;0.6469864844673826
8;0.6864991134498987
2;0.8443415236047553
3;0.8666542013307955
2;0.8699073319317431
Instance30
4;0.5771909039626536
9;0.6147085260182906
6;0.654980409789282
6;0.8633418032527341
6;0.8791661484208363
2;0.8874962903867333
1;0.8883721982341715
Instance32
6;0.0701098044214089
8;0.5418812613061509
4;0.5808957607515063
6;0.64897061947599
5;0.6571915584671949
1;0.689660230438392
Instance34
6;0.07378802578772392
5;0.2726666411243476
9;0.5635791574548284
6;0.6352001621211828
6;0.7017959073526918
Instance36
6;0.19135913463684054
8;0.23032058288827548
8;0.25591349222383797
5;0.6036053264657945
5;0.6114527535715052
3;0.6137282465627201
2;0.6146655978965163
1;0.6152092735278202
Instance38
4;0.19548680706477622
10;0.2229761916705281
7;0.4924421064230197
7;0.6160232351607352
4;0.6294314257987204
1;0.6297018282373336

