Instance0
4;0.019357147176809565
3;0.05906045438906399
3;0.06306056103438011
4;0.06805841228032242
5;0.0689850672323872
4;0.07077641573076662
3;0.0722507652515147
5;0.08002387892553638
5;0.08092785157728186
4;0.08373658422900308
4;0.08407488243986154
4;0.08824648940466402
4;0.09005332825448117
3;0.09039217969217654
4;0.09191493656116652
4;0.0958611035898701
4;0.09786904039495592
4;0.09981390934061796
3;0.09991985227991376
3;0.1000307742607429
Instance2
4;0.0059953117051490794
4;0.3776626593727514
3;0.40606148972870737
4;0.47158783571522533
5;0.4905143525455837
6;0.564807508593872
6;0.5785923438878112
4;0.5843909417439185
2;0.5893636067874394
4;0.595304994439271
4;0.6019107917528405
4;0.6236831133749534
4;0.6301332156926018
4;0.6320619186768323
4;0.6467588602169291
4;0.6478170866330554
3;0.6637071347461729
3;0.6744709043037511
5;0.6816041496382619
5;0.6818214565577025
2;0.6826877701580011
3;0.6856355676609874
3;0.6944210949174513
3;0.7047523321200512
3;0.7073937351925618
3;0.7089631740551884
5;0.7093719774936762
2;0.7098652891786131
2;0.7098990092178368
Instance4
3;0.003569061960068131
1;0.7907469794350043
4;0.8012056745447147
4;0.8029010682044297
4;0.8033010555234069
5;0.8114094326818901
4;0.8275941628963945
3;0.8300801123403991
2;0.8302352094640841
2;0.8309133669279704
3;0.8310916972240295
Instance6
4;0.011850752920059583
5;0.8292960962367043
4;0.8456586375324194
3;0.8532540185607511
5;0.8549208987386159
4;0.8678340754251618
3;0.8725895865208352
2;0.8813313259576189
2;0.8821762659461079
2;0.8825944991352526
2;0.8834194656139853
3;0.8874565356162943
3;0.8877131649537724
4;0.8891464155932728
2;0.8939497420607873
5;0.8940120836215428
Instance8
4;0.09794079087777072
4;0.2745859772687261
5;0.28772594290180287
4;0.4092911687987406
5;0.41006317880520765
5;0.41182674934318725
6;0.42122833280590594
7;0.439139616441173
3;0.44550202127083893
7;0.44772879781269864
3;0.4640211406327157
9;0.4685457056073252
4;0.47309242108001015
6;0.4808920023436556
4;0.4817578262243262
7;0.4855084267367558
4;0.4897280966202033
4;0.4917262018436914
4;0.49202327911200294
11;0.49390998035987416
4;0.49669638272076766
3;0.5000528346644946
7;0.5026867894798072
5;0.5035558707866647
3;0.5065305523812031
3;0.5080387407060727
3;0.5081560080488273
Instance10
1;0.30609743599601125
1;0.31088657736227876
Instance12
2;0.0
2;0.03566096850000169
Instance16
2;0.0
1;0.047048705753071525
1;0.2346872017418066
Instance18
2;0.23349977991721488
1;0.5831041369922284
1;0.7053189861453208
1;0.7053189861453208
Instance20
2;0.6437330332524658
2;0.6503705538135857
2;0.6745551697431138
2;0.813637899760555
3;0.8157418482233052
4;0.8209528842762466
5;0.834450466386317
5;0.8918761424387264
3;0.8935835351702778
4;0.8943825215323971
3;0.9041517454067316
2;0.9046966423558974
Instance22
4;0.34837407906480733
3;0.4215683480951459
4;0.429846650089564
4;0.46349262007677827
6;0.9123551341145912
3;0.9191219799003119
4;0.9382123852069781
1;0.9762300236524283
2;0.9921965310300833
Instance24
2;0.11038216168182405
2;0.11557324788971751
2;0.30041675824042985
2;0.31489251116702555
3;0.6994514313030611
2;0.7000402349985911
3;0.7006160503773082
3;0.7021692365962157
3;0.7029701827996944
3;0.7036509870726514
3;0.7083841461913161
2;0.7118650150972445
3;0.7145265376842094
3;0.7155114850425411
3;0.7182022313423356
4;0.7207306236819649
5;0.7261803049448232
3;0.7265439778155915
Instance26
1;0.0
1;0.0013749355199351376
1;0.15117312351978335
Instance28
2;0.40506790294665185
2;0.7520705066096763
1;0.7760612965880932
3;0.7824102039368104
1;0.7855819446137003
4;0.7958138912483393
3;0.8019595704230472
4;0.8183825772809591
3;0.82781838247664
4;0.8394926572200229
4;0.8404698295809749
3;0.8471842516795479
4;0.8502627638979724
3;0.8521584092201016
4;0.8566383079491083
3;0.8582463755395688
3;0.859169287951149
4;0.8600285682402848
3;0.8603679395599896
Instance30
2;0.5680071382861308
5;0.6116902133373583
3;0.8040920234512942
4;0.8332221740837058
1;0.8426080847738943
3;0.8438568749270032
4;0.8535708245606116
3;0.8595169569094697
2;0.8661152677223632
3;0.8729918998379209
5;0.8782751303100308
3;0.8795643769747353
3;0.8824928435008386
3;0.8826376095724522
Instance32
3;0.036219190271747824
2;0.4548164147945284
3;0.5186515858016832
4;0.5214813098417644
3;0.5288715389606131
4;0.530095115537117
4;0.5573373056303779
6;0.5881028327034562
6;0.6171050656312983
5;0.633811383546983
4;0.6379161632489392
6;0.6482938049746375
5;0.6523145924846727
5;0.6598278295233031
5;0.66989984804743
5;0.6822840903323816
4;0.6855229376298858
3;0.6863948307705389
6;0.6889118871026294
6;0.6942337407597796
6;0.6954817021661962
11;0.7044927096465702
4;0.7071831692135948
5;0.7087562616855128
4;0.710819760181229
5;0.7142645238202172
6;0.716801088016238
3;0.7194303145659269
6;0.7232495208153508
5;0.7241788537775761
4;0.7276425833953851
6;0.7327688165281254
3;0.7332966126244562
4;0.7335106572425778
Instance34
2;0.06281042987957196
2;0.10640633781670743
1;0.2584046657606205
3;0.5209020262001345
3;0.5462959989613948
3;0.5550446232692348
4;0.5739902169720982
6;0.5764684198026065
4;0.6407759749756478
4;0.660778407087352
5;0.6735236142318836
4;0.6762130699328173
5;0.6802819839153612
4;0.6935800076746206
3;0.7077368202766966
4;0.7245865329199852
4;0.7282180156871373
3;0.729219170594806
4;0.7355515901971538
4;0.7385183152905209
3;0.7393214206321659
4;0.741293879498422
4;0.741961507455772
3;0.7455838053155143
4;0.7463088389441755
4;0.7479190680244572
6;0.7492491574287397
4;0.7521866056297382
12;0.7529225463359488
4;0.7547319730956805
3;0.7549690585181961
Instance36
3;0.17998141367477855
2;0.18427909500105574
3;0.3891680078154518
4;0.39561854009743735
3;0.5281383013173733
3;0.530350918851256
5;0.547324310514894
4;0.550775171114883
4;0.5595956695387991
4;0.5601492646827347
4;0.5613316780899514
4;0.5613357918542906
4;0.5618752826633491
3;0.5624041952212492
4;0.5649888145875216
3;0.5651709955796872
Instance38
3;0.18506640174809458
2;0.190267413535419
5;0.19800663753507322
6;0.43039977729410794
5;0.6618365006059334
4;0.6712792693667666
6;0.6801789802136606
5;0.6855761497498458
5;0.6902856889073075
8;0.6936764599091068
4;0.6973758141550682
4;0.7041069380301919
3;0.7041883359725496
3;0.7062293590048043
5;0.7069230638568383
5;0.7119903894922756
8;0.7324899145724836
9;0.7384775229144284
5;0.7405884023897515
3;0.7441547256702178
6;0.7469659919182163
7;0.7496102101501819
8;0.7525265647864484
4;0.7526504840419782

