[[-0.76523708,0.4066146,-1.09555588,0.30584878,-0.09288256,1.17759343,-1.16846936,0.26552815,0.48216169,-0.0970333,-1.27820056,0.85189721,-0.77559944,1.01737105,-0.44320684,0.64552816,-0.50595782,1.98430186,-0.57256941],
[0.52799306,-0.72192413,-0.64235861,-0.58460465,0.13728482,-0.22260033,0.73433329,-0.68869151,-0.34036392,-0.39980646,-1.09860075,-1.41579746,1.37098312,-0.3065964,1.05025843,0.06225226,-0.51834398,1.41904532,0.02521151],
[-0.04071495,0.63998996,2.4043729,-0.24238518,0.55133675,-1.48354142,-2.43513815,-0.27549143,0.19640727,0.28923778,0.11988074,-0.07758975,0.86892712,-0.58542717,-0.29501767,-2.03034415,0.21178689,1.74980244,-0.17563215],
[-0.95176643,-0.82617356,0.21306724,0.83152635,-1.22713421,-1.62302492,0.2023788,0.24718838,-0.26146236,-0.26489015,0.66926324,-0.38120781,0.64457277,-0.63933193,-0.7218961,-1.86678269,-0.02404412,0.23862292,-0.65408937],
[-0.62348337,0.38973509,1.35110445,0.62009932,-1.74200997,2.07911133,-1.25535644,-0.29140205,1.50842057,-2.88554239,1.60922889,0.98200276,0.84453846,-0.72817602,1.36999982,1.67502031,-0.81806148,0.37149675,-1.552633],
[8.04143318e-01,-2.12523854e-01,-1.66793948e+00,1.09807544e+00,1.59695600e-03,7.85141481e-01,1.04014678e+00,3.58206552e-01,1.84233725e+00,-9.40698943e-01,1.35501345e+00,1.14658851e+00,-1.82795798e+00,-1.38982850e+00,-1.58545691e+00,1.15806436e+00,9.96663374e-02,-2.56607568e+00,-4.98372679e-01],
[-0.74849472,-0.79606106,-1.81817251,-0.49609293,-0.40684941,0.47942964,-0.26426422,1.15963548,0.58708324,1.61493566,-1.20579149,-0.94357043,1.27874319,0.72742411,0.24984755,-0.20054381,1.38142378,0.26969389,0.61753331],
[-10.5782026,8.83029877,-10.93971953,-10.0998567,9.40259837,-1.1296417,2.05522807,-0.99333104,0.55503459,-0.54440063,-0.1902345,-1.27430396,-1.44064516,1.13412962,-0.6108106,0.37375868,-1.12432636,0.24663674,0.46610962],
[0.43399314,1.23370917,1.71059944,-0.18133106,-1.55764324,-0.99448901,2.01523194,0.83071158,-0.85723294,-0.08364803,-0.789124,0.2288639,0.00894479,-1.28267802,0.85084852,2.13618133,0.28492175,-0.73056012,-1.84916315],
[0.3972138,0.43962331,-0.82928931,0.30078103,-0.14150725,-0.32706443,1.3349196,0.70101888,-2.50021732,-0.36994059,1.95266131,-0.22179403,2.13711325,1.16540401,0.87328393,-1.38007677,1.558478,0.518796,1.5158868],
[-0.86715722,0.18172204,1.13354989,1.30561433,-1.25349397,2.00176142,-0.24423446,-0.8577913,1.93311878,-0.36347077,0.32558861,0.41061545,2.38984746,-0.61581594,-0.856312,1.00187663,1.08945823,-0.12457859,0.48535837],
[-0.39796502,-0.12739308,-0.68643381,1.55975359,-1.09279535,-0.15791303,0.58880361,-1.25987358,1.10881452,-1.53808931,0.58392858,0.45148553,-0.36895141,-0.05916779,-1.47631208,0.06670149,-1.53268503,0.82746468,-2.32840544],
[-0.47313378,-0.498804,-0.36939733,1.64762681,1.85946513,0.24579595,-0.33847432,0.83610648,-0.99684053,1.55699444,0.88118469,-0.2202045,0.17776031,-0.11446075,-0.01408522,-1.63255347,-2.15284935,0.0290701,-0.172023],
[0.22247419,-0.11349747,-0.45452722,0.52249521,-0.67516794,-0.10837108,-1.07932085,0.31315388,-0.45437129,1.4207149,0.82782689,-1.28378991,2.43473561,1.17933027,2.50292913,-0.52886411,-0.4567707,-0.37399822,-1.05889451],
[0.37232435,-0.21080282,0.53057618,0.5695162,1.14547434,1.20546907,0.65015296,-0.09833103,0.28932275,-0.98243298,1.47125765,0.87483422,-0.78163111,0.94389037,1.42294341,-1.4878601,-1.71763729,1.70138595,-1.16345471],
[1.36114057,0.41928694,0.0977236,-0.95488449,-1.79758804,-1.52793557,1.809849,1.45534223,0.40887038,-0.19995024,1.01400403,-0.66607998,1.70586898,-0.01400519,0.34319691,0.41371879,-0.78390012,0.12117866,-1.02699498],
[-0.06284688,0.70566151,-0.04996669,-0.73650402,0.10576243,0.51699192,1.40086636,0.72236946,-0.18555091,0.92870994,0.67450467,-0.18197506,-0.86803981,-0.86093057,-0.19054789,-1.23973575,-0.67284236,0.71902716,0.73024315],
[-0.40049978,-1.52154283,-1.73935629,1.67141678,0.2368525,-0.97555522,1.34028406,-1.12960074,1.94499625,-2.05264422,0.42764467,-1.31883136,0.42568952,-1.14269262,-1.15259212,0.29071702,1.07744049,-1.50438548,1.29778731],
[-1.01459415,-1.80735169,-0.19929662,1.25857771,1.06699703,-0.78284698,0.83762385,-1.04269101,0.99058125,-2.31489251,-1.23552351,1.05451161,1.13728198,0.47873978,-1.08026158,0.04441063,0.07627617,-1.54564774,-0.24903071],
[6.74865681e-01,1.61916354e-01,7.82076268e-01,2.07626120e+00,1.58318799e-03,1.28700351e+00,-1.38358657e+00,2.62488579e-01,-6.13062432e-01,5.09795191e-01,-4.05716823e-02,-1.13339523e-01,-2.53276863e+00,2.09966752e-02,-6.69174340e-01,5.38144510e-02,-2.34731098e+00,1.81912864e-01,7.22240199e-02],
[-0.66626708,-0.09833419,-0.82235114,0.64916443,-0.79440185,1.87642163,-0.50907712,-0.54155226,0.61448921,1.87202394,0.12975187,1.06406387,0.88434243,0.91805297,0.56600757,0.06056989,0.14996224,0.89075847,1.05852446],
[-1.22314272,0.52922003,-0.06119734,-1.26847825,2.52116358,1.28842485,-0.64617678,0.75486369,0.60253181,0.24031275,1.64550628,1.45951124,0.37459859,0.18286606,-0.10365263,-1.0425219,-0.13013892,0.23649113,0.1233385],
[0.37839985,-0.13080621,0.64689679,-0.95923748,-1.77303565,-0.41107517,0.50438447,-0.69372782,0.95510169,-1.9742353,-0.82423542,-1.38888404,0.4462034,1.40950617,0.78932387,0.17667946,-0.16827395,1.27868293,0.95788238],
[-0.34243153,1.45837226,-1.17990399,0.94492938,-1.88644061,-1.75368589,-0.37744762,-0.46071143,-0.92490345,0.81450475,0.79869843,0.39642974,-0.38483147,0.47119207,-0.25972715,0.9990855,-0.63618543,-0.02733138,-1.295527],
[-1.9738686,0.27117369,-0.6417885,-0.94743603,2.19071507,1.27251885,0.09680124,-0.19923209,1.14084412,0.23988642,-0.66439047,-0.42868484,0.30410614,0.1157775,0.52562157,0.47511804,-1.29396391,-0.20713113,0.87070469],
[-1.17002416,-1.28924655,-0.04393368,0.98197748,-0.69456994,0.66219035,-0.71047168,0.7381869,1.24633889,0.37934192,-0.32794869,0.02772772,0.75184454,0.68356796,-1.28735392,-0.10387979,0.38149791,0.05891046,-0.43596746],
[0.03213947,-0.93946653,-1.42743264,0.02740443,-1.25988122,0.57310133,-1.25950777,-0.7198075,-0.01040244,0.37409759,-0.42599134,0.32596296,2.26219522,-1.03867019,-0.04725142,-1.12027002,-0.33777304,0.10524993,-0.80343341],
[0.95929893,0.96715615,1.20715208,-1.97896384,0.6010175,-0.66094645,-0.06296806,0.18115886,-1.03854714,-1.33957181,-0.10190648,0.23013722,-0.94954699,-0.02679193,-1.26598165,0.84021895,0.56662077,0.01192895,0.07380609],
[-9.73361998e+00,-8.85448353e+00,7.58161991e+00,1.15795568e+01,-1.11328972e+01,-1.10398510e+00,4.84666485e-03,-5.59781862e-01,-1.00325683e-01,5.54419423e-02,-1.75513837e-02,-1.87156975e+00,-7.75016285e-01,1.17275842e+00,-5.33264220e-02,2.77278405e-01,1.75430073e-02,6.72128329e-01,-1.40372368e+00],
[0.25197128,-1.26007179,0.09757668,0.11980494,-0.92729657,0.64099334,0.06736892,-1.17386035,-0.48290775,-0.04261493,1.76683548,-0.45747916,0.390617,-0.46393261,0.26504853,0.86846044,-0.97236232,0.29109755,2.51072569],
[-1.10903632,-1.31629631,-0.22231875,0.46843739,0.01733061,-1.1661493,-0.85881927,0.18367656,1.27733084,1.38681274,-0.01097785,0.58999767,-0.10601002,0.46376038,0.74687365,0.98558246,-0.27320054,-0.87138582,0.47056743],
[0.05803849,-0.24280724,-0.30202221,0.01107604,1.01413956,1.37178341,-0.33427826,1.09970898,-0.23765325,-0.86666752,-1.16143099,0.48456881,1.5793712,0.35260683,0.06849916,-0.04655793,-1.27381063,1.27456038,-1.94004864],
[0.56106472,-0.45734273,0.79456662,-0.1757711,1.63702974,-0.35600752,0.44471501,-0.52189904,-1.06725148,-0.60649924,-0.76476092,0.0923138,1.99175396,0.68285573,1.83589019,-0.5151637,-0.0146498,-0.32073523,-0.92432394],
[9.17841122e+00,-7.97227666e+00,-1.21810034e+01,-1.10059995e+01,8.69727804e+00,8.33927140e-02,-6.36439412e-01,-1.71088234e+00,1.11883338e+00,-5.45868577e-03,2.61080712e-01,5.11376700e-01,7.82323596e-01,1.89794743e+00,3.53120335e-01,-5.27625018e-01,4.79263356e-01,2.46534160e-02,3.05384184e-01],
[0.35811151,-2.0263547,0.03014318,0.63045657,-0.55223638,0.12978066,-1.77757477,0.96803185,0.95447123,0.23014112,1.76430427,0.15941499,-1.12535309,-0.4755382,0.48902445,-0.36985577,0.209908,0.69628891,-0.93605753],
[-9.43798059,-8.82546158,10.27865098,9.53917034,-8.76728582,1.76759769,-1.95975033,-0.1091274,0.6781874,0.71700514,-0.10278951,-0.09065711,1.1096501,-2.23876411,1.85524175,2.63904605,-1.44535637,0.14391762,-0.39575034],
[-0.26630516,0.34852745,-1.09678373,-1.54110267,0.53880562,0.20926914,1.15949593,-2.29925894,-1.24066033,-0.41961423,0.88026301,-0.36279197,-0.7710853,-1.76593508,0.83884752,0.30540861,-0.70281084,1.43357883,-0.00253081],
[-0.71369473,-1.2459519,-0.97499211,-1.61772927,1.33861933,1.12101189,2.30358606,0.60492435,-0.75949617,-0.34360902,0.98238725,0.72221596,1.05591765,0.0597412,0.14344343,0.28948158,0.61284953,-1.21827721,-0.57112871],
[-0.92915888,-0.14772164,-1.94494628,1.32609645,1.05270848,0.84022942,1.88422027,0.39486363,0.24310818,1.53442115,0.86083781,1.5074541,0.66249522,-0.65074983,0.20533953,1.04454607,-0.9739745,1.40753527,1.23286768],
[-1.14600563,0.78700355,-0.80518961,0.26824183,-0.01433841,-1.65628445,-0.91669269,0.2182539,0.92759473,-0.15228699,1.04436112,-1.24317551,0.67106499,1.18301572,-0.62878007,-0.52777184,0.3366555,0.65748862,-1.33286462],
[1.04969260e+00,6.16627370e-01,4.47323363e-01,7.80436370e-01,2.41237615e-02,7.45136763e-02,-4.94849712e-01,7.35932603e-01,-9.96824335e-01,3.97415511e-02,1.27944760e+00,-2.31225902e-01,2.01029210e+00,-4.55171017e-01,-1.52966183e+00,1.31415467e+00,-4.06762517e-01,3.53215011e-01,9.53094887e-04],
[-0.02762506,-1.31547464,0.73305169,0.98691391,-2.38377948,1.75034657,1.22622202,-0.09494505,-0.20470476,-1.59611829,1.51301668,-0.38621323,1.58404664,-1.15889057,-0.36440926,0.61350008,-0.28918993,0.86826777,0.08142282],
[0.41971578,0.62979417,1.27953611,0.64230896,-0.37132239,-1.11409173,-0.01534546,0.12994174,-0.2398625,0.67554505,0.27871528,0.26033396,-0.41791002,-0.49619799,-1.13119008,-0.4262504,0.78571071,0.22580505,1.10468591],
[0.95038252,-0.69175955,1.7945743,1.06468215,-0.17064012,0.7927074,-0.54077655,-2.89130409,-0.16601641,-0.59585688,0.08681156,-0.16895372,-0.5163104,-1.04197236,0.38488277,0.83656523,-1.27205539,-0.15048526,1.39579604],
[0.06214229,-1.21348002,-0.36142547,-0.25590695,-0.70551162,1.58552362,-0.8443815,-1.89540042,-0.51512833,-0.34419949,0.38776262,-0.57648939,1.32616121,0.10587091,-1.20979551,0.32091784,2.10502337,0.63358699,-0.88578469],
[0.62564219,0.00867534,0.09793975,-0.05893872,-0.80924354,-0.12506836,-0.7321138,1.94039607,-0.2262725,-0.00727528,-0.36394994,-0.81719964,0.89163426,0.86127685,0.9779607,0.19014217,0.51225911,0.38487657,0.41203845],
[-0.90717691,-1.4449916,-1.78885241,-1.95951896,1.48333955,-0.06313282,0.15031024,0.31228199,0.97068487,-0.04082477,1.20816734,0.73456256,1.19832201,0.43323261,0.93160355,-0.2121404,-2.46391405,1.34617078,-0.18515627],
[0.62358638,0.37518518,0.29773131,-0.8725528,0.96384747,1.73110954,-2.04063601,0.27469152,1.02387074,1.12778344,0.0059718,1.19829885,0.96503736,0.03570471,-2.04811803,-1.81065826,-1.0059998,0.4869547,1.0709549],
[1.78855417,0.85037695,1.33727306,0.14150259,0.30565222,-0.05510392,-0.80236969,0.20105419,0.46942838,-0.70875454,-0.21433049,0.78578982,0.61419353,-1.23694892,1.03710877,-2.51546431,2.27590194,0.24045218,0.35424125],
[-10.09498532,-9.39871452,7.13784148,-11.07717603,10.8735769,-1.51215189,-2.0823092,-0.02831254,-0.56433729,-1.52431381,0.25876034,-0.23233801,-0.87118572,-0.60763827,0.61479599,1.35444349,-1.91050532,-0.75598083,0.52890863]]
[-0.13405803,-1.78583058,1.42014215,-3.5461488,2.83666438,0.39617311,-3.48686129,-11.34640152,0.78176736,-1.09673573,3.53439169,-0.33309115,2.15438354,-0.46821043,2.5822562,-2.25134402,2.14922091,-3.53683423,-1.82317949,4.76149737,-0.17090945,1.86748372,-3.30270499,-2.49406349,-1.33000406,-1.26794691,-3.7864709,-0.17213538,-11.38638569,-0.36846904,-2.6797713,2.34018197,2.01113381,-11.52094492,-2.49395017,-5.47956775,-1.28996362,-2.28976308,0.87632331,-2.94755674,3.39567542,0.63567233,0.96042248,5.27343618,-0.24158297,-0.75709797,-4.85905701,4.03530609,3.42689199,-14.17118217]