[[-0.020764,-0.67135658,0.62181533,-1.28589213,-2.1975945,-0.67062238,1.564491,-0.12436361,-2.02255192,-0.46498742,0.50830046,-1.19814995,0.62108324,0.20941366,0.41831896,0.38890634,0.51097694,-1.51955882,1.5834667],
[-1.06520183,-0.95978667,0.22667639,-1.85581004,-0.37880134,0.93035363,0.20734427,-0.23656972,0.14322817,0.32735464,0.66442661,-0.64028487,1.08512238,-1.64407028,0.20826611,0.07035163,1.15648778,-0.17778002,0.60673761],
[-0.01408154,-0.73669387,-0.0653182,-0.17392762,-0.33946761,-0.61696066,-0.62381919,-0.64037283,-0.22958839,0.67760789,-0.84987521,-0.35716538,-1.60299426,-1.52270768,-0.4946286,0.779542,1.283197,-1.60552944,1.00296033],
[-1.29727545,-0.20462043,-2.160312,-0.09702258,0.90655977,-0.33580543,1.07020448,-2.11422872,0.69815571,1.46160044,-2.22826489,1.14297052,0.99945934,0.10901002,0.24347939,0.09043148,0.4691629,1.40330726,1.37999862],
[2.44947381,-1.02320317,-0.29566611,-0.79424181,-1.05985367,0.57095121,0.72811552,0.67911544,1.47719156,1.46635359,-0.66175739,-0.88362168,-1.66424387,1.04007905,0.98265856,-0.33650882,-0.75963862,-0.12835741,-0.99328113],
[0.6689898,1.0616347,0.90050945,0.27526641,-1.41209899,-0.83191693,-0.56414163,1.4511265,0.65361397,0.08661383,0.59732673,1.43798491,-1.42199931,-0.74433675,1.7564411,1.45244674,-0.26149092,-1.7032185,-0.84899062],
[-0.25727001,-0.40626743,-1.92403735,0.64924328,-1.04368529,-1.87099301,-0.90702944,-1.14730913,1.86794626,0.55892596,1.37586328,-0.87887124,1.55205919,-0.94640873,0.73298534,-0.43164306,0.64358662,1.10443502,0.73945775],
[0.18099154,-1.07880079,0.59600685,-1.17636308,-0.84749623,1.0195778,-0.72370392,-1.26481773,1.02477941,0.08212885,-0.08426085,-1.18623219,0.96879905,0.20516894,-2.11755272,-0.41194276,0.41676916,-1.2837611,0.74974531],
[0.31528418,-0.92668641,0.7178826,-1.39395709,0.44995301,-0.07390295,1.13197041,0.34043623,0.25124699,0.68203713,-0.27233751,-0.10584037,-0.46779167,-0.30459596,-0.41646414,-1.50129591,-0.1990933,1.09126734,-0.62829497],
[1.23870579,0.18930951,0.00560773,0.68903793,-0.20963512,-0.80588067,0.31740025,0.09436711,0.87608731,-0.75840301,-0.83462759,-0.06154191,-0.66986802,0.2064864,-1.01852961,-0.21661949,2.02342516,-1.60657908,0.09191556],
[1.51756225,2.98144116,0.75523475,-0.45192013,-0.81507348,-0.40534666,-0.31262305,-1.03738199,0.3591918,-1.62899814,-1.13634249,1.13473616,-0.76340029,1.08030754,0.77597599,0.39189723,-0.53182601,-1.96538779,-0.70293251],
[1.64701357,0.19761585,1.33943203,0.08021218,0.08232513,-1.00624228,-1.23927504,0.86327383,-0.50359402,0.07944366,-0.10411363,-1.23516379,-0.78666713,0.61490082,0.44167303,-1.02925499,-0.59386886,-0.39505098,-0.27072482],
[0.98262374,1.11832243,1.86807791,-0.05544704,1.33260619,0.3139833,-1.26622483,0.26256189,-0.68198334,0.33759046,-1.04526653,-1.25729081,-0.77244559,0.83101052,0.23814003,1.36650875,-1.2745127,-0.68720963,1.05552207],
[0.4006033,-0.82726419,-0.4541445,0.98396642,0.30615118,0.94323486,-0.20001759,0.18070143,-1.05142832,-0.74140708,-0.9180805,-0.60633399,1.01300864,0.60546584,0.42951541,0.41527867,0.50467162,1.44422299,-1.66947056],
[1.41053783,0.25375263,1.04307083,1.69161396,1.44024984,0.67102021,-0.23420347,-1.65031767,-2.23219124,0.15147316,1.15606636,0.17395063,-1.11578548,0.90605686,0.00942991,0.043264,-1.45025233,0.50009447,1.2371006],
[0.98288277,-1.58488815,-0.68245473,0.56957878,-0.30312293,1.04362337,1.6461852,-0.18001674,2.49642693,1.54420339,-0.78645354,0.89479753,0.41455685,-0.49720657,0.74873652,-0.32063941,0.40633109,0.48185552,-1.51756922],
[-0.39038244,-0.04213991,-2.16797468,0.78991157,-0.14014258,0.13409837,-0.02763058,0.95905516,0.7862932,-1.32583439,0.58406266,0.97877646,-0.16800512,-0.45667174,-1.19238898,0.51107175,1.69280755,0.53122771,-1.09184937],
[0.35098925,0.51892063,-0.74852504,0.86253779,1.88858537,0.67201522,0.27431783,-0.00428009,0.79640834,-0.78409607,0.60675249,2.1118118,-1.19802527,-1.19684633,0.75540765,-1.50462764,0.51284128,-0.17828251,0.16281612],
[0.25711862,-1.09078311,-0.93510559,0.1606884,-1.00217672,0.65198936,0.54223835,0.02359551,0.57543683,0.81988277,-0.57132638,-1.72716738,0.88488786,0.5072476,0.37986831,0.34916823,1.90635929,1.10069825,0.58663007],
[-0.40589895,-0.72936276,-0.05897424,0.37388767,0.36591119,-0.0585007,-0.62862562,0.30131629,-0.31452685,-0.94151435,0.4617006,-1.28065905,0.63472992,0.119582,0.29211662,0.78626087,-2.07438855,0.61173896,-2.26860337],
[-1.10708769e+01,-8.93684562e+00,1.12738857e+01,-7.35272623e+00,-9.02331783e+00,1.06168470e-02,-1.47648498e+00,1.11568878e-01,-6.71645307e-01,2.72835792e-01,-6.26168836e-02,-9.56902205e-01,-1.08508060e+00,4.33964808e-01,8.60204920e-01,1.03826353e+00,1.35847587e+00,8.45482989e-01,1.11296441e+00],
[-0.7404975,-1.3589083,1.79133821,-0.4155274,-0.27357723,-1.59864157,0.81278228,-0.85679456,1.07265265,0.02296244,-0.7191238,-3.26631319,0.27045598,0.3217844,0.70666454,0.61269329,0.09289068,-1.26376587,-0.64850217],
[-0.72436338,-0.627847,-0.36056499,-1.11376823,0.18868022,-0.05180998,0.2024924,0.25738018,-0.03442009,-1.90337813,0.62649038,1.32444715,-0.08376964,-0.42661248,-2.32498255,1.80784024,-1.20018836,-0.2852942,-1.034532],
[1.32619259,-1.3223502,-0.11881825,1.66871438,0.33326377,-0.52436314,-0.67681531,-0.12880959,0.23698944,-0.39845604,0.87710893,-1.36518423,1.88378738,-0.67284862,0.14400638,-1.97184274,0.65212058,0.82503906,-0.68164088],
[7.73926645,-10.54365392,-8.99156802,12.63161044,5.6199307,-1.01506473,0.84011584,0.18755762,0.97159047,-0.89749607,-1.2881031,0.2510448,0.10662913,0.13423527,-0.01443843,-2.1452502,-0.2538907,1.11477688,0.61456894],
[1.1965881,-0.03462632,-0.67790016,2.23982473,0.05917824,0.38888991,-0.25564362,0.86127779,-0.94863724,-0.50414933,0.31384055,-0.76339438,0.4581284,-0.20939331,1.55753687,-1.57752626,2.00314857,0.17756915,1.90946941],
[-2.18858314,-0.13898931,-0.83226946,0.92057797,-0.16210543,0.02111593,0.24154481,0.25907748,0.65040427,0.84651335,-0.17164594,1.05072066,0.66330885,0.96224055,-0.15029192,0.96562823,1.68983706,-0.27555903,-1.22373584],
[-1.17377259,0.57960249,-0.35901057,0.61247335,1.2152026,-1.12210331,0.84027192,-0.94117606,-1.0246299,-1.37515788,0.26552209,-0.06321208,-0.86476233,-0.4373937,0.91884957,-0.37808874,-0.19328549,1.46347451,0.29900495],
[-0.93038224,-0.32350776,0.76727844,-1.09202157,0.38559367,-1.25308445,-0.97918218,2.72198802,-1.65931052,1.94931796,-1.35051383,0.49547149,-0.28841938,-1.66617464,0.80361432,0.27476657,0.48632609,-1.62931951,1.87904227],
[-1.39980874,-1.27349159,0.0866214,-0.82389726,-0.45154124,-1.29441321,0.53095251,-0.92070969,1.10440807,-0.20326608,-1.57207295,2.43980503,-0.00400842,0.11356935,-0.25843803,-0.5593031,-0.6160066,-1.277068,-0.47607492],
[7.99468873,11.08725651,9.02924173,9.17456401,7.61961115,0.16488407,0.02887363,0.49460932,-0.9402675,-0.09958347,1.16827254,-0.57615942,-2.87274212,0.30119524,-0.89437305,-0.69152313,1.25162953,-1.21348881,-0.75908704],
[-12.86328115,-9.90087738,-9.80412379,-8.6013564,-10.83914167,0.50735533,-0.49843664,-1.14654903,-0.83516966,-0.31851235,-1.05105878,1.8016096,0.06290585,-0.19739165,0.06204772,1.07813049,2.09752299,1.14502703,1.51418924],
[-1.06512584,-1.17691437,0.26389582,-0.14864277,-0.53238874,-1.96028956,-0.4071576,-1.91141481,-0.26687542,0.26484438,-0.87066363,2.99659848,-0.3385525,0.07972096,-0.21688802,0.12657969,1.06675939,-0.91037213,0.18696447],
[-2.03648047,0.58447067,0.47854202,0.55613388,0.49933086,-0.21634215,0.66930181,-0.75058345,0.68429991,-0.5249024,0.20954065,-1.13558156,-0.81355558,0.05552084,-0.97973258,-1.10935634,-1.95087593,1.25040535,0.79095276],
[0.78287188,0.21864407,-0.21780636,-0.8681831,-0.49666334,-0.89576575,-1.03526947,-0.91342175,-0.78845412,-0.32714959,-1.06828275,0.0976965,-1.7182424,1.79602773,1.2906827,-1.01370181,0.68536722,-0.39578413,0.06403287],
[-1.28888253,0.44468405,-2.12437911,-1.0896684,1.09814238,-0.14386982,-0.16060894,0.29904043,-0.73302196,2.07365112,0.53579557,-0.48342371,-1.28604245,0.10391304,-0.92405949,-0.06245647,-0.31102696,0.92100335,0.85309462],
[0.65108816,-0.07135064,0.72444879,-0.05556815,1.51650882,0.57892795,-0.147417,1.08904108,1.0881759,0.53456468,-0.59327402,0.0319753,0.84601905,-0.20595741,0.79300839,0.15049257,-0.77483478,0.89233199,0.24729452],
[0.89900194,0.63755041,-1.75401154,-1.08570774,-1.18853398,0.27681294,0.22157742,1.04546779,0.32357688,-0.09047293,-0.84558672,1.55765558,-1.79850662,-0.3571976,0.77755051,-0.9318517,1.13846962,-0.35010894,0.01417702],
[0.88240434,0.42606952,0.07300877,-0.06077183,0.78430567,-0.55665451,-0.46986887,-1.22061628,-0.39872193,-0.4004913,-0.86101952,-0.66182672,-0.74904737,1.3612814,0.7565133,0.09707491,0.76115648,-1.60747318,-0.31780662],
[-8.5178641,10.5199889,-9.48456157,9.28363394,-7.99453112,-1.38153578,-0.0211975,1.33607531,0.08168023,1.16798348,1.78354461,-1.207098,-0.38686092,0.27089864,0.67132464,-0.41079112,0.08518638,0.22611304,-1.21616579],
[1.4166384,0.43641806,1.23401851,0.20961491,-0.76030978,-0.08570571,0.28428202,0.71094565,0.83662825,-0.94821396,0.83372704,-0.28959995,-0.6847011,0.48407569,-0.18740075,-0.22104578,-0.90379764,-0.22238716,-0.69798941],
[0.18992637,1.61627091,1.49589388,0.73058879,1.8583318,1.64621144,-0.38140166,-0.36151239,-1.90268659,-0.00988045,0.47082275,0.0312218,1.35469757,0.45757175,0.93216321,-1.29305638,-1.70146119,0.50314543,-0.32375678],
[2.95367477,1.60832234,-0.67115386,-1.09871208,0.97749644,1.38665317,1.27243877,1.00065248,-0.55573698,-2.74185869,-0.89921357,1.14377851,0.92245803,2.68596416,-0.94164277,-0.73213008,0.29502923,-0.95344723,0.24606987],
[-1.14444294,1.66972562,-0.68065141,-0.68564195,-1.23566056,-0.66014084,0.67510039,-0.85810949,2.16168044,-0.6422426,-1.5825739,-1.50977095,-1.47269731,0.74827674,0.41840754,-0.5159283,-0.66000175,-0.58352179,2.06509532],
[1.14470192,2.20884017,1.28870894,0.16344364,-0.32521685,-1.69263662,2.4149696,1.59821248,1.07230259,-1.85411639,-1.2303254,-0.42946599,0.60601476,-1.03816388,-1.11309017,-0.62003931,0.34287609,0.71963913,-0.48964804],
[1.59515726,-1.92438059,-0.1860807,1.55355427,0.38958465,0.62127487,-0.25031804,0.59075338,0.74547828,0.18698282,0.71484048,-0.922032,0.37093547,-0.38867749,-2.00375436,0.22633123,0.64262245,-1.46626796,-0.57382828],
[10.70933097,9.53008711,10.79149383,-12.34783702,11.97407402,0.14110406,-0.55612313,1.26039119,0.07062618,-1.54953405,-1.45908739,0.59201989,1.23981292,0.84371997,0.06753405,0.18964029,-1.49530776,-2.68876228,0.25036566],
[-1.60145662,0.38396602,0.01407065,1.18219241,0.22110533,-0.64370515,-1.68106409,-1.35502905,0.11059129,-0.07805758,0.13919678,0.13726482,-0.7810846,1.36989021,-0.62215186,0.16912421,-1.79757796,-1.78305582,-0.15214808],
[-0.66571657,-0.99473871,1.18305444,-1.36251759,-0.37108648,1.17890679,1.2122456,-0.83830355,-0.57113695,-0.37306335,-0.89156871,1.02174798,-0.23536512,0.19590998,-0.58893724,0.00693318,-0.42037807,-0.23128257,-0.25301391],
[0.17321994,0.70071948,-0.77615523,-1.8571958,1.69460377,0.58755869,0.09543972,1.10560149,-2.13906632,0.94588696,0.17364209,-0.8979265,-0.20318723,-0.30655063,0.71942882,-0.11749393,0.29767106,-0.85184455,1.07554264],
[-0.39393318,0.93840073,-0.21183128,-0.17108618,-0.58680147,1.04135576,0.61001779,0.0801041,-1.29879979,-0.36237856,-0.2711847,-1.03722174,-0.94999953,-0.57664557,-1.32076193,-0.02997629,-1.19524321,0.10426004,0.83783381],
[0.47018505,-0.93740597,0.57266187,1.92132486,1.52089322,-0.12249138,0.64795252,2.50787539,0.67047158,0.55869577,1.38097011,-1.02912236,-1.51257469,0.49832183,0.52730927,-0.77254425,-0.78648576,1.94215162,-0.78054089],
[-0.27333528,-0.33897009,0.7691052,-0.55248698,-1.05831286,-0.87229533,-1.64394919,0.62125705,0.20717642,0.97082055,-1.08280163,-0.19483101,-0.73462753,-0.02773741,1.84476312,0.2063783,-0.36826736,1.43474398,1.97701136],
[-0.80117325,-2.20274012,0.63444643,1.83882601,-1.5457431,0.64477937,0.65404591,-0.32032433,0.27727565,1.78515501,-0.14815955,-2.11164571,0.55053982,0.96568372,-0.59716914,-0.20681449,-1.13311557,0.58373199,-1.036931],
[0.19824466,1.13874654,0.93407628,1.72561528,1.90020861,-0.64916456,0.28653204,-1.29411783,-0.07964656,-0.17660263,0.08729767,-0.46328867,1.33126443,-0.34971636,-0.17748062,-0.41742434,-1.44100254,-0.50962181,-0.2760245],
[1.23952044,0.53874733,1.3456219,-2.18995962,0.26334488,-1.34999637,-1.2288756,-1.03230941,0.40927044,0.5369007,0.33829876,-0.1782326,0.44381009,0.79489976,1.21453162,0.33182701,0.85695747,0.7352766,-0.82250216],
[0.06929793,-0.5249191,-1.12574853,-1.18974253,-0.09121522,0.1299662,-0.27284696,0.72795937,-2.64385624,1.5830619,-0.53853292,0.8588471,-0.31554823,-0.17518242,1.15100131,0.86747875,0.50097973,-0.65484314,-0.0062485],
[0.50569536,0.53981664,-1.31233957,-0.53403371,-0.59797162,-0.28901826,0.98943016,-0.34657215,-1.15377662,-0.2829975,-0.30516527,-0.53771483,0.71436784,0.47979487,-0.41036639,0.64157548,0.31363549,-1.11249421,-0.52246119],
[0.70523648,0.62007873,-1.45501345,-0.52889468,0.55361181,0.64380239,0.05161071,1.9576945,0.1322558,-0.90204622,-1.65900647,0.68417707,0.93444394,-0.64365333,-1.43312808,-1.4892327,-0.85351817,-1.37881127,-0.26722122],
[0.5633639,-1.00075596,0.99374626,1.44694983,1.36213546,0.57235465,0.54556046,-0.13687734,-0.66579598,-0.60262349,-0.99620974,-1.21397861,-0.84923392,0.97440108,0.50291667,-0.23839589,-1.20275533,-0.10626834,0.31948079],
[-1.32158574,0.3863255,0.38440673,0.60042837,-0.02430624,2.46450013,1.62896654,0.75082009,0.34344551,1.70123756,-0.56662471,-0.33477104,-0.17156793,-1.23578654,0.14162957,0.87109947,0.53509181,-1.1178075,-1.35418741],
[-0.52067013,-0.0138668,-1.1533561,-0.50437572,0.06628601,0.71023973,-0.92169047,-0.34608542,-0.79294248,1.84705714,-0.04423114,0.32466217,-0.17488024,-0.25254649,-0.14381855,0.22486744,0.92280248,0.74520873,0.72504196],
[-1.71939122,-1.11289601,0.36693401,0.77497813,0.2789079,0.8602426,-0.5449811,0.18382204,0.34395276,-0.27954951,0.47452536,-0.87154567,-0.7708845,1.18160533,0.60756495,-0.3185071,1.39357346,0.56962652,-0.43107215],
[-3.56876690e-01,-2.10092634e-01,1.36411212e+00,-1.65817260e-03,-2.03211964e+00,3.12734375e-01,7.59687435e-01,-1.68604325e+00,1.84883131e+00,-5.54744892e-01,9.87734967e-01,-1.15510597e+00,-1.53263016e+00,5.23008736e-01,1.94287422e+00,5.83778632e-01,-1.65649537e+00,-2.05219990e+00,2.56415535e+00],
[0.80471875,0.00434727,-1.06422295,-0.35597048,-0.90723266,1.69437756,0.31677958,0.004157,0.91733512,-2.61816111,1.3213655,-0.18658175,-0.4891407,0.15439843,-0.67722564,-0.2930032,-1.35727906,-1.84428576,-0.63142487],
[-1.26190062,-1.30610457,-1.53269859,-1.39229852,0.30631633,-0.36267105,-0.34960998,-1.20946333,0.78878783,0.95948013,0.08317313,-0.36341484,-0.62932838,-2.36338204,1.19141692,-0.66271196,2.42135893,-0.06392858,0.67477431],
[2.24553907,0.55174516,0.61163683,-0.90181489,0.19430382,0.20763853,-1.40613365,-1.85688973,-0.96468972,0.08249165,0.01793933,0.52348836,-0.6563282,0.11278743,-0.56377988,0.81947773,-2.06462476,0.85763713,-0.86142835],
[1.13440491e+01,-1.10790607e+01,7.72391632e+00,8.26836603e+00,7.58243691e+00,-7.33538471e-03,8.86074845e-01,1.81153637e+00,-4.59572685e-01,5.25826947e-01,1.95990471e+00,1.81670054e-01,-1.95594831e+00,-3.66091491e-01,7.16943633e-01,8.54889713e-02,-8.86801751e-01,1.12961415e+00,-7.44656895e-01],
[1.40758442,-0.98030846,1.74181193,1.7674408,0.58263964,-0.87022264,-1.304451,-0.94306099,-0.56939762,-0.00231278,0.06963639,-1.42079348,1.41770813,-0.7144542,0.21917398,-0.79867392,0.57694148,0.41336402,-0.71275016],
[-0.98409878,0.79972095,1.65513774,0.3903697,2.80948911,-0.2526763,-0.06672989,-0.27743296,-0.16910631,-0.23872782,-0.40114951,-0.1853806,-0.35471561,0.63750011,0.28514206,-1.23977834,-0.84832135,0.42779964,0.21855622],
[-0.44916478,-0.03892694,-0.66477899,1.65763374,-0.17313382,1.31253136,-1.1421722,0.52740147,-1.48169403,0.71187277,1.94924095,1.74119121,-0.32651709,0.04391492,-0.38546966,0.74656661,0.88966911,0.33349207,0.47046614],
[0.19494111,-1.37613319,-0.50170383,0.63938304,0.00385272,0.92073391,0.53551938,-0.66885041,-2.04375334,-1.04591615,0.07422234,0.76717799,0.19364225,-0.32102628,-1.01158928,0.14846444,1.21484848,-0.55211856,1.67426994],
[-1.04485179,-0.5657961,1.20196988,0.45480145,0.91193433,1.36439338,-0.69322277,-0.48172662,-0.52317575,1.70987764,-0.57836798,2.46546629,-0.84351882,0.25194996,1.14496112,-1.06714173,-2.81136673,-0.55929829,-0.89976969],
[-0.21519916,0.47458184,0.49815365,1.33076405,-0.1069903,-0.90798893,-0.14838488,1.28596521,-0.48484265,-1.18759635,0.36516124,-1.38788374,2.55677065,0.71061693,0.82140205,-0.73088092,1.25187657,1.73464355,-0.33133849],
[0.20771743,0.35534333,-0.45742715,0.49544944,2.12229522,-0.32451548,-2.34036608,0.11070272,2.05954718,-0.90131716,0.83497173,0.12586868,-0.10295597,-0.62912219,-0.13695995,0.27164508,0.38716614,1.85066171,2.6209361],
[10.28972815,10.82485089,11.3238901,-8.95855784,-12.00182233,1.03190482,0.28514536,-0.0482369,-0.71352507,-0.60866276,-0.07608909,0.23836736,-0.74308021,1.04023164,0.57597452,0.19799677,-2.0956262,0.98042226,-1.87447495],
[0.85814691,-0.65225284,0.989904,2.65813986,-0.32665362,1.04935505,0.74322018,-0.27939391,1.0827213,1.37182976,-0.51966909,0.50388779,0.89860861,0.28005181,0.29456502,0.24895272,-0.30129199,0.68740927,-0.93932969],
[-1.36804378,0.61625184,0.28544844,0.02023735,1.09785603,-0.97031052,0.95892897,-0.29161335,-1.01585312,-1.75964661,0.8994801,-0.0470374,-1.12251704,0.0771392,0.83149833,0.0571553,2.37596459,-0.11262131,0.87114312],
[0.37376455,-1.07621292,1.41836226,-0.0337181,0.83582612,0.08322018,0.0580641,2.11629918,-0.58236087,0.95008677,0.42093715,0.03303124,-1.47599343,0.90857878,-0.15021593,0.02393047,-0.29024877,1.72148427,-0.88938238],
[-0.30278809,0.67477214,0.77870317,0.08150553,-2.05700668,1.18038184,-0.42499351,1.58744966,0.7248676,-0.29761787,-2.25329603,-0.83612751,1.48286099,1.0356402,-1.08642254,1.12577524,0.56617622,-1.35862699,0.36763473],
[-1.91029182,-1.66384235,-1.12282577,0.55117448,0.19080734,0.09897224,0.62073923,-0.90988917,0.47102614,-1.73733623,1.98263639,0.54092877,-1.28493658,0.46752618,1.00233861,-1.39289437,0.17735512,-0.81720149,-0.57063655],
[2.40609527,0.04773485,0.54808423,-0.72576736,-0.38869812,-0.37228869,-0.09271731,-1.81502148,-1.11610912,0.32949418,0.03919344,0.03777445,0.04229717,0.66229653,0.322089,-0.83549414,-1.3112146,0.72386764,1.59310319],
[9.93937140e-01,1.59260941e+00,-1.04782885e-01,1.17076884e+00,3.91547092e-02,6.14329804e-01,-2.92607269e-01,-8.89574539e-02,-1.42584863e+00,1.45024411e+00,5.35430368e-01,1.57910972e-03,1.40002419e+00,-1.28913183e+00,1.73062284e-01,3.07115935e-01,-2.10884150e+00,1.19615976e+00,7.05164781e-01],
[0.41662265,0.39452662,1.6591029,0.18336936,1.70746116,-0.14607114,-2.10337643,1.07500558,-1.28406841,1.43516303,-1.07837503,-0.39304947,-0.57397661,-1.0632104,0.72672019,-1.43509097,0.21142264,-0.25399394,0.08009107],
[0.63712317,-1.35728913,0.44095537,-0.38523759,0.41365697,0.88073551,1.11727486,0.17661311,-1.24093265,1.01941644,-0.29441469,0.4376632,-1.99852938,-1.35830579,-0.22655492,-0.32847896,0.58641975,-0.23054288,-0.83835677],
[-0.37825175,1.28511857,-0.53015787,0.33407552,-0.62734441,-0.42252002,0.10472283,0.46168225,2.59100437,-0.67970235,0.26318934,0.11782606,-0.2259822,-0.60207141,1.51024513,-0.67840863,1.43518614,-0.94599163,0.11077698],
[0.37576718,0.92278897,2.286287,-0.71231508,0.98933718,-0.68480361,-0.27624477,0.41209222,0.74957429,0.70121695,-0.43881193,1.03667049,0.83014367,0.5849663,-1.28821156,-0.62877776,1.2955454,0.84599007,-0.7778481],
[-0.61340474,0.05027515,2.10197958,0.27552222,0.33485794,-0.32487901,-0.99481345,-0.07600345,0.75863866,0.8117121,1.01531695,0.86418649,0.42236963,0.11077983,-0.78945935,0.13402719,0.75410807,0.50690155,0.86797539],
[-0.05146954,1.15280606,0.14767871,0.16944573,1.34901679,-3.65865754,-0.64414606,0.47977055,-1.60893273,0.57356372,-1.2561459,1.29065576,-1.29039858,0.69673513,0.94148195,1.02499319,-0.89551812,0.3544762,-0.33786969],
[1.32926488,-0.45440232,1.02505235,0.73901896,1.31418204,-0.58062294,0.674859,-0.70981081,1.13394324,-0.69703832,0.98253355,1.12027282,1.46121215,0.89787722,0.48729786,0.3238057,-0.35905048,-0.6450418,-1.25519339],
[-9.81230533,-11.24533167,-11.81313895,8.65035352,11.10429964,-0.97910023,-0.37517069,0.06317786,-0.15820301,-0.43532518,0.87953824,-1.21999565,0.9344678,1.26022179,0.1024205,0.05000252,0.53619688,-0.62595639,-1.19129498],
[0.06291264,0.60692537,-1.53755585,-0.43140202,-1.20028329,-0.21593707,-0.74565325,1.26394804,2.28749232,0.65817522,0.44356435,-0.31527972,-0.18818983,-0.33023787,0.05911064,-2.52259857,-0.37095319,-0.42556268,-0.38667464],
[0.57365897,-1.61057495,0.17752083,-0.37017383,-0.08205312,-0.815463,-1.21616533,-0.26494612,0.21108736,-0.38416469,-0.57819534,-1.65511108,-0.21927669,-1.91021968,-0.28201402,-0.36464077,-0.53825656,0.45469219,0.77927896],
[1.5411893,1.53993916,-1.14948659,-0.60788289,-2.26550088,0.04538589,-1.43321765,-1.48681496,-0.09229054,1.43666644,-2.48516796,-0.5213047,-0.45972195,-1.22215434,0.87157532,0.27296777,-1.805429,0.07467445,1.97072042],
[0.8884664,-1.36645732,1.23583054,-0.6863847,1.23942687,0.63363328,-0.76252763,0.54803761,0.77796584,0.46969093,-0.36449917,0.05132509,0.52959547,-1.33874282,1.6633138,1.26206462,0.51347775,-0.85069976,1.36080263],
[0.810527,-0.50495104,-1.31183921,-0.54534802,1.49994372,-1.89767851,0.51805347,0.5345662,1.11242546,-1.26132719,-0.48109547,0.60098731,0.66253527,-1.5820185,1.33851088,1.35239212,-0.3687668,0.41907936,0.24820496],
[10.47536424,8.10024327,7.06573981,9.30324496,-8.82601002,-1.08266837,-0.85495087,-0.44128029,-1.46526962,-0.59332341,-1.25721945,2.0789999,0.40265356,0.73166407,-0.22448086,1.10144185,-1.08727231,-0.96452349,0.13531055],
[-0.92927562,-1.03288168,2.62984736,-1.19793397,1.9244532,0.47040224,0.78949356,0.45692418,-0.51850254,1.69042832,0.16395483,-0.0222465,0.04257313,2.64938028,-0.56147822,0.27778199,-2.18609591,-0.61357747,0.44421339],
[0.20509122,0.59353009,0.50753878,0.38860868,-0.3423876,-0.99151026,-0.53876739,-0.26272255,-1.63732264,-0.85425051,-0.46547057,-1.28808628,-1.0152138,-0.11484744,0.519745,-0.68429647,0.57151818,0.42598055,-0.64036212],
[-0.20610614,0.78107067,0.60871822,-1.25977803,-0.93048961,0.9690729,-0.68271742,-0.47782607,0.94993046,0.49666916,-0.87793793,-0.4398876,0.32997839,-0.42107819,1.02571032,0.65800613,1.97372387,-1.0907738,2.20607403],
[-9.55410076,-9.98303215,-10.92527592,-6.78552392,8.52118124,-1.32913647,-0.47097033,1.11578846,-1.34911761,-0.21593215,-0.48526339,1.78575945,-0.20464294,-0.04796267,0.2840386,0.7687709,0.56056613,0.57013319,-1.48670594],
[-0.69487302,-1.64706459,2.01237811,1.20076111,0.62181875,-0.31340261,-1.14138244,-0.21197652,-1.6494694,-0.50204565,-0.08107672,-1.03074912,-0.07689828,0.35606494,-2.03230996,0.32218907,-1.65704711,1.39324179,0.05929168],
[-0.31625842,1.49770112,-0.11773798,-0.53307474,-2.03499946,0.05285203,-0.17003157,-0.59680115,-0.59394908,-1.6301169,1.08944389,1.0129712,0.18213449,-0.59136382,-0.45887618,0.04893189,-1.73859652,0.55065764,-0.2281654],
[-0.53328852,1.83960655,1.27463427,1.39920493,0.93715115,-1.18095722,0.15848593,-0.24833028,0.6014071,1.03931407,0.64398116,0.86587594,-0.92185048,-0.24374932,1.82159727,-1.52788438,-0.04930201,1.18172548,0.89859331],
[-0.86310301,-0.61349184,-0.32464222,-0.13908508,0.52314446,1.75381193,-1.24036631,0.07222886,-0.67702652,-0.51922782,0.25514787,0.89039791,-0.51599464,-0.62881219,1.44802198,-1.73961289,1.96816018,1.81586227,-0.08115077],
[0.02910557,-1.30357668,0.85953915,1.44283455,1.60433661,-1.87640301,0.13011318,0.71060923,-1.14327544,-0.49992223,0.92146264,0.11234443,0.53505972,-0.36124449,0.27341336,0.58756904,0.96808135,-1.04608342,2.45054928],
[1.12751126e+01,-1.10099653e+01,-1.02881661e+01,-9.30383613e+00,-9.74942397e+00,3.98888345e-01,-1.67978124e+00,1.23317959e+00,2.10018013e-01,-1.38396779e+00,-4.08737144e-01,1.38662498e+00,-1.46147425e+00,-2.73985534e-01,5.86475777e-03,-7.96955512e-01,1.20071973e-01,-4.04195470e-01,1.17424225e+00],
[0.96593647,-0.9352293,-0.4500306,-0.56892646,1.62436614,0.20085286,0.89646598,-1.07867673,-0.40197514,-0.73106932,0.7056365,-0.39086842,-2.15338935,0.46885256,1.39574745,0.71155274,0.8181225,-0.03731493,-0.26638023],
[1.72548776e-01,6.10545701e-02,2.44514523e+00,1.77617656e-01,-4.15762134e-01,1.29931801e+00,9.02697312e-01,-6.82052516e-01,-2.69502262e-01,8.89538884e-01,9.03290326e-01,-8.72333143e-01,3.49924740e-04,1.70317593e-01,1.25905815e+00,-5.44930938e-01,4.99037912e-01,-1.83060001e-01,1.63425229e+00],
[-1.8509242,-0.17617097,-0.61872856,0.60747314,-0.97485781,-0.28798072,-0.26073697,1.16241583,0.07027499,0.31553742,-0.30790647,0.27317057,2.01881205,-0.88345378,0.51060586,0.38495125,0.1966029,0.44406262,-0.57755449],
[0.62043234,-0.48124112,0.90475788,0.83359841,0.41462692,1.71128757,1.63347193,-0.04238742,-1.07684494,0.7875614,-0.05031285,1.56230705,0.24820909,0.02397033,0.30536029,1.25054941,-0.36744938,-0.58010369,1.4928137],
[-0.38765323,0.62321689,-0.91952786,0.22927411,-0.36568477,2.31581244,1.03304796,1.14836397,1.05868512,2.31768447,1.45515444,0.54775422,1.07502193,-0.10859255,0.04333891,-1.57377051,0.57570106,1.7413722,1.76880779],
[-1.0243861,0.58012694,-1.02730853,1.13962265,-0.0732976,0.97501921,0.6567749,0.25307371,0.1105239,-0.03651811,0.05048621,-0.7378957,-0.93878785,0.62793551,2.33281229,0.92544664,0.39790768,-0.1931563,-0.55944813],
[0.35985971,-0.59205155,-2.19643789,-1.69120582,1.51326813,-1.13837388,-2.1503758,-0.99986664,-0.21819443,0.8704222,-1.06883069,-0.47769643,0.51658622,-0.85711888,1.22487273,-1.23325209,0.4141062,2.16861091,0.0635265],
[-0.26212634,-1.1236133,0.26948697,0.58697137,0.09736235,-0.961228,-1.52939852,-0.02866098,-0.42575898,1.49320479,0.295405,1.2494141,-1.07504265,0.04094432,0.03083375,-0.81566642,1.01006126,-0.49315795,0.13806942],
[0.86796341,-0.73740702,0.47326313,-0.54350228,0.20400596,0.05031911,0.70736328,1.8804851,-2.35841239,1.51871308,-1.36461112,0.2643506,-2.50407734,0.14345448,-0.69977877,-0.70145861,-0.33403983,-0.5309933,-0.08033561],
[-0.18285593,-1.64196359,-1.78241701,0.01914351,0.38139165,0.1564635,1.20661396,0.52396687,0.88674871,1.23290187,0.25903279,0.92190994,1.20729876,-0.57080402,-2.30247691,-0.61349497,0.61872617,-2.22571952,0.28113161],
[-0.86734201,-0.46742758,0.33404913,0.72121532,0.60514119,0.25288055,0.59559672,-1.32428804,0.59504484,-0.15787652,1.11739115,-0.93027115,1.36892189,-0.28340774,-0.39266575,-1.34667498,-1.49041567,0.01504229,0.1304699],
[-0.95749128,-0.00347917,0.50496229,-1.68155172,0.95190848,-0.83155821,-0.60480518,-0.1299086,0.94154178,-0.59990929,-0.07886476,-0.83134281,0.58003233,0.08710449,0.19869031,-1.00554257,0.98454536,-0.08239502,-0.29419387],
[-0.68156758,-0.49848103,0.32199384,0.23652433,-0.00985123,0.36123374,-0.57973991,0.22050422,-0.34674143,-0.02349828,-0.62774953,-0.62949168,-0.78555055,-1.08395003,-0.7377699,0.96743556,-0.39133206,0.18520369,0.48075128],
[2.67593289,0.13824797,-0.4601742,1.85085791,-0.68797452,0.78310963,-0.44914669,0.30739161,-0.15412377,0.54607129,-0.36807989,-0.92236009,1.16992645,-0.16710312,-1.00490731,-1.03321042,-1.42744927,-0.52539654,-0.17091406],
[0.6214978,0.35088084,1.53715257,-1.15134969,1.95118518,0.97932178,-0.94387921,1.83994633,-0.28193791,0.1755518,1.46350386,0.24604922,1.23980337,-0.25184738,-1.04574497,-0.7784054,-0.56269857,0.03096495,-0.13843892],
[1.49580672,-1.25398164,0.84105051,-1.47085942,1.87011651,-0.05663612,-1.81033846,-0.91369054,-0.27921397,-1.28045488,0.32205176,-1.44894595,1.13047235,-0.71400751,0.33725531,-0.74549267,0.7350694,-1.05266887,1.6422184],
[-1.17532553,-1.43210372,0.15717943,-0.59273445,0.92844128,-0.63409793,-0.05117756,0.20532722,0.11790693,0.88576684,-0.90882594,1.49665958,0.06803472,0.5356505,0.4196982,1.49732565,-0.48555406,-0.03639516,0.80262638],
[0.2976564,1.8608014,-0.74051338,-0.20663861,2.59942624,-0.61556187,-0.14999822,0.92736437,-0.53652862,0.91523964,-0.30308878,2.95438897,2.58008488,-0.78227598,1.04795362,1.14816884,-0.24414232,0.71530831,1.09054724],
[-0.53318349,0.31214876,2.05703023,-0.19915366,0.22702509,-0.648276,0.34484048,1.17592253,-0.45703152,1.31609303,-0.68070394,0.04652693,0.70932135,1.28664019,-0.6471094,-0.15254812,0.20395065,-0.93946915,0.25860656],
[-0.32219986,0.07096946,-0.53175299,-0.33972611,-0.88792877,0.63533128,0.81651969,0.4489866,0.59090881,1.20813452,0.16141704,0.44437683,1.10175088,-0.34898074,-0.66667888,-0.28978005,-0.49060297,-1.89411477,1.39170895],
[1.90337171,-0.92693176,-0.26353477,0.32216291,-0.18505796,-0.7568374,-0.02570772,-1.10589437,-0.71880505,1.17528952,0.19815025,0.62359233,-0.75412866,0.31160996,0.38839051,0.96554934,-0.03037368,0.3240072,-0.02268082],
[1.56753144,0.13707699,0.26565578,1.19904689,1.15318975,-0.62559891,-0.41163983,0.09595846,-1.60912678,3.13756357,-1.31149745,-0.73641757,-0.08103996,2.16213777,-0.79565227,-0.7629683,-0.61035308,0.12003408,-0.79816895],
[-0.29113253,0.47937357,0.85062429,0.61534573,1.36180956,0.47346786,0.0291595,-0.12942872,-2.2278352,-0.84684575,0.59642531,-1.96157353,1.48047659,-0.25991356,1.03559138,1.51299746,-0.08941098,1.68774592,-0.58668661],
[1.26378482,0.58883695,-0.68566732,-0.13056538,-0.37717679,1.43407224,-0.61487673,1.08538461,-0.74165651,1.12870382,0.93139031,1.4962953,-2.71244628,-1.20904558,0.16386591,-0.2490853,0.9428416,0.63410684,-1.61419533],
[-0.04977505,-1.13932398,0.90605802,0.61813874,0.28558501,0.54844435,-1.46401419,-0.89512639,0.03794635,0.39806836,0.37833788,0.7389544,-1.00489476,-1.64550045,-0.2620002,-0.2350965,-0.3249784,-0.65957438,-0.36241334],
[0.71404487,-1.06327354,-0.60213264,1.17660083,-0.86145689,-0.20284252,-1.78759658,-0.31984627,0.78155096,0.37294769,-1.20591028,1.36195788,1.49226739,0.90863621,1.92739363,0.94850847,0.26987565,-1.25234178,0.32903688],
[0.55723159,-0.74789874,-1.79805399,0.08776484,-0.06833252,0.72114008,0.81960623,0.11574305,-0.50693079,1.55934407,0.66506579,-0.53268908,-2.05492926,-0.87879119,-3.07385781,-0.21802794,-1.96782827,0.54190768,-0.61899325],
[-2.06599687,-0.75684154,1.58096593,1.32334748,0.08405475,-0.90725145,-0.52677254,-0.2848784,0.1214836,-1.04788042,-0.10838032,-0.2070039,0.26220237,-0.3861889,-1.39309857,-0.66160442,2.36113766,-1.5892883,-1.10051881],
[0.05330572,-0.73104011,0.87652376,-1.23651175,0.88812588,-0.09645801,1.08267893,0.15685187,2.45177937,-0.02608005,-0.21424035,0.53548593,0.80340111,-1.75178172,-0.42724004,-0.12349016,1.10809303,0.03025343,1.21266744],
[1.01210009,2.06091269,0.21779354,0.43010881,-0.41567462,-0.51588178,0.63498897,-1.19379506,-1.74326078,-0.30937548,-0.32814398,0.12331159,0.21155339,0.93578558,0.43242364,0.33308126,0.81264936,0.10663117,1.05875767],
[-1.65721825,-0.51115218,-0.37878882,1.33253037,-1.18991915,0.90528986,-0.36193296,-0.23913057,-0.11492092,-0.10647836,-0.80863005,-0.43913488,0.90708992,-1.26771678,-0.45138996,-0.78821403,0.38429867,-0.69645218,-1.17885744],
[-0.88843048,-0.48674235,-0.72317749,-1.03288748,-0.08798734,-0.87640593,1.89846799,0.71702811,-0.19050613,-1.00774781,0.59766262,-0.20952754,0.07778737,-0.5228952,0.91636235,1.61687679,0.24627875,1.47962716,-1.25686831],
[2.65474929,0.85339249,-0.72399618,0.5855452,-1.01175322,-1.35848706,0.34393835,0.35572354,0.81919599,-1.24510647,-1.0793039,-0.37699694,0.82504519,0.42180211,0.51080486,0.12968284,2.13691126,0.99910603,-1.89220127],
[-0.27782035,0.5236309,0.82375051,-0.92245378,-1.27509424,0.37042733,0.09543827,0.28110567,-1.61625306,0.49094511,0.92178829,-0.47147969,0.58261037,-0.34314513,0.98606214,0.54293195,-0.02006581,-0.91329106,0.60597554],
[-1.62310874,-2.38297438,-0.20328951,-0.15349514,1.33374652,-0.41816836,-0.72293184,-0.60031028,-2.21408128,-0.14030081,1.21710148,-1.38257331,-1.42022408,0.25326384,-0.51945831,0.00866146,-0.68090056,-1.83577849,0.59680684],
[1.03656157,1.1545661,-0.80606252,0.76014788,0.94880985,1.25805858,-0.36489318,-0.64002137,-0.4846638,0.34903203,-0.12888664,-0.26114526,-0.45827568,-0.34235498,-2.27875275,0.10961623,-0.526124,0.19788629,-1.01748708],
[-0.4178003,0.95682083,0.33979582,0.31959895,-0.83882838,2.22233484,1.98365585,1.00427674,-0.78329092,-0.82394219,1.2352853,-0.13934446,-0.76814778,-1.60942522,-1.31911566,0.64781069,0.83838143,1.74331936,-1.00677915],
[-0.52900868,-0.82801738,0.81420326,1.29774028,-1.52608265,-1.76478928,0.39896293,2.15171082,0.53093902,-0.22680038,-1.17596145,0.54243268,-0.91248289,0.98171212,0.69795952,0.11182783,0.07124906,-0.32898377,0.33630946],
[-9.42141191,-11.71977877,-10.30021585,-9.62798226,-12.97150088,0.41830648,0.39356939,1.55214691,1.63243151,-0.34435883,-1.11571964,0.71845843,2.10037454,-0.03731326,-1.10700165,-0.33481625,-0.24711429,-0.38468274,0.34721989],
[-1.53081443,1.52847266,0.1244475,1.91668147,0.51918975,1.70309627,1.51147345,2.09964346,0.33100583,-0.18924028,0.89649178,0.33446082,0.61881257,-1.43199634,0.26003671,-1.02140145,0.28897341,0.17507472,0.97209926],
[-0.38747102,1.92972111,-1.1467395,-0.64080808,1.85154168,0.49005083,0.22440833,1.82312827,0.4484984,-0.22992283,0.95512626,0.69172103,0.85045168,-0.08107728,0.7619248,0.52753119,1.41564323,-0.29227091,0.27691397],
[-0.39498019,0.74984336,-0.40223389,-0.05929051,0.7469928,0.06097192,0.56032109,-0.63533379,2.08088669,-1.39421949,0.43576573,1.83392973,1.80071097,-1.10120332,-0.75692475,-1.10848318,0.31830985,1.15696303,1.80959435],
[0.46927149,1.16467222,-1.05326838,2.02604283,0.48272045,1.70860271,0.06756143,-0.89301656,0.31887222,0.68826791,-2.17975904,0.45752862,-0.71988417,0.22621055,0.00559919,0.82532903,1.7485154,-0.46966096,-0.08854518]]
[-3.99748043,-1.6945322,-1.79159314,-3.48977513,-0.50026158,-0.03258302,-4.99380861,-1.69239239,-0.9271893,0.52404715,2.8392029,2.07505904,6.07263127,1.5772518,6.99460007,-0.33842565,-2.2380453,2.68180264,-0.16116837,-0.19084929,-5.66879893,-1.65902069,-2.94250217,1.05007332,-13.12324837,4.01244647,-4.38194673,-0.88774093,-2.31208954,-5.33057017,-11.94498982,-11.08535508,-4.03026168,0.18506793,-1.1544399,-3.79004235,3.98013327,-0.55750445,0.6169871,-9.65385538,3.66066505,7.40055472,4.54981108,-4.16611704,2.25882188,1.77600477,-10.49469068,0.71482729,-1.36479658,-0.34710752,0.73671383,3.61328442,-3.70341927,-0.37295418,5.52459961,0.9125725,-3.48620337,-1.47445872,-0.39165735,4.06557979,1.67875221,-1.32142707,-2.20855114,-1.08745887,-0.0188703,-5.71920296,3.54780203,-13.15988064,3.61364267,4.8045426,2.98480888,0.07857819,2.94226,0.84706898,3.17936242,-6.21637923,6.59632488,-0.59140379,2.03853661,0.03633297,-3.42836652,1.59156017,4.91976075,4.14496609,1.25593024,0.25344751,2.92382527,2.76481485,-1.27291506,4.06645756,-13.40517218,-2.27690206,-1.49227496,0.22864486,1.12971642,-1.51035064,-14.75324743,1.85847215,0.22438906,0.06478073,-11.90778761,1.04265008,-1.43269767,3.95886314,-0.47319889,-0.98645169,-9.44071227,-0.05954962,4.00875761,-2.82606815,2.9258512,1.98192404,1.00714393,-3.20686764,0.1932342,1.06742795,-2.78043504,0.66721341,-2.56304474,0.39567061,3.9657464,4.06209393,2.1463845,-2.8670785,2.38194357,1.03180259,-2.25436128,0.09552966,3.13823743,3.28225136,1.46417875,0.49192045,0.50456625,-0.50953392,-1.09982334,-0.45304025,1.87518227,-2.31675924,-4.11222435,0.95655731,-1.71149421,-3.96345352,5.04949561,2.15620285,-3.81574715,-10.03690443,4.01740629,2.2813064,0.65861198,4.2869024]