[[0.78469469,3.30535566,-0.82031029,0.21648,1.35173921,-1.92400626,-0.28375338,0.45677735,0.22724827,-0.71299236,-0.23274731,-1.56415579,-0.36566007,-0.11503902,-0.43783125,-0.17477417,0.49680609,-1.23953571,-1.74783613,-0.41897276,0.07689955,0.77880883,0.04402376,-0.15669921,-2.20451961,0.70043309,0.05672127,-0.7644601,3.108679],
[-0.95072156,-0.58590057,1.07181898,-0.13865626,-0.41973058,1.20111325,-0.08499618,0.16168717,-0.24777204,-0.65972859,-0.70156687,0.21520996,-0.51052567,-0.68499327,-0.47809582,0.16500229,0.33455649,1.34757919,-1.20510861,0.44188617,0.13734726,0.4258408,-0.16199622,-0.55242315,-0.02817885,-0.42487805,1.39097263,1.04744396,0.70994036],
[-14.36722229,11.5770851,12.38054943,-9.12187237,9.90704223,-0.31375957,0.9503651,-0.28146645,1.22047715,-0.35089763,-1.38588412,-0.46777051,1.35059211,-0.49002781,-0.55091566,0.64877286,1.44853459,-1.29455985,0.77173671,-0.14564177,-0.34033151,1.26986554,0.17162374,1.27792079,1.2036116,0.59733319,0.95490735,-1.45786423,1.82476774],
[-11.51252989,-7.6138074,10.61199383,-9.55544004,10.6794748,0.50062634,-0.56982735,0.50526963,-1.3535702,1.73553391,1.03616478,-0.27595629,-0.02713482,-0.60168935,-0.95943235,1.07128369,1.5202259,1.71992666,0.15694642,0.12181086,1.57682507,0.23244471,0.33538284,-0.28563206,0.42395977,0.17050399,-0.76221888,1.98614136,1.11115848],
[-0.49695368,-0.2932793,1.14424735,-1.47726964,-0.15434901,-0.97057484,-1.47601795,0.71561766,-1.24677699,0.99455346,-0.04878728,2.2555184,-1.26481284,-0.87314997,1.08712359,-0.37490931,-0.9946721,-0.27691295,-1.08699647,1.53703116,-1.04222949,-0.67452769,0.44648281,-0.67590358,0.15629131,-1.16614796,0.04099117,0.63353456,0.41000183],
[2.03710801,-0.0446304,-0.20703489,-1.74571796,-0.71445193,1.14412239,1.44110312,0.37127274,-2.04883116,-0.76722617,-0.37251914,0.86330732,1.81191907,0.20322912,0.29339119,-1.58381252,0.66599223,0.08156428,-0.8516112,0.39944828,-1.31270291,1.06591758,-2.35364255,1.63773513,1.03597807,-0.01681783,0.73712431,-1.41561694,0.13822463],
[-0.90697737,0.41301247,-0.82349319,-1.00010201,-0.33243957,-0.15264352,1.0562937,-0.29858846,0.36563687,-1.60840848,-1.91702908,-0.07962743,0.08697123,0.56258239,1.14445553,0.06297031,1.16971492,0.74170353,1.83441206,0.77182201,0.29291096,-0.0584788,-1.03518798,0.68501838,1.93653852,0.41932564,-0.22290949,0.00380213,-1.41125924],
[0.08779091,-0.95827594,-0.11026363,0.47645796,0.77238173,0.45420889,-0.33177472,0.78255731,-0.06695905,0.12450007,-1.41634926,0.61032621,0.15674241,1.10805552,-0.36786949,-0.72559935,-0.09788919,0.4662799,-1.59080299,-0.98057785,-1.81356998,-0.5256387,0.10069687,-1.31263936,0.34717261,0.64036613,-0.29052971,0.9051884,-1.80510831],
[-0.37028926,-0.82828958,-0.39118019,-1.03494908,1.0096879,-0.83975603,0.9089804,-0.09029387,0.65518654,0.02541174,-0.05402161,-0.40349229,-0.92294805,-0.40401336,0.90959356,-0.15075707,0.13726284,0.99240968,0.73763047,1.42708229,-0.55622291,-1.34740584,0.41326332,-0.85196822,1.21839744,0.52292622,-1.43071255,0.33945068,0.29725613],
[-0.37021165,1.1808636,-0.7192034,-0.31408097,0.2596521,0.48469653,-0.01116007,1.33926376,0.4574748,0.13216982,-0.3663076,0.60309182,-0.09149929,-1.38745593,1.73154349,1.15787547,0.5084751,0.65336001,-0.96228686,0.38801871,-0.75926975,0.63031135,-2.15945361,-0.01063098,1.39727354,-1.08402744,0.22449022,-0.85046546,0.25035029],
[-1.15957443,-0.25168426,-1.49590181,-0.37605183,-1.73488718,-0.28037583,-0.77158988,-1.20332954,1.22456428,-1.21151811,0.77443305,-0.26830457,-1.18505994,1.447569,0.23374818,-1.21525876,-0.22368371,-1.04338586,0.06408421,-0.13929759,1.23454219,-0.21096259,-0.72099671,-0.93164459,-0.58674993,0.64278531,2.01376987,-1.09115468,-1.0751856],
[-0.22893097,1.38091083,-1.42105359,0.93854728,-1.25791876,-0.29635225,-0.6819533,1.61672161,0.45266567,-1.69622572,-0.59933128,-0.25522762,-0.94371811,0.31901958,1.66399577,-2.40183227,-1.29639386,-0.00552294,0.15889866,-1.39134796,1.1300838,0.6203481,0.75202087,1.16174793,0.78713422,-1.08985253,-0.78832788,-1.02966744,0.38928007],
[1.02937922,-0.24434528,-0.15083068,-1.63446884,-0.45087711,1.51191343,-1.33350309,1.78223688,0.36768034,-1.42236877,1.48848633,0.00771226,-1.55053497,-2.69691413,1.59603871,-0.29674159,-1.0611327,-1.21580398,-0.37739106,-0.32785361,-1.25950421,1.68418347,0.29955146,2.12470225,0.2397933,0.6586667,-0.147515,-0.62660315,-1.1719896],
[1.3797549,0.05796883,-1.91657047,1.44553766,-0.68889218,0.71368551,1.5069799,-0.09515617,-0.90426604,-0.8838013,1.81825239,1.53125965,0.43098829,-0.22597478,0.799773,1.05362395,0.34955318,-1.19746698,-1.35720044,1.11293449,0.21695084,-1.05790725,1.05823257,1.2034202,1.19841911,-0.02458654,-0.07106535,1.03574157,0.44302428],
[-0.22717019,1.96083666,0.57220927,-0.42353625,0.16247931,0.16690889,-0.55011576,-0.78710756,-1.36695444,0.40120924,-1.45456372,1.22608337,2.05882218,1.7654288,-0.88600041,-1.40307974,0.1182162,0.73542138,-0.717387,1.37078165,-0.15955653,0.78257185,0.32486522,-0.46569239,0.81860789,-2.46786014,0.98379609,0.80310538,-2.4569463],
[-0.90679074,0.71794491,0.96235155,-1.03892375,1.6671564,-1.3587693,-0.65322087,0.46295125,-0.64424616,-1.78542381,0.47553463,0.94464197,-0.61010581,-0.27305429,-0.37258548,1.99808738,0.89825191,-0.1192706,-0.61736157,-1.34135144,-0.33810709,1.99209319,-0.79044521,-1.54004208,1.15072568,-0.42675278,1.17922713,-0.28959649,-0.46633254],
[0.99425759,-0.01258168,-0.18145618,-0.98914208,-0.52546353,-0.19095101,0.70618705,-0.21469926,0.1472296,-1.24724282,0.16934682,-1.07996357,0.34210559,1.39557328,1.38891635,1.00559931,0.24317919,-1.17452781,-0.2383719,1.796009,0.07354102,0.46791288,0.27833739,0.33548662,0.76497991,-0.34378342,-1.03881694,-0.7202774,0.88795583],
[-0.96203356,0.54113622,-0.17948232,1.99236698,0.34949174,-0.61270802,-0.09595161,1.74671137,0.64368273,-1.21028998,2.09140252,1.38158483,-0.79957374,0.91113024,-0.29183111,-0.87249448,-1.81366898,0.81226486,1.06789046,1.20561531,-0.10626016,3.06944984,-0.31774041,-0.45121146,1.20556283,0.54970129,0.16768925,-0.59858651,0.34474518],
[1.24395062,-1.84975957,-0.10183423,1.43102317,-0.38337762,-1.310908,-0.11717746,2.09964274,-2.58914855,2.13732225,-0.44735506,-0.42841297,1.39167527,1.19950217,-1.91591906,-0.15439518,0.47103596,-0.9745182,0.40275867,0.28390152,0.58973045,0.61951031,1.08379684,-1.05677078,1.28711807,0.7471792,1.35211581,1.22847533,1.49559697],
[-2.61565118,-0.66311439,0.74035559,-0.62850474,0.75283484,-0.97000308,0.00416446,1.2468459,-1.37382859,0.49022612,1.21246592,0.45767635,-0.83504258,-1.22750155,3.84078661,0.44015068,-2.1444142,-1.96353087,0.55379501,-0.32784695,0.73613713,0.82691777,0.02305358,-0.51714809,1.22971532,-1.80855012,1.27310426,-0.42839338,-0.04937378],
[-1.54687440e+00,1.37077484e-03,-6.65970169e-01,-6.20482950e-01,-1.35172162e-01,1.37441132e+00,-4.82296034e-01,-2.08431130e-01,-2.35350898e-02,-1.21403741e-01,1.05605955e+00,7.37623919e-01,-7.96095434e-01,-1.78131305e+00,-1.46081383e+00,-2.28353441e-01,5.09305455e-01,1.88962894e+00,2.56871702e+00,-9.60129011e-01,1.30247365e+00,-1.00969146e+00,-1.12291156e+00,7.82790924e-01,-2.94021247e-01,-1.76397324e-01,-1.19301434e+00,1.22421486e+00,-2.56505327e-01],
[0.79090182,-1.70532637,-0.13332823,0.81090083,-0.02474912,0.05625947,0.32229817,-2.6376617,1.44011877,-1.30132981,0.23180276,0.99630839,-0.25936857,1.59471782,-0.83462324,0.53981045,0.91356671,-0.58443272,-0.24350762,-2.17075647,-0.55388893,-0.53447745,-0.71234116,0.39679735,1.49204187,-0.17898261,2.28351101,-3.27663435,0.29303361],
[-0.31857971,-1.33551598,-0.05091305,0.32007398,-0.67816004,-1.35588174,0.85846376,-0.43351101,0.90818068,-0.86862088,-1.36046836,1.3303083,-2.43316504,-0.26945531,-0.19686276,-0.74700925,0.1408741,1.11825953,0.44812313,-0.33064757,-0.59810537,0.41258854,-1.63977845,0.75713272,-0.80735106,-1.51238555,-0.87661501,-0.52005522,0.42711745],
[-0.81634513,-0.98011589,-0.13662959,0.09894314,0.38083242,0.98318929,0.33377107,0.50479711,-1.39205689,0.50998442,1.02663928,-0.85622738,1.81156799,0.24432312,-0.56831748,0.55639367,1.30011003,0.27736298,0.97365932,-0.20780835,0.90943763,-2.33279368,1.82843876,0.76162596,0.69390329,0.13632337,-0.38015604,0.89274327,-2.39639796],
[-1.37106241,-1.49368888,2.02156469,0.1401227,0.20731591,-1.39151758,0.38509551,-1.08395291,-0.38790277,1.60907672,0.62654467,0.05429722,0.62862743,-2.21725723,-0.3644793,1.38772592,-0.93693181,-0.30903248,-1.64542441,0.16657358,0.57369801,-0.29098434,0.25530963,-0.09173966,-0.09750906,1.21895682,-1.06847565,1.9375983,-1.00968353],
[0.86441036,-0.29807665,-1.17711615,0.55603557,0.51740769,-0.35460145,2.02878441,-1.6705987,-1.4715477,0.38683604,0.85731627,0.74537654,-1.60461039,0.60903135,-0.55684986,-0.65418999,-2.34621084,1.10277492,-0.2802156,0.10074509,-0.63874389,1.27900568,-0.72321015,0.17776385,-0.53277514,-0.43274488,0.91007602,0.36577952,-0.60022078],
[0.18626508,0.48436835,1.60958562,0.78803712,1.37866374,0.4770356,-0.17673389,0.26362098,0.14476119,-0.62417665,-1.10764576,1.6039694,-0.21414422,-1.72877219,0.25188628,0.03162941,0.66597058,1.43355718,1.72523412,-2.07746091,-0.11257637,-0.31937017,-1.08556466,-0.74823772,0.20381189,1.40859028,-0.29242721,1.14370152,-1.15217686],
[0.86728536,-0.26852867,1.42108168,0.09093804,-1.28601959,0.49286014,-1.68289878,-0.5764002,-0.48809635,-2.47283632,0.20800837,-0.74510314,-1.70586769,-0.95153768,1.05039068,-0.26029036,-0.11197881,0.10039265,0.4779378,1.64839703,-1.66390031,-0.7032225,0.26795663,-0.56197305,-0.22440572,-1.96594517,-0.65579152,1.16287188,-0.4222305],
[0.37308734,0.47362864,1.6276247,0.27198448,1.31503524,-1.45869113,0.66909512,-0.29972145,0.60068819,0.17805999,-0.11144763,-0.61510647,-1.22952688,-0.09781143,-0.376856,-1.32071891,0.36622521,0.94691104,0.21969706,-0.81329182,0.09176878,-1.5947872,0.35096312,0.79319364,0.26523443,0.78952845,0.62577017,-0.72492655,-0.63633044],
[2.05107064,-0.76074272,1.31367461,-0.54248192,2.16481157,-0.20685111,-0.004567,0.02046047,-2.46826825,1.37562887,0.04623653,-0.109148,0.34134529,0.68641139,0.78570658,-0.74046512,-0.04384159,-0.12179742,-1.36319344,2.19184451,-0.39634492,2.23351565,0.53323775,-1.80615313,-2.03751029,-0.83863679,-0.79419809,1.27333706,0.52695217],
[0.51585582,-1.59586789,1.6761807,1.2988314,1.83876597,2.63919692,0.11619573,-1.73727738,0.61687487,1.80386314,0.11146583,1.19815605,0.45027998,-0.05125825,1.32089306,-0.55203248,-0.254847,-0.01355955,1.87968845,-0.37189024,0.23749476,-1.31679072,-0.98090461,-0.1143958,0.05208438,3.27923859,-0.33662196,2.23410408,-0.7493263],
[0.79378518,0.29426185,-0.25259396,-1.03673842,0.61419953,-0.12401092,-1.48049813,-1.91968893,0.58458874,1.40583592,0.86400544,0.00706586,1.53857636,1.3126411,3.44497738,0.47975176,-0.75271192,0.21762223,0.58485905,0.02501155,0.83376359,-0.84674424,-0.23073513,-0.33023393,0.83241953,0.94927478,0.19177126,0.00518757,0.37335631],
[0.19918929,-2.46930141,0.85147182,0.21060863,-1.1532505,1.17173151,-0.3888469,-0.42619609,0.02405792,0.39410637,-1.43605808,-1.01404076,0.31050802,0.46052365,0.33359263,0.81544639,0.06591567,-1.88428193,-0.41766081,1.54506045,0.25319956,0.87580667,-0.46491546,-1.15974889,1.14160364,2.82123293,-1.2157216,0.72145109,0.34950714],
[1.01477561e+00,-2.47097578e-01,-3.00738266e-02,1.25030914e+00,-1.75385481e+00,-3.22244132e-01,1.20443935e+00,3.33064295e-02,9.79744301e-01,9.81422234e-01,-6.78156816e-01,-2.21505650e-01,-1.68721314e-02,-4.34448644e-01,8.01013249e-01,9.92254553e-03,-5.66328399e-01,-4.72602454e-01,1.83749930e+00,4.32952633e-04,2.73435850e+00,-3.33013243e-01,3.37696664e-03,-6.25456819e-04,1.24273536e+00,4.00808129e-01,2.01416875e-01,1.14096834e+00,2.11004791e-01],
[0.10699338,0.27682618,-0.41872153,1.63333964,-0.05170045,-1.63814289,-1.05328264,-1.20695882,-0.60867026,0.50831162,1.56726973,-0.62343382,-0.80852843,0.35041733,1.54322807,-1.01789218,0.60769055,1.97021246,-0.71121832,1.48519504,-0.10621906,-2.66667665,-0.97297437,0.00274366,0.89552983,0.5999693,0.68192128,2.3182757,-1.68852094],
[-1.70679995,-0.06003266,-0.30605191,-0.43378892,0.26052651,-0.07863542,1.30859485,0.93325959,2.32033459,1.37087688,-1.32110049,0.54380053,0.18621644,0.28165406,-0.16290752,-0.13073366,1.01095027,0.28819485,-0.99946486,-0.49613386,0.49092192,0.38908733,-0.62250923,0.26591927,0.16687369,-1.5029523,1.39561546,-0.31714416,-1.03973788],
[-0.88618133,-0.38821016,-0.79299719,0.13581502,-1.02309163,0.56880971,0.10786585,0.61872973,-1.0074083,2.02692651,1.45610021,1.05800509,2.57339639,-0.17573048,0.65464077,-1.15493969,0.74584051,-0.3341094,1.11687014,1.48147219,1.36611504,0.90989892,-1.55140912,-1.44439446,-2.31274313,-1.65673395,-0.55317197,0.17099739,-0.63594683],
[0.50503908,-0.87409316,-1.14193567,-0.45675498,2.65718232,0.98159591,1.53499583,0.50031696,-1.46891723,-0.75159198,1.01895596,0.15725851,0.14932062,0.9020541,-0.07863366,0.79163645,-0.66443575,0.0516995,-0.09070524,0.01956469,1.21820224,-1.02365843,0.92996028,0.92369106,1.01190555,1.04869222,-1.99558222,-0.98296123,0.16171357],
[1.35334693,-1.12094895,0.53286568,-0.13636351,1.34937726,-1.32411042,0.29980479,-0.07422798,-1.25311109,0.56529869,-1.91842999,0.11498163,1.26917911,-0.49781993,-0.81123738,0.47416242,0.89216009,0.5659688,-0.61583889,-0.44205617,-0.0803906,-0.67564009,-0.61790368,0.72811205,1.45040946,0.8543727,-1.10254608,0.44077509,-0.17002447],
[0.37338398,1.57054358,-0.21031218,0.59363303,-1.60998871,-0.72255647,1.15474501,-0.79268679,-1.22852144,0.12908268,-0.05844088,-0.39162307,0.54590788,0.90735922,0.89057351,0.9049961,0.45123684,0.34277778,-0.32086243,0.16078604,1.97144649,1.63815765,1.34347382,-0.64999701,-1.43264034,0.32018474,0.10029201,-0.32450354,0.03426184],
[0.21257151,-0.2833783,1.66425076,-0.03954611,0.84346535,1.00602189,-1.10822447,0.36656684,-0.38388882,0.45590191,-0.6462788,0.14389256,0.57172134,-0.7464884,-1.8486779,0.44012525,-1.04508365,-1.33102486,1.22408066,-2.52670361,0.66916238,-1.59006809,0.81540897,0.4974912,-0.08451538,1.65006913,1.74200296,2.3385274,-1.50059172],
[0.96086034,-1.06327828,1.16351214,-0.22600912,-0.70007703,2.49036537,-0.84444889,0.36128845,0.78424934,1.01474479,1.34276783,-0.14353408,-1.27663281,1.73995599,-0.37229033,-1.461873,-0.2218628,-0.61751593,-1.29685591,0.26950923,-0.92457522,-0.65001972,-1.95285469,-1.58884104,0.14956773,0.32803954,-2.10224995,1.37623757,-0.7959832],
[-0.8587163,-0.20305651,-1.06096599,0.84152362,-1.49011115,0.61167127,2.11823556,0.77147278,1.64185671,0.8388849,-2.57602628,-1.71247679,0.59093894,0.75523429,-0.75217465,-0.69214701,0.21030107,-0.74879344,-0.83769368,0.39548382,1.40521023,0.46797341,-1.59658329,1.5616756,1.83172978,0.12309854,0.69580642,-1.94225556,-1.3857897],
[0.30852092,-0.13037405,-1.84203814,0.35727325,-1.2248558,-1.0266977,0.4226819,2.37374241,0.44603875,-0.8558699,1.77615597,0.74428895,1.25172596,-0.70198057,-0.62450456,-0.73839767,0.04218082,0.21578602,-0.25440217,0.0493781,1.36710846,0.54774736,1.29073293,-1.42736093,-0.1373827,-0.34853752,1.0544625,-0.2564911,2.59413488],
[-0.20197071,-0.10831144,-0.95294844,1.47552973,-0.51329869,-0.93638884,0.09577356,-1.76148339,0.41831506,-0.64824088,-0.447894,-1.75631338,-0.1927235,0.31615293,0.11716775,0.54232259,0.58385714,-1.10099464,-0.31536001,1.41071718,-1.3277825,-1.51830328,-1.46696097,0.63402293,-1.18664961,-0.36005111,1.34150392,-0.99664595,-0.71808181],
[0.49286768,0.01813632,0.29573816,-0.1223151,0.79012739,0.02847777,0.61279628,-1.50046462,0.5827933,0.45937551,-0.86455339,-1.86671222,0.22060997,0.64660794,-1.34001724,-0.64635095,1.42736915,-0.17241946,-1.64953028,-0.0704373,-1.97907302,0.62607816,0.57168589,-1.07350109,1.76829642,-1.33613779,0.72317094,-0.12051847,0.97568332],
[-11.00530553,-9.29619204,8.86057125,-9.87669635,11.24796794,-1.07288105,-0.22527187,2.45263102,-0.50114884,1.35207403,-0.17410017,0.20936914,-0.18777491,0.19987555,0.27745891,-0.17172732,0.3620774,-0.19945237,-0.33660571,1.02127581,-0.80011873,1.47026176,0.49051101,-0.60254827,0.01534308,-0.64034895,1.07690594,-0.11686523,0.5058332],
[-1.49370768,-0.44341526,-1.59595852,0.00594324,0.98073269,-2.08181183,1.60911041,0.86313268,1.30985158,0.27147781,2.12883677,-0.27011156,1.75430721,1.06498869,1.37763568,-1.40331166,0.91898851,1.14317858,0.99626371,1.02991915,0.22479762,-0.29968267,-0.10706443,-0.69341754,-1.39288614,-1.04397249,-0.97954978,-1.77381969,-1.56657095],
[-8.6094548,11.324446,8.69018369,-8.10331317,8.86227108,0.33169215,-0.91991987,-0.56175637,-0.27741952,-0.1844282,-0.84635998,0.44983813,-0.42576432,1.01640975,-0.02120829,0.16226726,1.65307431,-0.55318059,-0.91161589,-1.65178878,-2.19682268,0.9745007,-0.56101593,-0.2954832,-0.09930105,1.42185535,-1.16859389,-0.22501372,-0.13791391],
[-1.59205428,1.28057884,1.21954208,0.30291405,-0.41382143,0.8223195,0.03540786,-1.19577147,-1.11082576,0.16306666,-1.43718938,0.26480899,1.70289862,-0.13956365,-0.22011721,1.26619308,-0.62558675,-1.57180271,2.04093704,0.00383203,-0.42010331,1.56431619,-0.58812298,-0.63468099,0.20254069,0.2295891,0.63412076,0.51161126,-0.25221746],
[-1.64992023,-1.456491,0.5166952,1.66738477,0.4096676,-0.99411479,1.01789283,0.92541452,0.33079457,0.68718497,1.67087317,0.08743477,0.36438609,0.43947765,-0.53335341,-0.42673093,0.25009414,0.0297253,-1.12255122,-1.44591341,1.78404186,-1.54917845,0.0841355,0.34260112,-0.6882779,1.31716931,-0.71864441,0.33113302,-0.57839514],
[-0.26624489,-0.90795539,-0.05518819,0.32549832,-0.89575606,-1.40224417,0.7656875,0.40557438,-1.63954545,-0.05370589,0.09775927,0.69749943,0.21162492,-0.99992052,0.67583802,0.07954403,-1.06854338,-0.27097771,-2.23854701,-0.05427596,0.10231925,-0.69390966,1.68952578,1.16877079,2.30501181,-0.4184164,0.31745425,-1.21040062,-0.26192843],
[-1.41877529,0.59083161,-1.22538913,1.08445855,-0.1060156,0.05545483,-0.73073553,0.86848568,-0.29297839,-0.25654353,1.10534704,-1.57584004,-0.937152,-0.70026815,0.67339372,0.54530385,-1.73532747,-1.48637264,-0.45178902,-0.41303734,-0.0373499,-0.38588769,1.28488445,0.7284869,-1.72691053,-1.2707209,-0.60015512,-0.01986407,-0.11830023],
[0.47215213,-0.50856105,0.41397419,-0.38215556,-0.30636057,-0.62107734,-1.77439769,0.25498092,-3.23327823,-1.05232094,0.95917772,-0.24174306,0.71100673,1.2784472,-0.45013554,0.82399803,0.48873132,-0.10208353,-1.91756267,-0.26086387,0.1674406,0.67791341,1.39086621,-0.14145552,-1.36159221,-1.38408427,0.32779518,-0.64151131,-0.65262215],
[-0.39474736,0.96039581,-1.00692671,-0.71882682,0.7373254,0.09550471,0.88713652,0.70567618,-0.13231692,0.19054307,-2.23958943,2.07722376,0.52645349,-1.64430126,0.08080118,0.17500876,1.50926441,0.12540317,1.57021595,0.13660444,-1.55052392,-0.9273516,0.01392705,-0.19361051,-0.84713076,0.24644517,0.13807019,-1.23848965,0.67283147],
[-0.5687127,0.35484236,-0.88173954,0.94335256,0.93188751,0.22767699,-2.21328745,-0.45667757,2.33492634,2.29000607,-0.90699141,-0.06229992,-1.95068953,-0.11000018,2.23044319,-1.2096386,-0.4176242,-0.54108422,2.19787077,-1.15562579,-0.62685041,-0.62416749,-0.42276251,1.33837536,0.49829473,-1.16315653,-1.58700379,-0.38368586,-1.17006827],
[0.61597216,1.02297238,-0.04187001,0.56188753,1.14417707,-0.36735126,-0.89342205,-0.7981046,0.79125015,-1.60810738,0.4232987,-1.0114784,0.186923,-0.04108993,0.58723561,-1.43929912,-1.87066183,0.22956947,-0.61984652,0.25766445,1.08307369,0.88411683,-1.8655273,-0.21885556,-1.04325599,1.58904163,0.05806243,-1.51851569,-1.11255593],
[-0.47149178,0.87013739,0.81644272,-0.67876709,0.86125549,0.02753734,-1.81453868,0.51753468,-1.73574454,0.2216782,0.01800452,-0.30797107,-1.73961081,-0.07090167,-0.23182516,-0.64180424,-0.75929326,-1.18462832,1.66007233,-1.19166563,1.63876395,0.16190937,1.4798424,0.65039161,0.4642775,0.07726301,0.95904481,-1.23950608,-0.81972861],
[0.1878758,0.59580833,-0.38834674,-0.57036026,0.47287994,-1.47321897,0.01605223,-0.71295479,-0.13247435,0.50469372,0.60112882,-0.74660766,1.060382,0.98612751,-1.44285794,1.11601046,0.10616411,0.14587426,-0.66040739,-0.95826738,-1.38958894,-1.84455095,0.09323855,0.03607044,0.08736943,-0.37862008,0.03113302,-0.51372822,-1.25886008],
[-1.84671467,-0.4992191,-0.82824241,-0.92110833,-0.65039586,0.88850506,-1.23275947,0.55126574,0.45562134,0.29295061,-0.20187342,-0.52324917,-1.25551143,0.03064997,0.44295836,0.07497356,-0.30394505,-2.02836939,-1.26025944,-1.89649343,-0.80760082,-1.8740009,-1.19206964,-2.07685047,-0.46307905,2.36026594,-0.15281983,0.6689875,-1.83801156],
[-11.2242023,-11.21696607,6.58173133,10.40677425,10.52531964,1.35790476,-0.39406761,0.32642009,-0.45374585,0.78955532,-0.28781954,-0.45186555,-0.75161476,0.92995813,-0.90403968,1.12413735,-0.51861522,-0.59127341,-1.44963485,-0.64093756,1.68908107,-0.73286463,-1.50582656,-0.39954396,-1.71234083,1.04659448,-1.09922372,-0.05030699,1.10429449],
[0.34047379,-0.592416,0.09777621,0.18665441,0.11104448,1.63891198,0.61066508,-0.61664175,0.70432068,1.53860009,0.48036924,0.7214276,-0.37147568,-1.20272648,-1.67881589,-0.60528761,0.9881787,0.86442454,0.90805286,-0.20028029,1.23180271,1.57992496,1.30094617,-1.71804973,1.45934564,-0.82872987,0.63505195,0.7645177,0.40782352],
[0.48153521,1.35795236,1.24849715,-0.8760847,-0.38802038,-1.63813524,-1.20208727,1.23742714,-0.70272763,0.16222012,0.99893879,-0.58285268,0.40009798,1.06147527,0.31551846,-0.48157814,-0.8653578,-0.80173838,0.23138023,-0.58663278,0.3641076,1.40875705,1.07032992,0.68985767,0.88328959,-0.61910739,0.2960315,-0.33915259,-0.56264544],
[1.27831537,-0.80668296,-0.88358662,0.31447613,-1.21863157,1.03750683,-0.93343325,1.01999734,-0.00319819,0.48218408,-0.59505999,-1.59108745,-0.97242617,0.70879024,0.59784465,0.07561279,-0.24234665,0.90952529,1.60634128,-0.78225976,-1.55898465,1.09317639,-0.82615972,-1.75037487,0.18326292,-0.3527355,-0.22045404,0.20782016,1.41871439],
[0.8868411,0.65632026,0.18250736,-2.78322244,-0.01196809,-1.38219775,1.31479202,0.22881745,-1.12336777,0.83126641,-1.58997499,1.01839767,0.34838289,0.2935502,-0.56135323,-0.22941445,0.53374607,1.43234398,0.77042209,1.01370279,-1.2494051,0.44919562,-0.68039081,-1.34310537,0.03832457,0.44069495,0.61176921,-2.24872553,1.61043394],
[2.03012855,1.09031816,1.29209846,0.92723317,-0.22738192,-0.07825646,-1.7529386,-1.35317988,1.22456029,0.51325799,0.02287221,-0.09617625,0.24741617,-1.22533339,-1.65962688,0.23013257,-1.35884808,0.98551371,-0.20234942,-0.88951819,-0.4293904,-1.51627845,-1.91442218,0.40689445,-0.9442251,-0.98578216,1.10351457,0.60161494,0.44383073],
[-6.58923303e-02,8.10620752e-01,-4.53202048e-01,5.36904965e-01,-6.95850878e-01,7.86737695e-01,1.36912483e+00,8.79245471e-02,1.17864050e+00,9.96686553e-02,-2.98763505e-01,-1.50878219e+00,-6.49328964e-01,7.74655688e-01,2.58815183e-01,-1.24900687e+00,-1.18304934e+00,-5.36949263e-01,7.92124725e-04,-4.23845936e-01,-5.53345775e-01,-4.22704705e-01,-7.42380729e-01,2.23859459e-01,8.41245339e-01,9.57347028e-01,4.09792199e-01,4.60257746e-01,1.69701000e+00],
[-2.31136556,-1.14327262,1.51575249,-0.65457688,-0.50114387,1.18487084,-0.06346077,0.24302554,0.27040658,-0.75778733,-0.68121231,-0.19358655,-0.8971159,0.75683366,0.24981742,-0.99875227,-0.80112824,-0.11840801,1.54703719,-0.69986942,-1.05701483,-0.36646197,0.74433023,-1.0245964,0.49238037,0.53310126,0.24654937,-0.43902101,0.14048275],
[0.10539873,-0.67689716,0.17599492,1.55100188,-0.53694506,0.0724837,0.8011948,-0.69824788,-0.72360481,0.70580907,0.0690245,0.03163934,-0.24279368,0.85295976,-1.48958209,-0.37228656,-0.41214572,0.40535245,-0.30639842,1.59907326,0.58403301,0.23711779,-0.73561933,-0.34114791,0.64576484,-0.92802566,-0.98966696,-0.70175353,0.47715861],
[6.28272229e-01,-8.02776894e-01,-5.62575485e-01,-6.68225824e-01,-2.55863538e-01,5.47665172e-02,7.43151065e-01,1.11944836e+00,1.74041698e+00,5.88809252e-01,7.11499852e-01,9.85786334e-01,-1.18898576e+00,-7.08521073e-01,-4.02822295e-01,2.08792922e+00,1.89839665e-03,-1.09694115e+00,1.78385284e+00,-1.57858913e+00,-1.88952731e-01,-1.04062521e+00,-1.31462644e+00,-2.19366049e+00,-6.43274477e-01,-6.68806554e-01,-2.24119930e+00,2.08528581e+00,-1.24506946e-01],
[-1.58127879,-0.09317931,0.43375044,1.11106856,-0.19887082,0.40887443,0.23926752,-1.54355867,0.66262184,1.09997492,-0.36724956,-0.45388805,-1.93886933,-0.06245447,-1.3260869,0.95895953,-0.20022724,0.53308333,-0.71493326,-0.6994783,0.28809332,0.85706723,-0.47394538,-0.81159419,-1.37317204,0.89644715,-0.05260251,-0.94078184,-0.2496001],
[1.44465452,0.15826139,-0.58728724,-0.19186006,-2.00802659,2.54394429,0.46574107,1.14743796,0.59489723,1.02474767,1.16535051,-0.31548875,-0.1318317,-0.37329908,-1.50703545,0.80507144,-1.33085983,0.69397478,-1.04899798,1.24396163,-1.02803136,-0.51026059,-1.41229084,1.15959279,-0.49278207,-1.33402547,0.03905341,-1.08717956,1.28612098],
[-0.6606193,1.52070619,-1.34048054,-0.34330213,0.33123828,-0.23973475,0.44954115,0.00909717,1.67321116,-0.4548817,0.54010718,0.70277953,-0.46464351,0.82097185,-1.07282766,1.20662608,0.27842825,0.54578773,-0.56200991,0.0281749,0.02319683,-1.85213222,0.07415616,0.44523739,-0.55241989,0.13338424,0.4153117,0.24410394,0.38507658],
[-0.28175436,-0.52066708,1.2243355,-0.47735747,-0.71848122,-0.16683211,2.10858309,-0.29397383,0.90031342,-1.08309106,-1.56544902,-1.61645994,-1.38541424,-0.54750214,-1.6054296,-0.40241604,-0.45039388,-0.084899,0.83449469,0.43314697,1.51629428,0.31682985,-0.26868182,0.49768642,-0.23550981,-0.09278056,-1.22224745,-0.71973774,-0.2431427],
[-8.33823771,-6.76104737,8.92152169,8.20008871,8.1367692,1.69265382,-1.62566397,0.42800273,1.83474308,-1.46971032,-1.63016214,-0.35807393,0.15680825,0.14520532,-0.53647778,0.30433342,0.23962575,-0.30043828,0.4269359,0.45364849,-1.05100316,-0.82650655,0.25512423,0.42905394,0.18551654,-0.29537628,0.87125477,1.43365627,0.55536774],
[0.33073736,-0.53392611,-1.82238333,-0.48641023,0.99120176,0.75230009,0.05651593,0.36418167,-1.58317238,-0.07982358,0.8863854,0.45519388,-0.49585625,0.9512431,0.62297477,0.5183099,1.79584279,-0.38072462,1.95143917,1.8832214,-0.86295902,1.13992579,-1.73062966,-0.28938738,0.50351312,-0.65672372,0.26911839,-1.41726373,-1.04698498],
[0.2161271,-0.42605182,0.21009076,-1.27806894,-0.94005094,0.92946137,-0.90767675,-1.27718575,-0.89039284,0.59260354,-1.37560329,0.4983008,0.76954696,1.25945053,0.46622174,-2.69267979,-0.04738435,0.57406311,1.71491867,-1.39905983,-0.05030269,1.09338766,0.43807822,0.98548061,0.41803899,0.69267072,0.03512965,1.23248537,-0.66326116],
[0.17483658,-0.53694126,0.50870375,0.56165258,1.12588191,-0.04171455,-0.18622102,0.81160538,1.23456835,0.30398019,-0.625365,-0.13642983,-0.80048219,1.87419137,1.21490757,-0.58879303,0.41424509,2.11114453,0.19311375,-0.7587776,0.84751937,-0.09223588,0.84940131,0.44720107,-0.45496785,1.47373251,1.02385859,0.22651335,1.27827034],
[-0.39262781,1.43780578,-0.98233588,0.78565764,-0.27968935,-2.00410343,0.22892373,-1.36329505,-0.82995235,0.89835673,-0.08561689,0.262133,-0.97916367,-1.12672534,1.29640699,-0.53056472,-0.00575491,1.33405592,0.33453771,-0.08556673,0.75981944,-0.18871687,2.23925075,0.5799194,-0.05951218,1.53896174,0.05780172,0.01942729,0.87435865],
[0.06977327,0.68764408,-2.27739827,0.10652901,-0.07074972,0.41679142,1.16293277,0.40427199,0.08348326,0.06511922,0.43314453,1.66740993,-1.57096228,0.10826301,0.65762668,-1.6143869,-1.07333518,1.43581961,-0.45819743,0.53234223,-0.08734181,0.53281835,-1.27552711,0.33339708,-0.78414412,-0.7242064,0.39182552,0.49087197,-1.63143975],
[-1.01496235,-0.23414337,0.2405926,-0.33423975,-0.41330682,-1.58310154,-0.70474528,0.84045191,1.26463947,-0.07780096,-0.76265314,-0.45333465,-0.34716523,-0.38028679,-0.01688593,0.55169055,1.96088388,0.0411663,-3.07235861,-0.5360393,-0.972164,1.39267444,-0.37229767,-1.64869283,0.64853943,-0.79381191,0.08130699,1.04540808,-0.22092361],
[-0.69043381,-1.27980442,-0.1649491,1.0413512,2.12216599,-1.13371246,0.51409191,-1.4677889,-0.41061051,-0.49975951,-2.42664042,1.80896406,2.98473185,-1.02685958,0.5888305,-0.51218919,-0.88451444,0.93090378,-0.45269032,0.36082171,0.01632592,-1.88217785,0.29595044,0.22900557,0.07966029,0.33067703,-0.45590302,-0.00768841,0.90828118],
[-0.50209992,-0.99817815,-1.228496,2.1123262,-0.30833124,-0.84688129,-0.02080266,0.65208033,0.80871184,-1.09920523,0.13047952,-0.75289533,-0.44596328,0.02329028,0.90644002,0.27699225,-0.07043783,0.3412477,0.09893615,0.47262853,-0.24375778,0.0645066,-0.93256212,-0.00867582,-0.14656875,2.28052967,-1.14286056,0.25832373,0.51359917],
[0.30669659,1.41407937,0.51629838,0.78701585,1.6726777,-0.28349668,0.86503921,0.26769603,0.50532037,0.65597967,-0.1973776,-1.59041971,0.37970061,-0.22156116,-1.29462527,0.00223944,0.02035245,-0.75574211,-1.18501488,-0.30214405,-0.46370494,0.64869776,0.54028586,-0.17578275,-0.77676957,0.88284341,0.19684976,0.48333113,0.05739288],
[-0.14534221,0.90202499,0.00322596,0.19099219,-0.19106213,0.38722046,-0.41908302,-0.28918332,0.15586498,-0.47694757,0.32023196,-1.1274653,0.92126061,1.02276777,1.93887887,-1.21445593,1.65367159,-0.42924515,0.62827459,-1.24272936,1.58297735,-0.2630951,0.3343981,-0.92102364,0.2381008,-1.48696127,-0.00442346,-0.87291163,-0.18299378],
[0.07738107,1.15786485,-0.99132134,2.91447496,-0.55895282,-0.26440096,-0.41765909,0.73375053,1.09116649,-0.22376485,1.03874104,-0.08792905,-0.80642605,-1.25253115,-1.26392765,-0.97728717,-1.8210022,-0.19714948,0.54810625,-1.88959534,-0.86987933,2.15147047,0.07352738,-0.39861644,0.56053862,-0.09564807,-0.48275809,-0.78704566,0.58495714],
[5.37380587e-01,2.73397243e+00,7.38422306e-01,9.96658817e-01,5.47419748e-01,-1.03535590e+00,4.12671063e-01,9.58344345e-01,5.08968565e-01,7.34450472e-01,4.79991878e-01,7.49338825e-01,9.75317770e-01,6.18301075e-01,-1.63574377e+00,1.49353960e+00,-1.98456340e+00,-8.04004602e-01,-6.20783974e-01,-1.78020598e+00,9.02734532e-01,-5.63425398e-01,1.00749139e-04,4.51722389e-01,7.95070888e-01,1.12345980e+00,-1.38648731e+00,8.14270958e-01,1.43991785e+00],
[1.84933542,1.18748934,-0.1178303,-0.23665274,-0.59075644,1.00594177,-0.01648508,1.28682395,-0.08535735,0.97434994,1.11476287,-0.68321573,-1.62993248,-1.88658784,0.13026529,-0.88744575,-0.79941551,-0.52799862,-0.54325266,-0.65450805,0.51116166,-1.07163878,0.79160132,-0.52120177,-1.01027667,-0.13186115,-2.31122487,1.46265161,0.71014765],
[-0.08376777,0.66181732,0.75959447,0.43580998,0.56185051,-0.53629985,-0.018841,-1.12373444,0.08653929,0.21114914,-0.14346191,0.5730703,-0.33090409,-0.71906144,0.59599708,1.26290593,0.1956545,-0.0107545,1.09304984,-0.31232158,-1.34957163,-0.70733412,0.43208799,0.13019914,1.34948147,0.67694781,-1.23643824,-0.82301937,-1.68081362],
[1.06974675,-0.77952478,1.34747566,1.64498294,-0.28003152,0.86966308,0.33510721,0.10216408,-0.78914729,2.55351059,-0.11599233,0.53462406,2.7170141,-0.49960236,-0.38903789,-1.3076286,-0.48947791,-0.08848479,-0.57135489,-0.57184899,-0.95715023,-0.52313496,0.06798524,1.17965666,0.50030459,0.39814348,0.34849425,-2.3283028,-0.46966092],
[0.36798289,0.09400463,-0.52256418,-0.41247756,-0.4919581,-0.19726431,0.85169664,-0.837525,0.01738657,1.514951,0.80691338,0.1174532,0.89269399,-0.31615867,-0.48769729,0.15549925,-0.72825432,1.94082064,-1.11553387,-1.18553663,0.66960623,-1.56493957,-1.26374792,0.57224872,-0.6994543,0.3078047,0.36503207,-1.24379163,1.63915176],
[-0.96524363,-1.38722962,-1.40634181,-0.16424331,-0.79522365,1.55756349,-1.12499576,0.7791776,0.01868473,-1.23890253,1.97543255,1.7460454,-0.29537057,0.5318275,-1.63803315,-0.13835378,0.13497387,-1.45302613,-0.30930999,0.30912472,-1.13187825,-2.0947257,1.58859957,-1.36361876,0.02975236,0.59375714,2.98289304,-0.15649097,-0.27326206],
[-1.40946575,-0.09378088,-0.96631149,0.47848371,0.46001795,0.09324766,0.63773597,1.82048096,-0.16034705,-1.47123778,0.47671864,-0.82810614,0.44286085,-0.42070557,-0.89829417,-0.49119128,-1.55265654,-0.82618179,-1.2484483,-0.75529483,1.14439656,-0.52017585,1.43067313,-2.42276012,-0.94203097,-0.66803597,0.14122317,-0.70617204,1.17974311],
[9.50046048,-9.38850409,-9.24237383,7.86186103,-8.44955254,-1.24584273,-0.51497878,0.09793229,1.82303576,0.20940281,-0.65340293,-0.56111829,0.30021119,-0.62722612,1.55576567,0.50711104,0.51292364,0.10171976,-0.7709209,2.85406,-1.45760846,-0.21349526,-0.22403558,1.24039006,-0.81079259,-0.13168807,-0.27826124,-1.31644479,0.45212819],
[-0.54111983,-1.37973709,-0.11083638,-0.98653154,-0.20662605,0.4417914,1.52057722,-0.06635076,-0.30991372,-1.94504933,1.56390215,-0.77828131,0.92013577,-0.26895347,-0.97023701,-1.09882018,-0.09909609,-0.33428109,1.972804,1.87427577,-0.0791665,0.11062588,0.71127404,-0.57485493,-2.17972088,0.91348725,0.09113533,-0.78322156,-0.21477688],
[-0.1760145,-0.50474755,-1.49516801,0.87217622,-0.04992625,0.68688343,0.28358348,0.11819099,-0.19825116,-1.60959718,0.8235891,0.59135441,-0.02195081,-1.95974637,-0.32757824,0.04542126,0.59424526,-0.78082771,1.23434606,-0.12895697,0.58278407,1.01179038,0.14477818,-0.68560863,-1.12358253,0.12174589,-0.38278125,-0.38792399,0.61832343],
[-0.69168762,1.5622497,-1.66842533,-0.92944928,0.08255233,0.12455529,-1.26735638,1.42052005,0.23117339,-0.13815234,0.731637,-0.35711669,-0.91305581,-0.01460669,0.56182916,0.3638678,-0.68980678,0.32169065,-0.34792064,-0.77063595,-0.7212468,-0.33596531,-0.85200465,-0.76864664,1.36080898,0.56726806,1.01114797,-0.39490889,1.08888591],
[1.03119684,-0.64784509,1.77216806,-2.20599836,-0.04572831,-0.31073465,2.15397981,2.76588564,-0.92833971,0.11056742,-1.6075484,-0.88942076,1.31885401,-0.39814989,-0.28121671,-0.68016773,0.6962375,1.17192649,0.4629887,-0.40103991,0.63683747,0.70784301,-1.94083001,1.11765323,-0.05879606,0.39582914,-0.44708503,0.49788204,-0.45724847],
[-1.85661782,0.30262305,-1.47939357,-0.50733493,-1.59059432,0.66173324,-0.47722283,-0.25045729,0.15676836,0.63011679,1.17624072,0.7836289,-0.68149361,-0.21223641,-0.87197699,0.95454436,0.67092236,-0.46023362,0.18365886,0.46532342,-0.23809006,-1.31324294,1.22477585,-1.94985586,-0.60403693,0.65071541,0.19968393,-0.17305348,-0.80687087],
[-0.88332691,-0.65463757,-0.13152627,-1.52266688,1.33551206,-0.7422592,-0.60802452,1.11184698,2.04676214,-1.45375986,-0.11497244,0.99692748,-0.85532606,-0.83689138,-1.62502448,-0.97818963,0.45869572,-0.23437517,1.11911117,0.17940314,-0.8208389,0.17244998,-1.72097231,-1.05945068,1.15388908,1.68813881,-0.58337288,-0.80224118,-0.96261573],
[0.10005445,-0.38903212,-0.32203932,-0.1074195,0.27428505,0.03727608,-0.84004811,0.77372499,-1.04322443,1.00584349,0.5108188,0.13448808,1.43172097,-0.4472742,-2.76609741,-0.10005067,1.74843132,0.4861681,0.36220124,-0.28693869,0.65055085,0.14159944,-0.00734286,0.63560389,1.6382851,-0.69034191,-1.10749403,-0.39286598,0.23417512],
[-0.69570185,-0.47695518,0.76464671,-1.44201404,0.67141639,1.24764616,0.8733029,-1.37919331,-0.7678815,-1.08950209,-0.37496632,0.18970984,2.14222354,1.25532518,0.48922804,-1.07715376,-0.09799757,-0.4856385,0.31492051,-0.36616257,0.2710964,0.24361011,-0.62215259,-0.39965113,-0.88512676,0.95414471,-0.58650142,0.48765085,-1.34322208],
[-0.8487408,-0.46629118,0.044706,-1.99322495,-0.5043187,-1.65465961,0.16850402,-1.37124254,-1.22672951,-0.05943634,0.14179729,0.22872156,-1.24126597,-0.51946251,-0.10468471,0.73247325,0.757518,-1.29830851,1.05946348,-0.97173105,-0.60220888,1.20239279,0.54322892,-0.87443563,-0.73909071,-0.7742277,-1.78223627,-1.14976027,-0.58976378],
[0.52948199,0.09581929,-0.3842359,-1.28864375,1.10640664,-0.78111813,0.34797644,-0.81903371,0.43301522,0.37373115,0.89854475,0.2906568,-1.6263957,0.82065087,0.02524144,-0.46672701,0.01269138,-1.24189018,0.48529385,0.46207955,-1.22266486,0.75224928,1.11113013,-0.74378909,-0.38873553,-1.0639366,0.92175216,-0.87868022,-0.93336786],
[0.14261209,0.27703301,0.51121056,-1.11703327,-0.68589234,-0.5862318,-1.16651429,0.25838612,0.65057305,1.39026877,0.36279099,0.39201998,0.70962386,1.61170765,-0.04198959,-2.1160994,-0.06520984,0.52802869,0.64357317,0.18974152,2.44162946,-0.32510203,-0.73130783,-0.86678319,0.48348289,-1.56077718,-0.515937,1.57816818,-0.74394482],
[0.51355116,0.59566452,-2.1888147,1.01047722,-0.13912042,-0.48954453,0.18561553,0.05807938,-0.37266926,-1.69359168,1.88612216,-1.40701032,-0.27878667,-0.71996746,0.43505747,1.02934433,1.07293019,0.65375202,-1.50847868,-1.16700424,-0.47000825,-1.33388844,-0.04710006,1.37647641,0.60801954,0.74327532,0.66507366,0.17015205,-0.22702185],
[-0.19564685,0.21749096,-0.57226292,-0.40252786,-0.70105976,-0.9137278,1.4007725,-1.07905857,-0.32710582,1.2217648,1.59414892,-0.6708744,-0.29234842,0.42471159,-0.83323297,-0.31865541,-0.80863259,1.42275582,1.01937731,2.19936497,-1.19476716,0.06473394,0.87741674,1.893966,-1.11282898,-0.40185817,0.69329802,-0.04644703,1.13749899],
[-1.72775926,0.83252272,0.85460988,0.90247104,-0.75965179,0.52780781,0.15669971,0.82455925,0.90506905,0.8195505,-1.11592944,-0.23013259,-1.37224664,0.2884527,1.60678124,0.16993348,-1.91517715,-0.02810763,0.21455576,1.12814685,-0.66806601,-1.24459589,-0.56721058,-0.07347393,-0.80122217,-0.48095044,-0.19610844,1.05197674,0.39534952],
[1.04184642,1.01573092,0.89525756,0.60596403,0.30995121,0.79735282,1.20795127,0.02185216,0.97313449,-0.88980697,-0.51699647,-0.68693292,0.66843851,0.59481512,-0.19783721,-0.40074857,0.27627011,0.97577919,-0.01156046,0.12195506,2.05757869,2.14054663,0.98699489,2.04273996,0.63272171,-0.51595176,-0.24641882,1.05858329,-0.85993939],
[-0.74452779,0.08044661,-0.73196662,1.35867352,1.4675692,0.38744646,0.73370492,0.33769969,2.41813942,0.8020392,0.25739486,0.74883565,0.24432367,1.30809009,-0.22202374,0.82514675,-0.19565221,0.01709036,0.7136651,-0.06477511,-0.22675735,-0.1478246,-1.62095728,-0.91744875,-0.15935411,0.46679278,0.3291231,0.52430966,0.6395318],
[-0.37738136,0.76008327,0.13667908,-1.42969051,0.16176521,-1.33220573,0.40789926,0.11371382,-0.17621396,-0.05600396,0.36402264,0.0932403,1.18510171,0.12811063,0.07697077,0.18224729,2.42912609,-0.34195776,0.23869954,0.01194579,0.96704581,-1.24877844,-0.08655754,0.56324759,-0.01089701,-0.74040266,-0.09292036,0.40979937,0.73677827],
[12.23763178,12.0132421,9.80147159,-11.32102805,10.0524096,-0.99379819,-0.61026095,0.7662565,1.32130526,-0.03667296,-2.37009393,-0.35866157,0.22171692,0.58227465,-1.31875673,0.24689576,0.87728825,0.61271103,0.77067928,-1.64448623,1.38583014,-0.02622743,1.76839283,0.09233632,-0.84071566,-0.60746467,1.24947782,0.74273817,0.5958729],
[0.59406008,0.63668531,-0.70374764,0.61923815,0.28296369,0.04651289,0.12519151,0.11099299,-0.02510015,-0.71747975,1.4776327,1.55002874,0.37660131,0.16334592,0.37392632,-2.72719944,0.85703308,0.91658295,-1.01365085,-0.16259537,0.06911474,-0.68081225,0.54536348,-1.03473147,0.95251707,-0.58810185,0.1530938,-0.02637712,0.60164829],
[-2.25012593,-0.838746,0.72055522,1.67126083,-1.71138791,1.70228031,0.577519,-0.24874287,-0.85279222,1.03441502,1.11776909,-0.18639159,-1.77214334,0.64547908,-0.32200423,-0.68596377,-1.88520284,0.24321865,1.10413591,-0.47112073,-1.23141968,1.68736044,0.37786346,-0.39514193,1.30009028,-0.84590454,0.75728171,-1.25649555,0.75855522],
[-1.34728249,-1.10471198,0.03179073,0.24287646,0.3913827,0.27913844,-1.43846011,-0.1884911,0.73184246,-1.75651102,-2.4147583,-2.26189146,0.12115771,1.96899647,0.00419185,-0.28786775,-0.46284575,-0.31934704,0.39711761,0.31053223,0.79140017,0.32435591,0.6960143,-0.12370784,-0.20710983,-0.14094612,-1.39706233,-2.86732594,0.90680102],
[8.98408122,11.63630187,-7.13417867,9.06651967,9.44433547,1.22340001,-1.14901474,0.32724789,0.03494675,-0.81015608,-0.78484692,1.23727956,1.39901237,-0.3986107,-0.76144179,0.86453898,0.0316962,-1.28302301,1.40930011,0.63530696,0.04309525,-0.37457689,0.76970813,-0.06860176,1.13935575,1.22544142,0.46066043,-0.57988447,0.79128608],
[0.2194,-1.56369864,-1.0907865,-0.14892408,-0.42997671,1.66402466,-0.82809873,-0.56979255,-0.27296607,1.04540055,-1.37286932,-0.49606847,-1.37590888,0.62482656,-1.31495604,0.67920254,0.24949146,-0.65936173,1.52354513,0.55422143,-1.30600163,2.82755027,1.61443233,1.96751856,-0.54837938,-0.54184806,1.43561834,0.11157303,-0.27907991],
[-0.5769897,-3.04432261,-0.91647055,0.28270365,0.39783126,1.14423674,-0.88239471,-0.76354007,0.93577399,0.51599863,-0.22926147,0.23137939,-0.31719024,-0.65711852,0.71979327,-0.28473861,0.73961228,0.25493668,-0.61896477,0.38451406,-0.54672085,0.1700389,-0.74953347,1.54723039,0.93121866,1.60463595,0.17600642,1.33307427,0.48369637],
[-0.03891225,-1.48673538,-1.14208266,2.8221997,0.05380345,0.56561078,-0.03709019,-1.47735063,-0.12630657,-0.0555878,-1.22034791,0.95065526,0.08943973,-0.41372835,1.64687902,0.227315,1.29557787,1.6221132,0.18411604,0.75098983,1.06638609,1.05020373,-0.53714734,-1.07164252,0.73126122,0.68830648,0.12662459,-0.58296029,0.51442709],
[9.88968121,-11.22797811,-9.91817046,-11.91785982,9.52797498,1.97784031,1.32050366,0.62237585,-0.31930137,0.99578864,0.95587376,1.84806637,0.26530536,-0.02570016,-0.57136093,0.59514908,0.53022103,3.04103336,-0.18417267,0.3343135,1.63624022,-0.54038513,0.13966033,0.11484959,0.20359306,-1.37578247,0.27671778,-0.20889098,-0.42447097],
[-2.15818751,1.48861477,1.14398715,0.9659993,-0.7854236,-0.15092217,-0.63312957,-0.94598264,0.82968103,0.3139812,1.10139728,0.3027403,-0.47449234,0.63857705,1.22952397,-0.22676324,-0.02990651,-0.89158066,-0.26471019,-1.19264834,-0.31653404,-0.98703425,0.59007986,-1.89105452,0.46002072,1.12390935,-0.27277532,0.74249128,-0.20998782],
[0.22251458,-0.64291835,-0.66052278,1.10031568,-0.61527172,-0.11830488,-1.49460776,0.39449887,0.77591433,0.96220047,0.01401912,-1.70632424,0.11322759,0.86140897,-0.64755817,-1.14492699,1.42852984,0.10593878,-0.25210665,-0.36866263,4.03864641,-0.37933996,0.80235187,1.54050794,1.41526105,-0.22465582,-0.97842529,0.01891863,0.31456864],
[0.69102384,-0.7063913,1.08739279,0.31624494,-0.06622081,0.13032111,1.65399454,-2.67990958,0.4612308,0.02772187,-0.44715177,1.44517584,-0.68217789,-0.15568738,0.01955214,1.33214497,-1.29112072,0.03966845,-0.71629744,-1.20204412,-1.2092477,0.0623767,0.79811866,-1.2970812,-0.25421895,0.45177017,1.73039145,2.03138151,0.90460065],
[1.27655019,-1.10328751,0.58902659,0.65077095,-0.63541543,0.85114286,0.66524217,0.38105236,1.03472518,-0.01250722,-0.80843128,-1.84031899,-1.51311963,0.43616384,-0.49944454,0.15773924,0.34434926,-1.10453397,2.49820619,-1.52370631,-0.64036024,-1.19506208,-0.03741764,-2.15926815,-0.30839904,-2.57686797,0.38995912,0.27132633,-1.23503166],
[-1.15006938e+01,-1.14845567e+01,1.15970867e+01,9.95777882e+00,8.87517590e+00,1.30023177e+00,1.36241239e-01,7.56069650e-01,-4.89079831e-02,-1.13870395e-02,1.81106251e+00,-4.25648528e-01,-7.79196637e-01,2.06074937e+00,5.87857713e-01,-1.01450407e+00,7.13689420e-01,-2.85096050e-01,-2.71665558e-01,1.34789890e+00,-2.85116942e-01,-4.90277140e-02,1.47610152e+00,1.83450105e-01,-1.12474458e+00,-4.24700022e-01,4.11324669e-01,-9.57619485e-01,3.43309227e-01],
[-1.55103217e+00,-1.79152921e+00,4.35233859e-01,7.12261951e-01,-1.67195160e+00,1.96042061e-01,-2.83861932e-01,-1.68177349e+00,1.68185887e+00,-5.48433085e-01,1.43854197e+00,-2.04827508e-03,-8.65896093e-01,1.75861496e-02,-8.73905459e-01,-1.72823744e-01,7.28645857e-01,3.30677714e-01,-9.20969598e-02,4.58884732e-01,-3.81530122e-01,4.58963343e-01,-2.72435296e+00,-1.01646364e+00,8.85900693e-01,1.53531643e-01,1.90997250e+00,1.29738320e+00,-5.89886107e-01],
[0.35515579,0.83350727,-0.95189806,-0.87392213,-0.92297903,-1.75701572,-0.24833994,-2.6212096,0.55653399,-0.12462361,0.09970373,-0.84028908,0.36684361,-0.22688167,0.84751949,1.19321389,-0.32513323,-1.73821622,0.25759243,-0.22100443,-0.17802447,0.36903739,-0.08215961,1.7943423,0.54986446,0.26253397,-1.29733345,-0.09662942,0.21755132],
[-9.37140460e+00,9.30063631e+00,9.95505059e+00,-1.09878789e+01,1.18686061e+01,6.13244365e-01,-1.51358782e+00,-6.81325052e-03,5.10637374e-02,2.44168143e-01,-1.74030528e+00,1.32799492e+00,5.16950452e-01,5.01128523e-01,6.95892716e-01,2.90058327e+00,-6.43068875e-01,2.28589940e+00,2.82905842e-01,8.86989741e-02,-4.02419587e-01,-1.36688357e+00,9.26006573e-01,1.84159675e+00,-1.38061380e+00,-4.71684974e-01,-2.17271453e-01,-3.07698249e+00,6.81627216e-01],
[-0.84761518,-0.11054815,0.05578808,-0.1863277,1.06367485,1.36763561,0.47285594,0.24159776,-0.4768809,-1.03780939,-1.05877123,0.1199795,-1.25629247,1.92971932,-2.24497113,0.38789367,-0.45367704,-0.42965532,-0.0310209,-0.0788689,-0.42950444,1.89445795,-0.87960568,0.825823,0.69747239,-1.18239182,-0.20502257,-0.68926162,-1.18714573],
[0.45452436,0.75353076,-1.06973233,-1.34644097,-0.1780561,0.93278903,0.54693132,-0.08274239,1.61290614,0.82937141,-0.16170975,0.53970697,1.99868348,-0.72188142,0.34973438,2.38083562,0.87222696,1.14367145,0.98712872,0.99552413,0.12113895,-0.7180742,-0.51292067,2.20570206,-0.95910586,-0.62787628,1.36990953,-1.71365211,0.38752277],
[1.25063117,-0.04834762,-0.41832617,2.21900578,-0.08664852,-0.18256582,-0.22306576,0.02401163,0.08134708,1.88395407,-0.50369538,0.04268973,-0.52421448,0.74282724,-1.87896532,0.01522812,0.76389256,-0.78064127,-1.48666635,-0.04661675,0.46488577,-1.68171152,-0.92557749,0.50598501,-1.72908265,-0.92112358,1.05398766,-2.21424242,-0.87845214],
[-1.26105164e+00,-1.03045760e+00,8.12773946e-01,9.15417617e-01,1.54147310e+00,-8.81108560e-01,-7.04722350e-01,1.17463881e+00,-5.61871485e-01,-1.22283849e+00,-2.94598480e-01,9.01922098e-01,6.10332347e-05,-5.12052853e-01,-1.18117996e+00,1.18465963e-01,-2.55271820e-01,-8.68502082e-01,2.11775443e-01,-3.87326669e-01,1.67487522e-01,4.02422874e-01,7.04968318e-01,3.34796782e-01,-4.32675101e-01,1.48323422e+00,2.09821177e-02,1.32414666e+00,5.41244735e-01],
[-10.0931401,-12.44465443,8.80788408,10.43489968,-9.81865289,1.04206283,-0.39071576,1.21620981,1.92556398,-0.13195444,0.04998307,0.26459439,-0.399197,-1.89846812,0.41003644,-0.16626349,1.09014176,1.0990894,-0.03231609,-0.59026608,0.31813944,-0.68404579,-0.81896118,0.99710628,0.92249604,0.12118771,-0.29792185,0.43806218,0.12006551],
[0.11251417,0.14243593,-0.16972898,0.30129252,-0.72240927,0.95722277,-0.87494761,-0.92149522,0.56636891,-0.82965824,1.63842668,-0.1177708,-0.04320204,1.90089054,0.95739228,-0.23643637,-1.75267561,-0.17800503,0.36077243,-1.58944289,1.07640199,-0.5557918,-0.82168758,-0.07895072,1.66766204,0.29726214,-0.90777904,1.25663031,0.76003079],
[0.29551961,-0.39974625,-0.32161099,-0.03658743,-0.54819894,0.50885126,0.08766032,1.49432351,0.17427658,-0.6862793,-0.52702192,1.19030382,-0.80432414,-0.64022943,-1.12725576,-0.68643332,0.90726049,0.093632,-1.98290703,1.27349199,0.4104464,0.27918731,1.54234172,-0.66500162,-0.09381848,2.26354059,0.63579757,1.09966425,0.08190887],
[-1.91045996,1.05853401,0.44457076,-0.84599178,0.15840851,-0.45918855,-0.27031544,2.61662517,0.79557735,-0.29423966,-1.21368462,1.00679951,-0.49474026,0.36364419,-0.60455964,1.14319023,0.22518505,0.34155286,0.5633363,1.38198906,0.90662417,-0.85815926,-2.2417904,-0.23691857,0.17146535,0.33944703,-0.53731626,1.62292203,-0.14410693],
[-0.38043922,-0.78962742,-0.83996553,-0.96436663,-1.4151031,-0.72819834,-2.21081701,-1.10189722,0.85216302,-0.79258465,0.40833162,-0.95177572,-0.35843911,-0.41093715,1.12221483,-0.12452771,-0.75557363,1.26837718,0.97208623,0.00949026,-0.67372966,0.74026041,-0.5836897,1.5147359,0.61031314,0.94855883,1.26775838,-0.47636597,0.26926373],
[-0.64641173,-0.46806612,0.74195435,0.02400429,-1.85641002,0.30843449,-0.86040594,0.56718026,0.15012748,0.23413639,-0.47926935,-2.41125683,0.19058891,-0.27270374,0.26375136,-1.32102608,1.16469596,-0.63504139,1.44244967,-0.14185715,0.01729169,-0.01932999,1.66527852,0.72477594,-1.0706036,1.78598158,0.51653522,1.64559278,0.2655874],
[-0.07047587,-0.67357578,0.51927575,2.195602,-2.41502027,-0.08875181,-0.02139345,0.49417345,-0.42743978,0.81159891,-0.94208699,-1.31361739,-1.27822901,-1.29766085,0.5880681,-0.25493126,-0.43206146,0.82773096,0.88128605,0.75353311,-1.33423527,-0.06748873,0.08264104,0.70636946,0.51928203,-0.6414371,0.099787,0.89476785,-0.10015052],
[0.28159872,1.30578366,-1.13776742,-2.14676359,0.12752351,-0.666791,1.0713366,-0.29234832,1.16200242,0.21847613,1.37132479,1.1843805,0.08993383,0.12684026,-1.21649002,-0.50320477,0.66253189,-0.2369231,0.54760369,-0.3918319,-0.4306089,-0.06716498,1.56685345,-0.75052305,0.99370577,1.22935544,-0.14066078,1.34682661,-0.10991016],
[-1.94452252,-1.22873365,1.25515005,-1.2524243,0.44109806,-0.00995593,1.98829838,0.22514341,2.13244671,-0.11413439,0.99742384,-0.52967131,-0.1461021,-0.92217951,2.292146,0.21428694,0.61432572,0.8699981,-0.28612405,1.8791694,1.23446485,2.08516837,-1.83715322,0.3813782,1.41202995,1.74260716,0.83544467,1.41527099,-0.61627365],
[1.38848098,-1.40599308,-1.0110291,1.38726423,0.42218378,0.85694598,-0.0819851,0.41714958,-0.48071729,-0.76388014,-0.27630553,-0.07543688,-0.20342084,-2.18956434,1.29274098,0.14603387,-2.16083888,0.51377245,0.70636509,0.02215951,-0.16663355,-0.26951849,0.37085699,0.43365773,-1.03339658,-0.93421212,-1.34250909,1.14924118,-1.10153413],
[-9.48412678,-8.51747788,12.89465854,9.09162284,-8.34767245,-0.54303593,0.50844748,-0.85110578,-1.66880437,-0.03186909,2.81791053,-1.18988268,-0.39706963,-0.21830357,-1.25458795,-0.91980578,-1.45412991,1.5828383,-0.50873231,-1.57341783,0.5442482,-1.05318747,-0.52084634,-0.27194891,-1.13324345,1.4646323,0.88797854,0.11993619,-0.61414559],
[-1.78314073,0.77419866,0.0526886,-0.89065381,0.67200258,-1.37427229,0.41359975,0.758629,-0.2987358,-0.6238429,0.86721719,0.6357887,-0.05288926,-2.16537727,0.37476433,-0.53068845,0.82477578,1.04876401,0.65567428,-1.07910967,0.77327618,0.45626685,0.70317344,0.20645948,-1.03656604,0.84952699,0.20058112,0.69818787,-0.29983677],
[1.04485873e+01,-1.12685944e+01,7.49557180e+00,1.10959335e+01,8.20537214e+00,-1.13906274e+00,1.51007059e+00,5.58880480e-01,1.28933038e+00,7.61020867e-01,7.68541895e-01,5.37529488e-01,-7.32570186e-01,7.36493959e-01,-6.48610918e-02,-1.06150915e+00,3.30411156e-01,7.99843815e-01,-1.18440915e+00,4.02844697e-01,2.73240185e-01,-5.62390228e-01,4.26289160e-01,1.52526514e-01,-8.48629450e-01,-9.73043600e-01,-5.18471083e-01,3.48150471e-01,9.55921769e-04],
[1.01978643,-0.13560881,0.47435184,-2.15238642,-0.29711118,1.55916232,-0.50556854,0.02511412,-1.74549842,-1.31140152,-0.28517404,-0.75457685,-1.0389138,1.00538382,-0.34215167,1.08387369,-0.14470121,-1.47329083,-0.02485767,1.39766707,0.06737375,-1.43141981,-0.22208424,-1.37265768,-1.18065388,-1.40717874,-0.91959374,1.64941026,0.88101704],
[1.00444022,1.71843393,1.16345746,0.27484275,0.38956335,-0.435602,-2.03010237,0.64758844,0.19684238,0.06806201,0.95745721,0.21766057,-0.20477193,1.69094596,-1.61122753,-0.98417418,-0.02166432,-0.816608,0.26998883,-0.32915408,0.76193655,1.2278014,-0.39915569,-0.11654208,0.67669911,-0.40478477,-0.68138592,-1.17745522,0.65613173],
[-0.38256763,0.37540153,-1.52892794,0.66673922,-0.6912951,1.33889915,0.44457027,-1.11199596,0.36935231,-0.95554089,-0.20404157,-0.19652866,1.15959722,1.02268094,-2.04411887,1.30146178,1.0675429,0.47813083,2.01693662,0.86148626,0.19572928,1.24895747,0.09372373,-0.31330999,-0.20800627,-0.36550915,-0.51564455,0.1374934,-1.35616783],
[9.77281471,9.22467245,9.71780312,10.85834774,-8.85223437,0.32607483,-0.23044402,-1.07678867,0.99906112,1.48330497,0.90421326,1.20489775,-0.35449762,0.12776865,-1.49727262,0.56166432,-0.57571257,0.08606673,-0.79645572,1.34933439,-1.23610628,-0.97728359,-0.27669573,-0.24470543,0.7316154,-0.72373997,0.20874914,1.24148078,1.00759624],
[0.09495603,-1.05825454,-0.27391354,1.5382712,0.35423216,-1.3446938,-0.94905669,-1.21415514,-0.06721364,0.72230144,-0.57819763,0.30458257,0.40430936,-1.73802422,0.65672379,-0.42303162,-0.77609791,1.77985391,-0.73710594,0.96496823,-0.65984131,-1.41964751,0.4223314,0.6236434,-1.63302012,-0.05580953,-0.71371992,-0.76889202,-0.22303718]]
[4.05263066,-0.17438417,-11.87517218,-14.64032338,-1.70188384,0.01948382,-1.82006112,0.97172484,-0.59024746,0.64333074,-3.31390239,-2.3218155,-0.65809628,-0.27903243,2.50875311,-0.25280979,-0.79290801,2.13418618,-1.3510629,-3.70433093,-0.75491706,-0.6943342,-3.32117876,-0.54941046,-1.32529018,-0.28851127,5.31723915,2.03815281,3.34650618,4.19371073,7.13217247,0.19111951,-0.99548803,-0.05663414,0.46186743,-2.05887867,-0.52933007,2.11887842,1.2053133,0.68220591,3.48354587,2.29058364,-2.38629227,-3.42068368,-0.6828763,1.66861292,-11.73704388,-5.85862148,-7.33195463,1.44167931,-2.2910404,-4.53525317,-0.35651145,-1.5601482,-0.12578351,1.53221296,3.44266299,2.06826851,-1.48004756,-4.5009116,-14.3683505,0.72523074,0.68748303,-1.09306426,-1.11617832,4.34779957,0.28316448,-3.30816373,0.62386263,-1.52159925,1.03836714,0.54951041,-1.3798261,-1.05887764,-8.57990154,-0.53051252,-1.77501606,2.22131306,-1.14348688,-0.3147173,-4.29614366,-0.25479812,-3.71347088,3.37757491,1.43064715,1.07203114,4.21590598,1.4308774,2.74000417,5.289169,-1.69513411,-3.90870577,-1.66963339,-10.88806563,-2.76233484,-0.51434639,-1.3567605,0.2425603,-4.17437244,-3.23412605,-0.62469237,0.85573339,-5.80615717,-2.58272153,-0.82843063,-0.68964156,-1.12152142,1.3875665,4.65327441,3.2596831,-3.00428141,-11.5550467,1.59764856,-0.3572451,-1.67726849,-9.323596,-1.26734409,-3.27804813,1.3027516,-12.53614387,0.78327121,-0.34673579,2.4250506,0.25871938,-8.69519078,-4.88439502,-3.36418759,-7.59656654,2.04434644,-1.45191248,2.52645721,0.36830398,-5.52236125,1.39772069,-0.3008243,-2.59242468,-4.76482319,-1.30843124,-1.92961538,-2.25188186,-3.0984623,1.73821445,-7.53616221,-3.15386001,-12.49657967,-0.40044011,3.58641346,-2.02861802,-9.10055768,-1.14948309]