[[-1.5042993,-0.10044636,1.50437557,0.75596709,-0.08608273,0.8716374,-0.99809606,-0.78941015,0.52187956,0.1005442,1.10509548,-2.3940218,1.66590963,1.82521193,-0.44942581,0.31593872,1.27016738,-1.19876784,0.01641389],
[2.53323857,0.45856242,1.15748781,-1.13039755,0.70445945,-0.11605652,-0.25422112,0.27928069,-2.65745938,1.36803753,-1.54717013,-1.21710233,-0.04495199,0.83184267,-1.11551677,1.73770365,0.13296413,-1.45320152,-0.63480518],
[-1.25668845,0.43689426,0.42986682,-0.64361339,-0.15909811,1.12720933,0.94337384,1.25439281,0.74463841,-0.53927774,0.56470009,-1.50003761,1.85916197,0.36604024,0.49120822,-1.74291682,-0.07121589,-2.45384177,0.13911942],
[1.01724569,-1.2113836,0.34344753,0.51400071,-2.38387061,-0.74916907,0.34916949,0.68903514,0.37462638,0.69177386,0.51281443,-0.23425057,-0.49246751,-0.08068804,-1.40349419,2.27961128,1.363367,0.02523088,0.14949596],
[0.71639984,1.63365577,0.72564351,-0.32290031,0.65357375,1.18446948,1.44986269,-1.14139307,-0.88673381,-0.09577019,-1.58789761,0.69667806,-1.00415642,1.74274119,0.30917251,-0.25594381,-1.4220176,-0.80257132,1.78100795],
[0.54435013,-0.26390681,-0.60097535,-0.36521268,0.21965182,0.69793668,0.72027283,1.46485195,0.03763113,-1.28082663,-0.69291859,0.08008346,1.05634809,-0.07474447,1.04774533,1.27974744,0.14256943,1.38198493,-0.72562015],
[-0.11036501,-0.92867516,1.0460542,0.11563244,0.85951685,-0.92799078,-0.44457218,-0.57164452,-1.37019316,-0.9691543,-0.21295045,0.06542243,-0.89857975,1.37019347,-0.44824804,-0.35746514,1.7772298,-1.07952915,0.18607637],
[-0.67349663,0.85999074,0.74268051,-0.01457185,-0.35654477,-0.79587248,-0.57100634,-0.7662329,-1.73565668,0.35218023,0.53963862,-0.21445283,0.90737701,-0.35185246,-0.79587242,-0.3287067,-0.59751255,2.36888063,0.64010404],
[0.54712955,1.91864593,-0.78107091,0.01719952,1.66263787,-1.08918018,0.53447283,0.82291018,1.2672462,1.82608424,-0.10659082,0.14255926,-1.03414993,-2.57721824,1.36869923,-0.77542018,-0.99692025,-1.24448257,0.52007802],
[-0.97504258,0.83487177,0.46447987,0.52178076,1.57587023,0.89042179,0.58380783,-0.02714765,0.30161172,-0.20161973,1.5712906,-0.27969501,-1.68495016,-0.10584427,-0.22524602,1.11918881,1.7406707,-0.35403371,-0.18209582],
[0.78988195,-0.58764977,-0.41201384,-1.13818202,0.66465078,-0.25767808,-0.2344682,-0.0438133,0.59023349,-1.3753156,-1.59409138,0.26230703,-0.21018004,-0.11253669,0.87487524,0.02105151,0.37820329,-1.88540168,-0.18559293],
[-2.03977432,0.04170227,0.91265742,1.81583933,-0.29858509,0.42370881,-1.02574218,-0.42410857,0.62833237,0.97524505,0.61250672,0.25988536,0.96281186,-0.73976504,-0.53014535,-1.08684127,-0.27735366,-1.08998097,-2.05375061],
[-0.95437421,0.40733017,1.26837529,-0.01227907,0.53694079,1.12343787,-1.05898254,-0.99289083,-1.35560025,-0.28285593,-0.58212047,0.18904439,-0.26560367,0.3046161,0.69030118,-1.48234847,0.6755213,-1.36659405,-0.03688092],
[0.26627504,-0.25433614,-0.16891423,0.13042078,0.48701182,-1.29026946,0.76160256,0.38364515,0.60696838,-1.02318111,0.01475221,0.62036101,0.31106076,-0.35258224,-0.35424354,0.04687748,-0.08404745,0.6038564,-0.15500857],
[1.26530922,0.82414316,1.14708583,-1.05115972,-0.00757353,0.60568386,-1.23812636,-1.2218744,-0.48443078,1.15261414,-2.28838011,0.32545449,1.39514804,-0.74926042,0.88552285,1.53056165,-0.30314881,1.93469464,0.70379435],
[0.53051508,-1.57269229,0.5357937,1.52778084,-0.05203745,-0.79538152,0.38064612,-1.31963894,1.84935124,-0.28735989,0.43986191,0.39431782,-1.44871167,-0.66583924,0.23341222,1.75444694,1.74893424,1.84149394,1.22287915],
[-1.62410592,-0.46391473,1.6095852,0.69075742,1.4258305,0.25212164,-1.4977677,-0.42655132,0.83364461,-1.34656892,0.75490987,-0.9391087,-0.0886479,-1.56187092,1.93901744,0.73928158,-0.18157147,-0.00596451,-1.31678443],
[0.03850475,0.87382282,-0.42381155,1.48079353,0.50371084,-0.61204496,-0.26544531,-0.65598726,0.50676306,0.16431563,1.15743211,1.30394577,-1.03146996,1.86197183,0.30293957,1.09388258,0.76442871,1.48557707,-1.27038362],
[0.1087877,0.63348256,-0.13407638,0.11558955,-0.26234667,-0.41115156,-0.00465591,0.53240558,-0.95040958,0.38532826,0.25073368,1.14248115,-0.52966368,-0.00399274,0.14579684,-1.24567893,-0.84593899,-0.43403681,-1.34327418],
[-0.67455761,-0.56271268,-0.12726484,-1.50362622,-0.30061818,-0.33391267,1.47828555,-2.08196194,-1.13442931,2.83770716,0.60957255,-0.95066389,-1.43195418,-1.32366228,0.47035818,1.0479803,1.54894927,0.95520811,-1.55188016],
[-2.03264892,1.09542691,1.59386428,-0.01339555,1.01750705,-0.39764478,0.65398757,-1.80411272,0.13240139,-1.71667538,-0.05684101,1.19130229,-1.69481983,-0.49105029,-2.27498716,-0.7790869,1.00782107,0.71440903,-0.21959015],
[0.32905817,-1.02806349,1.19350492,0.29048698,0.48031758,-1.24047653,0.72957184,-2.22850404,0.0838337,0.52562157,2.59318956,1.77457534,-1.19684551,1.58643794,0.40682382,1.13330139,1.14669013,0.69946332,-0.63544632],
[-0.62970853,-0.65934629,1.17936568,-0.12212964,0.19593083,-1.00595555,-0.4710349,-1.09344277,0.2102539,-0.05673733,-1.92654203,-1.69412379,1.13973724,-0.2940998,0.11918653,2.33923774,-0.51428702,0.01513805,0.48916197],
[-1.33409509,2.20725049,-1.55593098,1.01959852,-0.54464197,-0.32581203,0.98502604,-1.03402295,0.38131886,-0.31688061,0.75466098,1.04190996,-0.8457312,0.27147392,-0.66939926,0.15294184,-1.09551806,0.04661432,-1.43747567],
[-0.59555452,-0.7073471,-0.38744526,1.2107809,2.23736134,1.27332814,-1.75194659,-0.66183861,-0.62146743,0.73100116,0.04182287,-0.50439541,-0.00853137,0.14159274,-0.16089369,0.84000179,-0.10723934,-0.08032656,0.0508739],
[-0.70082131,-0.62925127,-0.49048401,0.46161946,1.05381613,-0.24694941,-0.89436272,1.24458184,-0.30520182,1.22039656,-0.99745744,-0.32205212,-0.71536688,-1.14852549,-1.8312956,0.84900558,-0.24548279,-1.21971189,0.43718348],
[0.47974979,0.88904043,-2.01160012,0.7763706,0.48299385,-0.8883586,-1.36520972,1.82407334,-0.94309697,-0.62865389,0.38211521,1.02031759,0.132858,-2.67813415,0.57319476,-0.08096689,1.03366502,-0.23653098,0.18747564],
[-1.32271678,0.98203019,0.61836025,0.24594066,0.32093277,-0.55250626,0.713703,0.34492435,0.44144683,-1.47558599,-0.31589449,-0.92738968,1.25923986,-0.20351069,0.03938611,0.91352876,0.31943209,0.64751677,2.79299913],
[-0.57026736,-1.86443889,1.17356443,-0.82541308,-0.65990774,0.57505958,1.45215238,0.66548712,-0.17490999,0.08089723,0.83577942,-0.89383771,-1.32250849,-0.18458497,1.58176623,1.40561995,0.22206251,0.27876396,0.70133128],
[-0.62867183,-0.79376483,-0.92364521,0.75387876,1.76470976,0.7132469,-0.81965425,0.14339451,0.14719016,-0.88913699,0.62466943,-0.27755909,-0.4524406,-0.36359333,-1.28180816,-0.95377805,1.46203103,1.08614252,0.18266435],
[0.31266785,-0.50473477,-1.86719676,0.59295037,-0.04669696,0.70124901,-0.74683127,0.38166985,-2.36457216,0.03212712,-0.53579401,-0.26526549,-0.69585496,-0.90562792,1.32183996,-0.78676985,-0.73036936,0.22012953,0.02156045],
[0.87713176,0.83765766,-0.05600998,1.98287125,0.37765866,-0.34331614,-0.10110413,0.45075602,1.48420296,-1.12432854,-0.51261067,-0.49070058,0.53269409,-2.45938356,-0.2363499,-0.28679174,-1.29453988,1.06460106,-0.37755463],
[8.84108839,-9.09551629,10.2812807,-9.57298271,11.02134624,1.22026514,-0.69894209,-0.39402097,-1.83409888,-1.24804851,1.21095837,-1.086407,-0.39940035,-0.54837033,2.48716137,0.33182118,0.82902161,-0.40483619,0.09969645],
[-0.09035446,1.29956104,-0.015811,-0.30016578,0.06852782,-0.79659447,0.91772595,-0.2793692,1.06630122,-1.64082433,0.84592132,1.31565225,0.53094814,-0.97967973,-0.31153739,0.57923873,-1.48317015,-2.73264684,-0.30792342],
[0.34048346,-1.41741023,-0.04879424,-0.36264941,-0.13233661,-0.87770358,1.96847271,0.32684392,-0.89058714,-1.58440433,-0.74028516,1.39597725,0.20586599,-0.07760547,-0.00460671,-0.4239809,0.88466336,1.12633574,-1.1991824],
[-0.83032068,1.34016713,0.74622664,-0.01450226,0.50365937,-0.37729093,0.64015463,-1.22055966,1.14884969,0.02840817,1.13813988,-1.82055705,-0.0257688,0.3166157,-2.81122107,1.61568697,-0.67910245,-1.17462967,2.2438512],
[1.7686611,-0.7943104,0.01767669,-0.44206923,-0.82410546,0.59939692,1.17400625,-0.88388303,1.18837262,-1.18293518,0.52397531,1.3368664,1.28853568,1.14512972,-0.50160477,-0.21799018,-1.80454428,1.06143,-0.65273745],
[-0.18665426,-0.82482172,-0.4564895,-0.96120752,-0.71533018,2.89769383,-1.46478666,-0.66794329,0.33514541,-0.08182568,0.13817349,0.34161104,0.50582183,1.02118195,0.86445523,-0.69933361,0.09543928,-0.35379602,1.08862202],
[1.42589311,1.18949148,0.7255596,-1.33027049,1.36214454,-0.48506244,1.235816,-1.63244604,-1.35252256,1.14467178,-0.6793371,0.51797472,-0.59347261,-1.20010062,0.19613967,-0.3903441,-0.1983478,0.36998454,1.32710158],
[0.67172803,0.94580963,-0.52223515,1.2959108,-1.61058832,0.0147481,0.1334632,0.00793254,-0.02743028,-0.84844811,-0.48709141,-0.60338467,0.47798369,-0.18443824,-2.23119547,-0.50584449,0.10291793,0.85020351,0.46958755],
[0.33946916,0.07647427,0.32573661,0.31287418,1.27211461,0.48519352,-0.09624106,-0.33011145,0.63469988,0.31956376,-0.76146373,0.36487721,-0.06720451,0.39470489,0.38946927,0.71120973,-1.54952997,0.59844489,0.6046778],
[0.00702778,-0.18626029,1.04113722,0.12514649,0.07339563,-0.76201259,-1.43110391,0.28361621,-0.96338138,-2.44518548,-1.57265138,-0.44664311,1.04987445,0.40787981,1.27074372,-0.01185728,0.27357182,-0.56466853,0.47480619],
[1.48491228,0.49082868,0.22748251,-1.652038,-1.13765248,1.56620449,1.4966068,-0.26618191,-0.57557122,0.57918072,-1.15350646,-0.80769873,-1.16911485,0.19590117,-1.06430098,0.08306756,-0.55840176,1.14453894,1.95616393],
[-0.68066328,-0.63754582,0.64324886,2.5455823,0.13957132,2.28802709,1.60419512,-0.69346173,-1.53616139,1.04636476,0.15969109,-0.33546459,1.64959911,-0.74195835,-0.64242534,-0.73419638,-0.04542228,0.00896831,1.84279893],
[0.21610765,0.10528761,-0.16227711,-2.09480451,0.27503338,0.05748926,0.70261182,0.13603504,0.84107371,-0.71811613,-0.31441027,0.2521661,-0.1578155,-0.72595021,0.39192903,1.20592651,-0.50263397,0.80852746,0.51895562],
[-0.00805288,2.18407121,-1.42867868,-1.76468025,0.33570491,1.99459929,-2.08023755,-0.45543061,-0.6872674,-0.1725582,0.3620552,0.16153582,0.40864845,-0.26225789,0.18247554,-0.89571849,0.52333636,1.18716204,-0.33866527],
[-0.91135925,-0.14397415,0.85071166,0.29284917,-0.33871342,0.44070308,0.71273787,1.93250237,0.09707525,-0.11663339,1.10033009,-0.41005037,-0.59858837,0.67880787,0.81096071,2.06660056,0.54433317,1.02209536,0.68128053],
[-0.00895082,0.03663801,-0.30208487,-1.51819862,0.02436148,-1.33406452,-1.19182451,-0.25728983,-0.92224647,0.62210766,2.52621967,-0.78061945,0.36035919,1.7497554,-1.10375243,0.50169288,1.41970156,-0.16837965,0.1462338],
[1.94299558,0.12039184,0.79611029,-1.05573424,0.06279922,0.90890746,0.31175823,0.0598427,0.92468127,-1.94192563,0.48859324,0.24802667,-0.43407304,-1.25435983,0.53516299,0.52856163,-0.06693527,0.23226837,-0.44120242],
[-0.68280571,-0.72146436,1.17878099,-0.2960501,0.81283358,0.89308615,-0.02817152,0.15299784,-0.07871703,-0.07777613,2.34049797,0.00408947,-1.57321545,0.50227223,-0.04375161,1.16229644,1.19631623,0.53484549,0.65377713],
[-0.72747259,0.87715869,2.31261575,-0.29302041,0.50205258,1.59585143,0.67433434,1.29655866,-0.02700778,1.16440614,0.32789146,-0.84746106,0.68346035,0.22365635,0.23792377,-1.23391909,-0.04647577,-0.60442449,-0.29093169],
[0.62506992,0.9939003,0.26819093,-0.76424316,0.71833246,0.13357341,0.98977915,0.69191463,0.8719877,3.02160625,-0.08864042,0.76037168,0.1179819,-0.80705842,1.12759421,1.0216963,-1.74044957,-0.86566997,-1.32393781],
[-0.39160204,0.57259351,0.30469079,0.18910096,-0.5263989,0.73624186,-2.0323977,1.54493601,-0.5182194,-0.27592973,-1.30534315,-1.5867922,1.01828284,2.12336695,-0.68439596,-1.01692217,-0.46411852,-0.67107545,1.22228618],
[-0.25030121,-0.52837111,1.28078287,1.81326439,1.36667266,0.90985053,-1.74670886,-0.57232032,-0.87681834,-1.78467698,1.15584632,0.04207556,0.30074358,1.28371777,0.91647163,2.5129134,0.19261032,-0.47417841,-0.83430007],
[10.03020413,-8.53320109,-5.57910145,-8.21907769,10.53987353,1.14683695,-1.54263372,-0.19286022,0.64197081,0.63036951,1.05324019,0.84180203,0.50101894,0.96192347,-1.13354461,0.77041113,-0.04858278,-0.02643,-0.23616074],
[-1.78644425,0.23678725,1.61590485,0.19044028,0.69477744,1.60565864,0.63361249,-0.21384274,-1.21173822,-0.13345154,-2.41572508,0.20242437,0.92731042,-0.69097066,-0.73757838,0.24095389,0.41163296,0.48295994,-0.04576448],
[0.68685096,0.48651715,-0.29783859,0.84597937,0.29517688,1.12770927,-0.24717805,-1.73657967,-0.92230248,-1.87708946,1.7690194,1.84917495,-1.24175511,-1.7536816,-0.63624692,0.36644046,-1.19852396,-0.09517446,0.03471676],
[0.20447013,2.45678313,0.65963517,-1.72012628,0.324294,1.18601549,0.77145663,-1.41923705,0.43298774,-1.25803058,0.46409315,1.79236697,-2.21227323,-2.99851029,0.12918424,1.18847054,-0.11748522,-0.10762544,-2.05380407],
[1.24756971,-0.7181985,-0.28660522,0.19922606,1.77636925,1.46641466,-0.99100145,-0.88139277,0.49266396,0.34007301,0.86720931,0.90960178,-0.42632271,1.28758471,0.28047137,-0.18747995,0.1176946,0.21410673,0.46202882],
[1.90808213,0.75131111,0.25219656,-1.82947771,2.09570818,-0.99522181,-0.37255734,2.8389579,0.24022505,1.29413001,-0.28451999,0.16142561,0.77431595,2.30588971,0.23254497,0.49343389,0.30310137,0.76475096,1.65761459],
[0.85668226,-0.1742514,-0.28714289,-1.15879529,0.15362099,0.83990622,-0.9525015,0.71338032,-1.44960102,-0.55349385,-0.21491116,-1.22143629,-0.56326186,1.17591663,-0.51796074,0.00492148,-0.36887564,0.18244743,-1.17990425],
[0.05083136,-0.55353016,0.12948866,-0.93733798,0.16003435,-1.97317853,-0.19658903,-0.97280574,-0.59035951,-0.83259314,-0.79432015,-1.59950096,-0.29946482,1.22552917,0.12369222,0.05379257,0.94443481,1.41489013,-0.48406887],
[-1.97495765,0.69108018,-0.00886356,1.21518218,-0.3570617,1.71444813,0.53288847,1.10021173,1.24589828,-0.59688852,-0.02817598,-0.41681437,0.57025165,-3.68590688,-0.95044294,-1.91721505,-0.11262837,1.12409747,0.29085986],
[-0.88073004,0.91590189,0.61171089,-0.31212018,-0.54319421,0.25602305,0.38418123,-1.03355145,-1.23347651,-0.2579684,-0.86113879,-0.52614733,-0.7143557,-0.87845159,-0.87663253,1.09761036,0.00273347,0.21518678,-1.49838071],
[0.25942179,0.15503225,-0.84682753,0.52639095,-0.88539968,-0.09257315,-1.13548391,-1.3505841,0.46482376,-0.53079602,-1.4551099,2.60326572,1.15700467,0.01913069,1.04731878,0.51263363,-0.14132177,-1.85546909,-1.42071513],
[-0.02012418,-0.57667171,1.71248856,0.27433419,0.65275966,0.3783917,0.11417834,-0.41162261,0.65958763,-0.2385124,0.51632292,1.27748496,-0.34209334,0.00936311,-1.74487007,-0.62658519,0.38831622,-1.13583169,0.83488743],
[-0.20539605,0.54591465,0.07690635,1.03431421,-0.062058,-0.19218757,-0.22516051,0.81450447,-0.59625125,0.98343136,1.03914957,0.75084167,0.48926892,0.31924388,1.64196628,0.30480618,-0.34746198,-0.27042465,-0.970523],
[0.18740969,-0.15046214,1.72947981,-1.07006247,0.92683593,-0.23839798,0.03224332,0.61860256,0.93395823,0.44412741,0.12963854,-0.84449519,-0.28119693,-0.89386498,0.00729227,0.65371756,-1.52732574,0.85385529,1.35620017],
[1.42733302,0.28751498,-0.60637306,-1.1208696,-0.79537652,0.14958921,1.31910828,0.00918991,-0.51073333,0.13488976,-0.44842715,1.13569643,0.62132446,-0.2455298,0.19030625,0.39285089,-0.1987535,-2.50678828,-2.39285285],
[-9.08243609,-10.80276796,12.8860372,10.94534558,7.99088576,0.58890222,1.32433804,-1.15765088,2.76075264,0.52420232,-0.19544895,0.28463422,-0.56899889,0.32101469,0.79140735,-1.66735672,-0.08840739,0.72167446,2.24264408],
[2.92186396,1.07451567,1.05349669,2.04032743,0.45051701,2.08994749,0.11474173,0.67987085,0.09056368,-0.85512427,-1.06022839,-0.2598699,-0.00895874,-1.64681625,0.73499165,0.78078795,-0.39341595,-1.02928574,-1.08628307],
[-0.35592647,-0.52580038,1.09623214,0.77092241,-0.10840613,0.75768876,-1.11369753,-0.0983364,-2.22031629,0.81137667,-0.60359685,-0.00931674,-0.13585248,0.36612678,0.91790007,0.7887653,-1.70853002,-0.62879731,-1.01701598],
[0.58502293,0.44822425,1.030273,2.01827839,-0.3963622,0.00539951,0.40286769,1.20136442,-1.27255133,1.34022375,0.45670336,2.1362593,0.51938694,-0.43344405,-0.4963643,0.23480718,-0.37161312,-0.1528246,-0.71789765],
[-0.96393422,-0.00757576,-0.91984676,1.56503477,-0.47133588,-0.13139606,0.38825977,-0.28722972,-0.78677818,2.10914867,0.68264015,-0.94382361,-0.46370778,-0.20294203,-0.32440847,0.69901218,-0.29805823,-0.48446957,1.02438854],
[-0.80916384,0.14944501,-0.89379416,-1.02611834,-0.50572567,0.04284624,-0.84174611,-0.77215982,1.40195231,0.21999753,-0.16896309,0.71170972,0.65275789,0.64947063,0.39701221,-2.03864571,-0.75467245,-0.24702503,-1.07395847],
[0.02274429,-0.18321741,1.89573117,-0.5506679,0.88077632,0.18062884,1.51679115,0.84362444,-0.3830838,0.35322307,-0.65783365,0.90021184,1.13347019,-0.99641324,-0.85858299,2.17661211,-0.78941401,-0.43468735,-0.49538324],
[-0.34195897,-0.11866867,0.86901564,0.45317018,-0.41033733,-0.06947826,-1.09712602,0.55377802,0.37814666,-1.54663911,-0.17616051,0.74142818,1.54136686,1.74541232,-0.2347287,0.57411212,-1.19752062,-1.72812034,1.07399654],
[0.1380933,1.16929973,0.95291729,-0.51926094,-0.46370683,0.49576853,-1.48079282,0.65542806,-0.56980117,-0.14696903,-1.23287203,0.09050897,0.62746098,0.42130599,0.0149784,0.26776061,-0.88298361,-0.06123969,-0.86311834],
[10.58089038,-10.38465547,9.43891588,8.86135705,-10.13954704,-1.34712175,1.75691211,0.89732394,-0.8397468,0.29555512,-0.65710243,-1.07480057,-1.61833612,-2.01276738,0.73470336,-0.28876374,1.11448285,-0.07935278,-0.60076089],
[-1.10543259,0.69257051,-0.82721614,-0.32436215,-0.79749429,-0.29034087,0.30348921,-0.39906366,-0.36353299,0.1874898,0.17367934,-2.31784546,0.33509841,-0.29650364,2.43233739,-0.63471881,0.79377586,2.58971211,0.6614766],
[-1.7918208,0.05579745,0.51098305,-0.24790389,0.20408353,0.10994529,-0.86252369,-0.91405747,-0.08671507,1.35018709,-0.29154189,-0.71625139,-0.14813965,0.44873257,-0.81586067,1.87675079,-0.57604678,-0.16130007,1.59434712],
[1.03868608e+01,9.45729427e+00,1.23645950e+01,1.02929428e+01,-1.04575881e+01,-8.51546569e-01,-1.53568219e+00,4.52274234e-01,-2.75283067e-01,1.92398695e-03,3.08729358e-02,1.58395142e+00,-1.13863791e-01,7.76538609e-01,-9.64550144e-02,2.15546443e-01,-1.17567675e+00,1.47303666e-01,6.27493628e-01],
[0.67996438,-0.88000262,0.99150495,-2.05008485,0.19610383,-0.14020388,0.40774999,0.5356879,-0.01427717,-0.82410749,0.76531184,-0.92754256,-0.71861992,-0.8863252,0.89867708,0.02870024,-0.81179238,0.65923324,-0.03825806],
[1.83777,0.38306449,-0.72945799,-1.55049984,-0.25578726,-0.50820159,-0.87543072,-1.76233328,0.22717149,1.88645155,1.04195487,1.777603,0.64468416,-0.16452159,1.54586016,-1.03308779,-1.65990695,1.21383541,1.70539238],
[1.62990917,-0.21925462,1.69610735,0.8415423,-1.18597514,1.07998846,0.81710955,1.12290447,-1.31595593,-0.18030457,-1.17111175,-0.90030278,-0.11038474,0.12163741,-0.50164033,0.75769344,-1.2083542,-0.4918147,0.72521733],
[1.13755309,1.11493927,0.076752,0.84503736,-1.72867769,1.42618973,-1.34736964,-0.87180789,0.35370909,-0.25225658,0.86973033,-1.2000623,-1.2898515,1.38218029,-0.85028114,-0.16111179,-1.53951037,1.63611432,0.36716872],
[1.07663345,0.55199701,-1.87960597,0.55462955,0.52669573,0.16050114,0.16678458,0.26284337,-0.11861953,-1.55150598,1.36591828,0.3906656,0.10671859,1.55159414,-0.83735336,0.18251551,0.05728483,-0.91611612,-0.95666577],
[0.10164309,0.91916548,-0.22187638,-0.314171,-1.27525828,-2.00423838,0.445144,-1.63475762,0.1363464,-1.3017617,0.24664505,-0.32656941,0.13239547,-0.45047789,1.29854488,-0.48551496,-2.47657087,-0.39183503,-1.01609783],
[-0.08781755,-1.06123035,0.76422432,0.30310801,-0.09083177,0.80177325,-0.32815859,-0.55279777,-1.5500206,-0.91019562,-1.18929185,0.2381287,0.48486869,1.12917748,-0.17875467,1.03086451,0.24967298,-0.56620513,1.76356227],
[-1.30136318,2.5599611,-0.49865633,0.70105458,-0.53528662,1.14744084,-1.79854596,-2.62765592,0.40568612,0.19566629,-1.07521283,-0.08708036,-0.04835078,-0.7267772,0.09208288,-0.55586136,-0.01131334,0.83666772,0.52406381],
[1.28000381,1.29531078,0.5270363,-0.59443401,2.35071212,-0.43103207,1.28475978,0.22245996,0.0735007,1.24574564,-0.1134581,0.52484713,0.46740516,-0.748095,0.03298095,-0.01817766,-0.05014945,-0.3908469,1.15198513],
[-1.15904953,0.46892325,-0.26062462,1.01750067,-0.45619599,-0.64750883,1.05845395,0.17841534,1.77638661,-0.22957638,0.03156942,-1.00973077,0.09204795,0.27257078,0.25594253,-0.01306521,0.32688202,0.29028485,-1.77986545],
[-0.38948653,-1.53001043,0.17917687,-2.49653353,-0.18613633,0.13816167,-0.10600465,0.02482171,-0.8611029,-0.45737763,0.98989976,-0.6575475,1.03366222,-0.60386356,-1.94270925,0.84675736,2.08928289,1.95360651,1.50012711],
[9.75681865,-8.73996774,-10.33435492,-12.05025462,10.45937232,-1.44275589,1.64023825,2.0624912,0.46215572,-0.67242056,1.26454153,-1.4910102,0.43403012,0.32156086,0.23910607,-0.61664742,0.07135747,1.21631572,-0.24290777],
[0.4029253,0.77141139,1.89192244,0.41218572,2.8449833,-0.14179291,0.14090573,-0.04624172,-0.34837059,0.17120444,2.17867796,1.76357785,0.61229551,0.59699978,0.36168187,-0.90878591,-0.43145845,-0.47665292,0.09561238],
[-0.77042925,-1.0454792,-0.33626747,0.28650485,-0.91252021,-1.33555349,-0.31095241,-0.6330239,0.36631333,-0.57804034,-1.20252471,2.5877196,-2.12040774,-0.24412615,0.30095484,-1.22956126,-0.46378817,1.13177542,-0.59719014],
[0.41944883,0.35748223,0.83928346,2.04739292,0.18420884,2.87505582,0.33106517,1.25557392,-0.38055126,-0.64833328,1.28171251,-0.1347556,-0.31541702,-0.33070288,0.21908298,1.27848955,-1.10454257,-1.16772401,0.70954692],
[-6.86702236,13.00618401,-8.59838208,9.9397884,-9.86323492,1.18038967,-2.43478835,0.48023381,0.01574434,0.452807,-1.53488045,0.98795234,1.27521901,1.45793232,-1.45012586,-0.93905849,-0.5418491,-1.62716265,-0.15121889],
[1.54858374,0.87020086,0.78891087,0.6939234,0.35804985,-0.02447934,1.10634214,-0.85870305,0.92281462,0.29991508,0.70140964,0.27693707,0.72428216,-0.10504282,0.17374333,-0.57488844,-0.12553487,-0.10436083,0.65792109],
[-0.11121759,0.92555585,0.91158022,2.70083071,-0.44012668,-1.76091832,0.13130264,-1.43834357,0.13668297,0.25485377,0.04674309,-0.83175292,2.81920417,-0.0819731,1.30271916,0.58668524,-0.58234219,0.60086204,2.01514482]]
[1.43308975,5.08874523,-1.65920607,-2.7226336,5.06356026,0.57672443,-1.01193264,0.92575815,2.29057218,2.8060618,0.28314393,0.61682196,3.08785422,-0.81662938,2.79091962,-0.96982523,2.047369,1.87843073,-0.28585666,-3.49489215,1.64290783,-0.07260637,-1.84345793,-0.53950416,2.72399171,0.10685489,-0.62114472,-0.48920808,-1.94999424,0.45108705,0.73966388,3.23052613,-7.41879223,0.68559445,-2.64036476,1.56994482,1.3978594,0.47555408,5.08191232,0.44203535,3.79301405,1.09563495,1.76700374,4.50163931,-2.08995967,1.35474237,0.42785932,-2.72638154,3.37672444,0.6195691,3.69459625,2.05398786,1.6246882,4.82369396,-3.9899857,1.8862248,4.37864404,3.56453528,2.94072831,2.6224529,1.11507274,-4.5164803,1.94467632,-1.00843604,-1.47536539,2.76561981,1.95167175,1.41995842,-1.55848824,-12.31842813,9.15192822,2.21751099,3.12541707,-1.04485424,-3.70088154,3.00259304,0.20782242,1.77899997,-12.6591979,-2.55927647,-2.10299114,-13.44178082,-0.80301887,0.57803858,4.06982436,4.30245987,0.61052502,-2.12999076,0.3057568,2.46048486,4.3126223,-1.04373334,-3.64973957,-12.76708465,6.28802491,-3.96323804,5.67722986,-3.39107842,4.39596965,1.98261502]