[[1.10973516,0.18070129,0.02041616,-0.85757771,1.03462997,0.15101932,0.2987622,0.19776286,0.35249657,-0.93678019,-0.16111227,0.20478784,-0.11739241,0.93259361,0.36457202,-0.27260566,-2.17341141,0.63142665,0.36741828,-0.36449394,0.06184338,-1.95402484,-0.85554658,1.24459566,0.01840394,-1.06077621,-0.59557687,0.40919188,0.49789043],
[0.93945126,-1.10948065,-1.11679205,-0.93900344,0.34189953,1.33030341,1.64973228,-0.18649263,0.66773265,-1.45512489,-1.83390268,0.30078676,-0.70533366,-0.72238314,0.09913837,-0.63299013,0.28515714,-0.15283804,-0.86336263,1.66442635,0.5384306,1.07260383,-1.01688845,0.01673833,0.19065981,-0.3483448,1.66722692,0.8884971,-1.32917055],
[0.21341412,-0.06924768,1.94702477,-1.01464721,-0.77993212,0.59532642,0.17783989,0.09496001,-0.84614067,0.46103064,0.49139398,0.82121129,2.76786747,-0.78682016,-1.51105096,-0.43162823,-0.20679273,-0.16288476,-0.58518208,-0.60317745,-0.02622597,-1.3217605,0.37740054,0.37934872,0.19111472,-1.07581662,-0.81748487,1.96161834,0.08272864],
[-1.22820701,-2.83653964,0.14675422,0.54527464,-0.18152031,-0.45680598,-0.55220089,-1.30111998,-0.17368135,-1.06938257,-0.23325594,-0.06043127,-0.46077849,0.52604398,-0.69170781,-0.3442741,-0.15462249,0.18467631,-0.06946652,0.96134076,-0.08311627,1.03877598,0.64201478,0.1044748,-1.19268174,0.10847055,0.25190885,0.74003938,1.59521768],
[11.66879671,8.08660706,-10.49594561,-8.70391357,10.39699303,0.40170007,1.24960619,0.2659369,0.5039936,1.43425755,-1.03780692,0.07102488,-1.19259033,0.94385236,0.26192273,0.57739912,-0.2777474,0.21697997,-0.51531627,0.12850804,2.41914964,-0.9685042,0.83957603,1.44350824,-0.79627057,-1.26296486,0.66248811,0.01873962,-0.72437691],
[0.2317956,-0.61872842,0.6647551,0.51183519,0.54286564,-0.96184816,-0.41156834,1.75541777,-1.50798875,-1.55352252,-0.10635109,0.18940709,0.65423467,0.04085011,-0.37740815,1.43271811,0.18641762,-2.40984258,-1.57214633,0.40932266,-0.97119766,0.46485936,-0.439681,-1.38318646,0.26609562,-0.74550788,-0.2219845,-2.49287165,1.01135778],
[0.43452068,0.58643986,0.62043347,0.20423468,0.95158509,0.69860214,1.71530795,0.18138175,0.03731312,-1.57605574,-1.04122422,-0.30108179,0.76721864,1.30910338,0.46732172,1.39591437,0.16409439,0.9998922,0.09347823,-1.43567604,-0.65935359,-1.6550973,-0.62333891,-1.11236976,-0.84396099,0.12910789,0.53438252,0.73214898,0.25819815],
[0.50321369,1.76625808,-0.48300393,0.61077389,-0.0576469,-0.72678451,-0.07405771,-0.19695599,-0.27950156,0.52578497,-0.07381282,-1.05820438,-0.23187169,-1.51831498,0.98498204,-0.79156057,-0.72733019,0.60680961,-2.48192574,-1.0557588,-0.9748848,-0.28000173,-1.24161521,0.21500059,0.7253893,-1.46533919,1.20989803,0.52410599,-0.43232904],
[-8.31041318,9.22789584,-9.19948581,-8.82650597,-11.43468762,-1.530558,-0.22120506,0.64966969,-0.26852296,-1.96708269,-1.00607003,0.03060697,-0.11696106,0.31019826,1.36124998,-0.0402549,-1.34258019,-0.24275926,-0.27125613,-1.83747122,-0.36883933,-0.89702736,0.2993044,-1.58662678,-0.35379003,0.66533558,-0.32269983,0.1648172,1.48662626],
[-1.43648451,-0.5228017,-1.28969577,-1.76912092,-0.63011027,2.24766859,-1.12176031,-0.3764505,-0.58041667,0.81437275,0.14060715,0.44307179,-0.65117659,-0.06097944,1.60571106,0.9125934,0.65182036,-0.2605835,-0.7050025,0.00257891,-1.33046555,-0.67642145,1.03231111,0.00903472,-0.15808876,-0.44551816,-0.18417989,-0.57775815,0.48163715],
[-0.9521128,-2.36795943,-0.44144625,-2.01665892,0.51717355,0.36973396,0.07711673,0.83973639,1.41159425,-1.00116868,1.15490438,-2.44230486,-0.78812208,0.95633149,-0.94574101,-0.20118616,-0.13383414,-0.604229,-1.49110191,-0.79207807,-1.46459387,-1.32414613,0.63045812,1.94470112,1.11452196,0.90880078,-0.43175588,-0.26072962,0.53334163],
[0.19507308,0.27036815,0.05014881,-1.989714,1.2375941,-1.07532889,0.35025545,-1.82168382,2.4870177,-0.4541629,0.06684658,-1.49614063,1.34239972,-0.07091747,-0.43469952,-1.12421643,0.14848813,2.62379391,2.01682413,2.9931204,-0.40624471,-1.59838329,-0.97065391,1.44075122,2.41655703,-1.33498053,1.57887862,0.1843103,0.11476736],
[0.54351686,-0.16132273,0.12615323,-0.83449172,-0.7357049,1.55988709,-0.86615331,0.99460235,-2.30982999,-1.97301664,1.36747182,-1.50990215,-0.08510471,-0.28261742,0.35177667,-0.45413297,-1.11703259,1.24648993,0.90093081,0.13055819,0.30413462,0.89995417,0.08319881,0.72059156,1.69846053,-0.17603549,-1.17027463,1.66058918,0.34330509],
[0.58259789,0.23408941,-0.15990403,0.69953016,1.00468265,-1.8424146,0.82174407,-0.16656421,0.11524775,1.73365496,-0.96479193,0.18183492,-0.03091149,-1.38895564,0.26241956,-1.58026434,1.22426276,1.49685176,0.01856745,-0.34991663,-0.82573132,0.05672361,-0.37022063,0.2403767,-0.03366263,-0.73992183,-0.70753674,-0.02809565,-0.8711917],
[-1.50838817,1.15291088,-0.42387296,-1.39544307,0.52180743,1.37296653,-0.96908021,-0.21895033,-0.29333603,-0.80540945,0.80532625,-0.70142424,-0.16931118,-0.66672352,1.32292043,0.42161539,-0.65567993,-1.70126722,0.87346785,0.44187478,-0.60397239,-0.13868233,0.30966591,1.50549851,1.59729784,0.38444408,0.07999738,0.24943022,-0.39902985],
[1.8956419,-0.94286844,-0.04791015,-1.3753249,0.26916285,-0.22240283,-0.07184564,-0.29296292,-1.68846223,-1.0847076,-0.52821787,0.86331226,-0.72558365,-1.57863611,1.85105916,0.54608038,0.05169701,-1.36918704,-0.19763267,1.26929399,-0.28370463,-0.28521803,-0.38263476,-0.14099499,-0.96536376,0.60108371,-1.95954155,-0.72975604,0.09761722],
[-9.30248621,10.86681769,9.89229626,10.69842667,10.17488953,2.16553795,-1.26707275,1.33565394,-0.24962627,0.40721531,-0.25262635,1.40415802,1.00128049,1.0592426,0.70662422,-0.71148527,-0.20123035,0.57720134,1.30083965,-2.29076721,1.09956868,0.82118447,2.52783511,1.19714827,0.70037722,1.4617983,-1.47337459,0.281011,0.90477263],
[0.57101759,0.09486083,-0.99601852,1.01047971,-0.66290108,-0.87036496,1.02303766,0.59466463,1.78029967,-1.17907354,0.64965982,-1.31534397,-1.97755378,1.84634888,-0.13902076,-0.32054341,-0.52375804,-0.43973828,-0.80794274,-0.74563876,-0.11324043,0.07506637,0.73163886,1.51434807,-0.66764217,0.95695226,0.82994275,-0.05172129,1.92263799],
[10.29990576,10.61898165,-10.62057515,9.17003748,9.89976684,0.50696263,-0.11706357,0.49388576,0.4319561,-0.88717993,-0.0409719,0.5026798,0.3189275,-1.12392159,-0.14298139,-0.09189293,2.03332222,-0.3870224,0.22230681,1.1173689,1.39771276,0.36264374,0.03115433,-0.45274649,-0.12875801,-0.25610804,-1.29669097,-0.20678719,-0.44496943],
[13.19636765,-9.96147481,-11.25507378,-9.83597039,8.30390253,-0.41510894,-0.05934718,-0.22267744,-0.20200048,0.37813325,0.47253199,0.90959826,-0.66087038,0.67757218,0.17543796,-0.62755604,-0.58625893,-0.86585644,-0.71383505,1.42702225,0.57632205,-0.32583859,-0.4285918,1.03001236,0.26813228,-0.46239338,-0.54711329,1.60386568,1.60590728],
[1.19201624,-1.20170043,0.8875788,-0.76024703,-0.28958602,2.6594378,-0.04006242,0.79926403,2.43710809,0.73393128,0.46799406,0.13998166,1.8493644,-1.09317411,1.43005821,0.21875502,0.96376269,0.40034164,0.02962069,0.37995644,1.51081392,0.20054652,-0.22693571,-1.6119752,-0.71507534,0.58181386,0.06578268,-0.0694844,0.51238342],
[-0.28869982,0.99375648,0.16375711,-2.02735459,0.9270136,1.12717336,-0.25596396,0.72784001,-0.46681544,0.42097374,-1.70805492,-0.74287837,1.84467011,-1.63429241,-0.15614069,0.11052674,0.81831404,0.17840545,-0.03161853,-1.01750665,-0.28788736,0.24972982,-1.5262476,-0.8501304,1.38952828,1.73868979,1.65389936,0.70674345,-1.10192788],
[-1.28682536e+00,1.15962826e+00,2.73429767e-01,5.77599883e-02,-8.07263248e-01,3.64910775e-01,5.36260534e-01,-2.94281322e+00,-1.33610815e+00,-3.16566620e-01,7.03523851e-01,-7.48079950e-01,-7.84983529e-01,-7.88310890e-01,-3.45643641e-01,1.39000567e-01,-5.78489322e-02,-9.80392950e-01,-1.58562970e+00,7.40562569e-01,2.30460600e-01,6.67751221e-01,1.09363845e+00,-2.01824200e+00,-1.12636693e+00,7.73475877e-02,1.71434003e-03,-3.61953040e-01,2.82524380e-01],
[-1.214197,0.94371241,-1.10845456,1.00736807,0.16687979,0.57291337,-0.01951309,-0.86883217,0.51060433,-0.28118775,0.40584116,0.67897646,1.28431561,-0.63336256,1.02580685,-0.42122005,0.19397282,0.26255321,0.3400445,0.03450048,-0.06154001,0.67370735,-1.81157839,1.24606878,-0.27589056,-2.02954421,0.92755137,0.75980843,-0.99833807],
[-0.76854557,-1.40021822,-0.42215144,-0.0382847,0.63346188,0.11646328,-0.82047232,-0.19685166,0.78338382,-0.94629889,0.94792973,0.05553392,-0.66436401,-1.76435235,1.01807408,-0.34390297,0.58768374,0.58964286,1.1125585,0.39020391,-0.01421889,-0.18021473,-0.35857643,0.13556014,1.28551437,0.09608624,1.31683951,-0.59986886,1.05277495],
[1.03894165,0.76989714,-2.80477672,0.37530678,0.43407756,-1.33424997,-2.22913293,0.19880999,0.38596598,-0.33614945,1.14256715,0.85496172,2.01491862,0.2139783,0.65855524,-0.37208684,2.53565363,-1.40955968,-2.25287986,-1.16758319,1.82255078,0.49946871,-1.24919062,-0.17779876,-0.25836051,-0.19443324,0.98767459,0.75617555,0.57589394],
[2.25584428,-0.64941237,-0.25251171,0.02565246,1.44346902,1.91107945,-1.20822949,-1.62413434,-1.07352486,-0.23925751,1.04848632,-0.60822141,-0.37866304,0.74528206,0.44632335,-0.86025982,0.59069847,0.04344901,1.12013712,0.10396927,1.12570434,0.08652291,-0.76366936,0.25473807,0.19555887,0.47634544,0.46389121,0.5192986,1.21197986],
[0.93913706,1.87499731,-0.95159874,-1.20724402,0.03740832,-1.32883113,0.54043869,-0.96394627,0.64526123,-1.0705493,-1.09284837,1.48999981,-2.19553778,-1.52672581,1.44304483,0.26217785,-0.6084893,-0.67346244,0.72083002,-0.32019686,-0.76093433,0.99958588,-0.46108531,2.06188247,-0.63595236,0.92409016,-0.02463073,1.36846982,-1.14412678],
[6.63800671e-01,1.40760672e+00,9.64514169e-01,-1.15261024e+00,2.53168547e-01,-1.18734958e+00,1.05604106e+00,3.00767861e-01,-1.04273265e+00,-1.57022152e-02,3.20513713e-01,-2.54598554e-01,-2.20327483e+00,-2.21664602e+00,-4.85826747e-01,-1.10051218e+00,2.06214892e+00,6.89084384e-01,-3.43224242e-01,-9.51104517e-02,-2.47450744e-01,8.97142635e-01,8.93000334e-01,-1.39804748e+00,-1.04316634e+00,7.00225639e-01,-9.38874291e-02,-1.67607088e-03,8.24841487e-01],
[0.29238503,-0.39048707,0.68692788,0.28361948,-1.36643751,0.36114459,-0.83655212,-0.33685045,-0.4463976,1.02551544,-1.2476666,-1.83119917,0.99937129,0.12831198,-0.07568949,-0.89454546,-2.10991427,-0.33505585,-0.35470749,1.70302534,-0.2219465,-1.45888502,-1.09146469,-0.18187262,0.71250577,0.51529538,-0.50747412,-0.79239159,0.03386629],
[-1.32053092,-0.62038532,-0.28069943,-0.4214126,-1.93255972,0.18588756,-0.773177,0.03886297,0.06555394,0.2324005,0.51138581,-0.09366871,-0.10324749,1.74705626,0.3222502,-0.19338686,-0.72221638,-0.24923807,1.72864912,-1.50008832,-0.01273712,-0.91033748,-0.8829083,-1.18585053,-0.68447441,1.14460179,-0.81190784,0.25684561,0.21697504],
[-0.83880694,0.34500815,-0.58611384,-2.4376324,0.64312312,-0.07199273,0.95405109,-1.1887611,0.18063524,0.72537044,-0.48563735,1.49322431,0.04571194,-0.69624519,0.25365534,0.16675877,0.20049228,-1.78982476,-1.06497283,0.26807872,0.0796451,-1.06866508,-0.02136527,-0.63129961,-1.22870874,0.16112592,-0.15201815,-1.9616606,-0.99475529],
[0.0210905,-0.31187388,0.21630514,0.85156755,0.44156993,-1.41152942,-2.40237672,0.92824827,1.19524925,1.34197814,-0.7699479,1.94979797,0.72594307,-0.80376905,-2.74722623,0.42943697,0.57121255,-0.12092243,-0.40623957,-0.56599703,-0.09094642,0.54661798,-1.12993308,-2.18245001,1.07629536,0.15947456,0.78307225,0.23636171,0.57825996],
[-8.79590963e+00,-8.49236362e+00,1.12997133e+01,-1.23640984e+01,-1.00443178e+01,-3.98196781e-02,-1.37956991e+00,-4.32181038e-01,-1.35945205e+00,3.86237070e-01,1.41605716e+00,2.10197375e-01,-1.46727441e+00,-1.01925263e+00,-2.11028099e-01,-1.01020198e+00,2.81846415e-01,5.59964808e-01,7.18577618e-01,3.34235762e-03,-1.06444983e-01,-2.24745500e+00,-5.45233493e-01,2.91049160e-01,-2.90946314e-01,-1.40597302e-01,-1.22074547e+00,-1.61926326e+00,7.91318473e-01],
[-0.02934733,-0.09273502,0.71985235,-0.49216258,1.04552114,-1.24636403,-1.22892105,-0.09986993,-0.10284075,0.3271709,-2.83126266,-0.1165632,-0.0097214,0.31235957,-0.53211801,0.76836444,0.67003176,1.02715611,-0.35659976,-1.37359523,-0.34358512,0.15775689,0.73890882,0.3335254,-1.60875045,-1.33523589,0.39776374,0.40677843,-0.55226245],
[1.26883409,-0.2458541,0.9539478,0.05551532,0.35623875,0.18726728,-0.19596126,-1.28125541,0.31223251,-0.06894503,-0.06830184,-0.41103086,-0.54493165,-1.58449781,-0.19775668,-0.07588259,1.37603419,0.57262479,0.61715174,0.22391144,0.15698388,-2.07649993,0.81756409,0.1157485,0.27626135,-1.08173284,0.85861526,-0.3151348,0.15180861],
[0.82716531,0.0391613,-0.23689954,-1.34382143,0.7114806,-0.39470039,-1.19405278,-0.58583923,-0.45297705,0.74948994,-0.65416011,0.0190764,-0.39955534,2.27809328,-0.71614305,-0.28917544,-0.20639721,-1.50941989,-0.1955772,0.52316949,-0.32509105,0.59135081,-0.29843505,0.10997897,-0.47087466,-0.03713552,-0.01244706,-0.54553447,-0.32478808],
[12.05135836,7.74156502,10.51199814,10.38599336,10.72978115,-1.85105293,-0.51010401,-1.02470761,-1.14553606,1.66955868,0.1596058,-0.43387619,-0.98445578,-0.53922475,-1.33208473,-0.31266904,-0.02547342,-0.06781977,0.16172968,-0.18427228,-0.16807066,-1.25047231,-0.68744813,1.68535956,0.6108914,0.65440645,0.29666792,-0.04466763,0.71055116],
[0.77890436,0.76414461,-0.88053826,-0.78084049,-0.80501004,0.45908905,2.03008577,0.00558031,-1.41478993,0.36915932,-1.20856352,1.60393392,-0.07158637,0.7436052,-2.03269243,0.50319045,1.61609482,1.01086372,-0.75891476,-0.37609589,-0.05019237,-0.26069964,-0.03944132,-0.7890399,0.83711245,0.86246028,-0.20698394,-0.12507667,-1.76242064],
[-0.04957515,0.42610295,0.77958867,1.13929111,0.39169996,-0.72939149,0.25850961,1.83114322,-0.1425617,0.2087491,1.05444742,0.43795376,0.00841971,1.44578515,0.30546238,-0.88839552,1.56775267,-1.06748846,-0.95316785,-1.3496974,0.4434164,0.48520325,-1.32783636,-1.66690177,0.33816344,-1.0261868,1.7173823,-0.22115581,-1.5921164],
[2.43277045,-1.06764826,-0.15687871,0.36912805,-0.48606216,-0.61847665,-0.84944514,-0.98776741,-0.16284119,-1.28744258,-0.17944117,1.05951198,-2.39219341,1.08099142,2.1398846,0.70889882,-0.27004344,-0.6325269,-0.09196549,1.33763266,-1.36102661,-0.60450901,0.06433232,1.52940993,0.26112435,0.39845029,0.31922066,-0.94725387,-1.4288061],
[1.17090476,-0.94641083,0.23320815,-0.09510384,0.75229949,-0.16431855,-1.05809707,2.16234084,0.76325495,-0.1037106,0.41839899,0.73982872,0.30275399,-1.33230915,1.80029783,-0.44193775,-2.35315004,1.30527862,-0.20545029,0.75867232,-0.6025763,0.08300181,0.40007383,0.08340992,-1.99524799,-1.28978679,-0.9052941,-0.1633533,-0.51927465],
[11.3123979,12.07944647,-8.67171831,10.44964216,13.34351386,0.13441618,0.68496957,0.4778629,-0.85025141,-1.93920949,-0.50960912,-0.91926452,-0.37810812,-0.04063692,-1.85484949,0.40426413,0.0401657,-0.51516553,0.46997022,-2.43179261,-0.18656974,-2.47652144,-0.34449443,0.41035773,0.2125862,-0.09146025,-0.54560473,-2.22323845,-1.08133686],
[9.29701854,11.31584848,11.81135036,10.52454832,8.35752921,-0.70701993,-1.99875116,-0.84081493,0.49352071,-0.06321392,-0.23434755,1.66407307,-0.60555733,0.33810853,0.35386093,-0.89144785,-0.98338833,-2.09781491,-1.34088595,-1.11882813,-0.13169461,-1.01819967,0.55416864,0.02189465,0.41177885,-0.98613433,-0.16747353,0.25690679,-0.92384346],
[-0.57861941,0.02626546,-0.71118644,-0.5849035,-0.3786489,-1.02040703,-1.5603095,-0.42632326,1.0979336,-0.74142304,-0.31391595,-0.82839625,-0.51404953,-0.21801133,1.01257586,0.04041422,-1.020664,1.09983848,1.49760617,0.60952724,-1.17390829,0.03514189,0.14186185,-0.52148587,-0.4944191,-0.22321963,0.69148054,0.75302253,0.91479994],
[1.50975133,1.44693066,-1.77840225,-1.15759477,0.20429441,0.80673192,1.8228657,0.31840986,1.0093227,0.91521048,0.13754265,0.71863069,0.3670417,-0.99024443,1.51952688,-0.17352511,-0.53673393,-1.65367006,-0.6412631,-0.51732832,0.65815916,-0.76264128,0.22910211,-0.352625,0.06745899,-0.40958874,-0.96950534,-0.72110456,-0.47381792],
[0.19781491,-0.39591895,-0.68421171,0.39228941,0.41140508,-0.31093832,3.360751,0.03333061,0.15236671,0.46090617,1.07596538,0.29024637,0.42016711,0.12828873,0.81160615,0.11284738,0.70771973,0.56669991,0.35813308,0.73548544,-0.78469793,-1.38409184,2.10305,-1.70326005,-1.35399828,-0.63741359,-0.34901451,0.39829189,0.6851865],
[0.0970967,2.01488975,0.63514078,0.91280861,-1.83904018,0.81925985,-0.72686996,-0.34850469,0.48353251,0.75308421,-0.04896754,-0.34130674,-3.30308081,1.56874638,-0.1915841,-1.28606859,0.11725941,1.04366256,-0.83144135,-0.57237097,1.19036145,-0.29437079,-0.0369732,-2.88878878,1.00120331,-0.0926812,1.24135838,-1.01304139,-0.59376649],
[1.21608955,0.42743373,0.93651952,0.3025417,-0.1650917,1.07153326,1.3393359,0.77284054,0.91750242,-0.0774742,0.32884763,-0.81980523,0.02175811,0.40992077,-0.00801846,2.06817837,-0.76507776,-1.11534529,0.98907572,1.00037005,-0.60489573,0.96488169,-0.2800093,0.33636173,-1.9983841,-0.65789591,0.06421012,-0.44759247,0.42375909],
[-0.22743381,1.04799936,-0.12972505,2.66837039,-0.21971047,-0.55281033,-0.10136338,1.74974679,1.31790182,-0.50242505,-0.16319517,-1.75634393,-0.18782865,0.7518905,-0.63709711,0.3260529,0.36877162,1.64822855,0.69346851,-0.96707108,-2.22594893,-1.13605673,1.16949972,-1.87478427,0.78619441,0.59943726,-0.07638943,2.22376499,-0.38234965],
[-0.51536338,-0.20536941,0.92265844,0.41459403,-0.25959777,0.13976788,-2.37961381,-0.13618463,0.68880791,-1.87071662,0.74266728,0.64406274,-0.81684467,-0.08861676,-2.74871443,-0.57769939,-0.85734232,0.25942024,1.04104434,0.58645057,0.73579309,-1.20284056,-0.43095585,-1.63861551,-0.03574111,-1.07744257,-1.00769737,1.70590645,-0.72607501],
[8.58014993,-10.00581377,8.47212838,-10.52464998,-11.21676675,0.34569731,0.40293118,0.25111106,-0.01614045,1.31157261,-0.12975873,-2.99291213,0.85184972,-0.53099951,-0.35994532,0.87873505,-1.38423867,-1.81531567,0.45645302,1.87379697,-1.49142635,-1.16473475,0.20849276,-0.14227128,-0.67810318,-0.28598703,0.2208085,-1.15937421,0.77669175],
[0.31565943,1.014952,0.95462071,-0.52200276,0.05509664,-0.63624436,0.5997021,-0.13654854,0.16068534,-0.14760853,-0.4683334,0.35991378,1.06173731,-0.39095197,0.35351984,1.07624961,1.37657652,0.69260844,-0.53634742,-0.05872495,0.56482218,0.24019678,0.75428683,-0.08050295,0.38010944,0.95423704,-0.54479633,0.21482197,0.69510813],
[0.35771583,-1.70412592,-1.48731855,1.2361514,-0.32267723,-1.12690409,-0.96763221,0.03369486,-0.15182421,0.5312811,-1.82877788,-0.2806025,0.60841343,-1.34152364,0.09792153,0.52301936,-1.29304349,0.54426092,-0.0686285,-0.22027889,1.27742874,0.10456892,0.85271926,-1.84491411,-0.32162847,0.02514798,1.00071353,1.25845653,1.68127606],
[12.92734361,-8.70870206,-10.73647822,-11.62522238,-9.95880371,-0.04984492,0.60318841,0.88514626,-1.37654563,-0.5554188,0.01697993,-0.19479957,-0.15501734,-0.11775479,-0.94632947,0.89912266,1.08018838,0.36540776,-2.51324007,-0.45992623,0.11694997,1.2798119,-1.56988992,-0.43222013,-2.21197678,0.51314688,0.19426085,-0.1812782,-0.73092251],
[-1.55100329,0.42005016,1.16834507,-0.62275375,-1.03518169,0.60210979,0.50087407,0.00751953,-0.09261879,-1.53157187,-0.44044082,0.71829391,-0.38803267,0.49540711,-0.22040726,0.61502023,-0.63359076,-0.35479659,0.64246672,-0.12882192,0.0501979,0.27266191,1.08229721,0.71801689,1.28715227,-1.63059618,1.31274987,-0.36628712,-0.8443677],
[-0.27190432,-0.42225614,-0.63473256,-1.13270883,-0.53243714,0.32618096,1.0159534,-0.52380757,1.17395958,0.39803235,0.52466894,0.11606502,-0.88886915,-1.45449078,-0.96299066,0.46064519,-2.08796061,-1.84108001,0.1560911,-1.14996073,0.11086273,0.77611696,1.50181142,-0.40390045,0.1507709,0.87436288,1.256036,-1.77242037,-1.15808983],
[-0.99296755,0.05073072,1.48608236,-0.43569568,-0.63849971,-0.33327237,-0.33064802,-0.55824445,-0.76478071,0.37722712,-0.18842761,0.21762577,0.07182493,-1.60741945,1.0127929,0.48310705,-0.35566132,-1.20993424,-0.71066262,0.9259827,-2.59408331,-0.29119765,-1.06225211,-0.69292834,0.65766927,-0.05885736,-0.11811812,-0.20389769,-0.02636144],
[-0.89133311,-1.20965913,0.516769,-2.24702317,-1.35987624,-1.6941232,0.92425836,1.13371019,0.00984968,0.35910353,-1.2577016,-1.11424074,-0.67576569,1.57416538,1.46636849,0.62652093,0.61474966,-0.2738709,1.2328536,-1.27589866,1.9216629,-1.32343547,1.42768939,-1.7488241,-1.78276074,0.91915667,0.07901057,-0.50849972,-1.20583977],
[1.15963949,1.43048702,0.51582145,1.37756916,-1.78474606,0.99711333,0.41685035,-0.58059402,0.47236534,0.44296127,1.13624068,-0.39655816,0.92295185,-2.35861003,0.83889292,0.24693459,-1.66600854,0.83461288,1.71629467,-0.79389932,1.59477932,1.92839347,1.12168185,1.72115022,-1.68156879,0.41473371,-1.08746315,1.16997533,0.2720417],
[-0.25864992,-1.13129439,-0.01791509,-0.71375441,0.32349182,-1.19770637,-2.34451383,1.14921137,-0.35875756,0.32309377,1.54233808,-1.58141482,0.4305989,0.84258044,-1.41777362,0.50329586,0.05144257,-2.38324178,-0.28301079,0.00867729,1.07713405,0.14417586,2.17303765,-0.31657483,-1.53016128,0.31653479,1.41147993,-0.91257158,0.14113352],
[-0.7383184,-0.51325311,-0.08663697,0.64362099,-1.32853477,0.8290514,1.5241976,-0.70391734,1.91908139,0.47542054,1.02074403,1.03190433,-0.28605808,1.58600579,0.42709331,0.9619418,-2.26857054,0.6415411,0.36093708,-1.05490694,1.46681085,-0.69669571,0.80963025,1.14393665,1.04056017,0.90265717,-0.32211009,-0.19161655,0.16513452],
[0.6840411,0.33175784,-0.61366915,-1.03531002,0.98531673,-0.919397,-0.43239409,2.18937278,-1.2602495,-0.15358036,-0.37555987,0.10221657,0.59753958,-1.12697874,0.90649646,1.03414847,-1.41257071,1.5348018,-0.19117134,-1.14267122,1.15171506,-0.76206983,-0.35979598,-0.63621284,0.51227693,1.33003122,-1.6550688,-0.08656488,-0.57747127],
[-0.82259909,0.3166155,0.52314768,-0.00284328,0.66560119,-0.94432558,-0.20065985,-0.27056699,0.35000681,0.56165841,-0.44583272,0.13817852,0.02519121,0.69865724,2.45487464,-0.60007245,-1.84040216,-0.88777337,1.62456308,0.50321658,0.14536649,-0.44944596,-2.31245492,1.27870484,-0.02192254,-1.21775174,-2.12742225,0.71663663,0.52787138],
[0.13314099,-1.39160866,0.08325159,0.98351022,-0.27600021,-1.20823021,-0.73751131,1.30107676,-0.39702285,-1.19570922,-0.17561873,1.46891054,-0.22353514,0.52271439,-0.2431004,-0.49448161,0.37071629,0.3400706,-1.17071873,-0.08021425,2.08113127,0.81806431,-0.13789759,-0.50279489,-0.47092123,-1.05908594,0.35187072,-0.32578323,-0.07387126],
[0.19126979,1.12716022,-0.99516435,-0.74581793,-1.54253938,0.62352066,-1.43334969,0.18270854,0.59500397,-0.79728161,0.4301811,-0.01263302,0.48439824,-0.02353149,0.07096926,-0.04663461,-0.45077809,0.23752408,-0.08064929,1.72396464,1.7710747,0.19045687,1.07681169,-0.09589454,-0.52465467,-1.71819087,0.08476996,-0.85469215,-2.02353851],
[-0.30323438,1.25981228,-1.34022392,-1.392378,-0.17564204,2.61202241,2.68845165,-1.50937874,0.26480646,-0.40724823,0.00444742,2.33631912,0.68210064,0.55423716,0.43696319,0.31809007,-0.18738616,1.50308377,-1.3073424,-2.05733881,0.31552971,0.20997155,-1.28641096,-0.50590458,0.71232547,0.53237334,0.43305511,1.81217268,0.053649],
[2.04182115,1.00181153,0.41248727,0.73197726,-0.14414882,0.12616819,-1.6228712,-1.0966878,1.40309946,-0.74242115,-0.35688645,1.51848864,0.81517578,2.49238445,-0.48655923,-0.3351064,-0.04188271,1.17667287,1.5647157,0.02759733,-1.36894373,0.33190564,0.97153356,-0.64873827,0.61977523,1.69407271,1.5271288,0.129219,0.07728912],
[-1.94025279,-0.83541223,-0.19033457,-0.72557275,-0.5775801,-0.14046788,0.56462112,-0.97062637,0.32694412,0.16112173,0.26725747,-0.85402533,0.80109145,-1.75553595,-0.48252471,-2.46970474,0.39237927,0.44169346,0.843984,1.17575,-1.46960001,0.50777343,-0.50644187,-0.6557012,-1.75673863,-1.27749434,-0.55158923,-0.7651022,0.19567971],
[0.46145489,-0.26692874,-1.55217168,0.45590945,0.57103519,1.14581585,-0.79114956,-0.35763743,-0.99370776,-0.74474286,-0.17916466,-0.13994592,-0.32855985,-0.45153685,2.16699269,0.70511815,0.30012229,0.24226042,0.76278626,-1.85672054,-1.44294078,-0.77730429,1.06035995,-0.92934715,-0.57378432,0.1266963,0.685695,0.22280381,1.20097854],
[1.13097121,0.09526631,-0.22119099,-1.00115404,1.20533616,0.85185035,-0.62674304,0.6092944,0.12070772,0.78445216,-0.79984492,-0.87240523,0.2008466,-1.80253832,-2.18109906,-0.50349548,-0.59538897,-0.06682024,-0.28861579,3.41611935,-0.59199186,1.12970409,1.83058374,-1.42617454,-0.02831207,-0.1085496,1.79913002,0.46443454,1.37972132],
[-0.7320105,1.43669747,-1.88611911,1.15908768,0.62544715,1.41877805,-0.07977684,-0.15410308,-1.87789114,0.40542631,2.00291387,-1.47948168,0.5502654,0.00544962,-0.22767214,-1.19996701,0.79203642,0.21548775,1.03445351,-0.0952493,-1.06491412,0.25656054,0.76955614,-0.31152552,1.26237318,0.78209105,1.60496931,-0.61148352,-0.27677517],
[0.49766946,0.55643729,-0.00528556,0.73663501,1.61499028,1.66567246,-1.22950145,1.14219354,0.33113588,0.27830062,0.12177545,0.8734423,0.93723825,0.92358624,-0.24786856,0.24671115,-0.09581972,0.33042021,-1.25153879,1.68166869,0.62729069,0.49318673,2.22061759,1.12166238,-0.14837818,1.88321996,0.3606825,0.01385814,-0.14623958],
[0.53430246,-1.0973614,-0.44691664,1.34763579,-0.98118748,-0.54950534,0.456996,-0.90395925,-0.29257274,0.15255722,-0.88102408,-0.84462498,-1.44524355,0.42567013,0.06039812,-0.47226248,0.62334022,0.71317138,-1.50244223,0.51787355,0.0630992,0.50414672,-1.30664191,0.49186155,0.24405269,1.24783299,0.01002868,-0.17283284,1.18043061],
[0.68320578,-0.72748697,-0.74065696,-1.16503856,2.25629102,1.11944297,-1.55929843,0.15103628,0.47273713,-1.88500455,-1.60904877,-0.43039898,-0.89019941,-0.32955888,0.11570383,-1.10862649,0.79047768,-1.98583581,-0.03767943,0.15620743,-1.937723,0.72698084,-0.26734797,0.54096159,0.32306376,0.63510248,-1.70580254,0.1128226,-1.16774023],
[0.58528632,0.24022462,-0.38601577,1.65857039,2.75963243,0.35560735,0.43628559,-1.63560015,-0.04680515,-1.26912961,0.18159076,-0.64050223,-0.01147064,-0.43153129,-1.12217395,-0.75196452,0.5261572,0.2602373,0.44291216,0.2093182,-1.10474646,-0.48980124,0.59995328,-0.30393319,0.20852271,-0.86577502,0.39695846,0.18900723,0.25891463],
[-0.44576905,-1.60563553,0.17110407,1.76417446,-1.80735285,-0.70364385,1.43935855,0.96088397,1.07106406,-0.05025574,0.55648452,1.06353436,-0.69997674,0.42365052,-2.16980404,2.08853511,-2.66802538,1.43115945,0.42454676,-0.92270326,1.04375593,-1.47950619,1.36754239,0.66529686,-0.37124022,-0.33472731,-1.18490398,0.0432813,0.26984001],
[0.34943095,0.8312454,1.10309449,-1.72898965,0.40249283,-1.4463164,0.74948859,-1.10325126,1.9466018,0.32309204,-0.08568614,-1.31274072,1.45074904,0.36119722,-0.9337978,1.05742574,0.95055174,0.4795058,-0.15249295,0.68794269,1.21370063,-1.15353007,-1.4047832,1.41096793,-0.52783683,-1.48052607,0.27575546,-0.83367318,-0.10328455],
[8.44269584e+00,1.02090200e+01,-1.02391634e+01,-1.03994611e+01,1.04191916e+01,-1.21607219e+00,1.79871453e+00,1.61349225e+00,-1.59677273e+00,7.25902093e-02,3.38282214e-01,1.11934175e-01,-4.02319026e-01,6.45623487e-01,-6.72553699e-01,-1.47412363e+00,4.74689170e-01,1.68706428e+00,-1.26211095e+00,-1.74250008e-01,-9.43042377e-01,2.55953118e+00,-3.77952406e-03,-5.22981085e-02,-9.73929002e-01,-2.21455719e-01,5.99224237e-01,1.72687281e+00,-1.32955130e+00],
[-0.09840594,0.89129012,1.65303335,-1.03344199,-2.05066481,0.05950334,0.61899715,0.69643611,1.19639232,1.55214872,0.01512396,-1.2141208,-1.91213598,0.5335458,-1.12048385,0.05727089,-0.37344814,-0.19720619,1.63095866,1.53112933,0.29447924,-2.48641477,-0.35359096,-0.01932921,-0.21846494,0.120884,-0.22479779,-1.45712059,1.22437204],
[-1.03266776,0.86667197,-0.15049028,1.96985195,-0.23773623,0.50249893,-0.48160696,0.98942667,-0.76451127,0.39589546,-0.66125849,-0.58893753,2.2212271,-1.3397656,-1.36230906,1.00860329,-2.54915418,-1.23411889,-0.6125617,-0.00576314,0.05347468,-0.86321699,-1.21152739,0.37353241,-0.04495744,-0.96464381,-0.2367945,-0.24366434,-1.07585584],
[-1.1795386,-1.33605508,-0.13869907,0.20309511,0.57990409,0.45606211,-0.19219849,-0.78034166,1.84065047,0.72284919,1.0178153,0.52283268,-1.00811228,-2.54779432,1.14441695,2.21276994,-0.07024128,1.02532049,-0.87116132,0.87529811,-0.69104815,1.32515503,0.12011871,0.41608054,0.32058742,1.03902902,0.07006496,-0.31305367,-0.31919666],
[-0.38383407,0.33241981,0.41015153,0.49451582,0.12874719,-0.59019428,-0.55825938,-2.33574127,-0.14351502,-1.33903332,-0.61445381,0.87865908,-0.65809666,-0.70721967,-0.35798946,0.03250985,0.94285651,-0.02152152,0.34205755,-0.45583181,0.40563973,-0.05973462,-1.45449567,-1.31148668,-0.93799415,0.42244742,-0.75434944,0.95102634,0.19363538],
[0.92937213,0.14055314,0.4987571,-1.45928903,0.14184538,1.02304699,0.99476353,-0.8716573,-0.08705581,-0.02560803,0.65892083,0.54565703,-0.75177764,1.17483615,-0.69135427,1.56177946,-0.12851723,1.77494808,-0.43267171,-0.4648853,-0.14274395,0.89883942,-0.87703002,-0.12226891,0.22913001,1.63121963,-0.76168423,0.58267006,-1.63687514],
[8.13006361,-10.0470025,9.72898591,-9.62007706,-7.90274248,0.70418943,-0.49748068,1.08954473,0.03872861,1.67137734,0.70575039,-1.29716695,-0.50559593,-0.25880748,-0.53897751,-0.62693114,-0.24285535,0.95057512,-0.63744707,-0.97403145,0.72886439,-3.29029038,-1.4358208,-1.35601634,0.5142285,-0.48094331,-0.08202297,1.68088965,-0.76136644],
[0.05587509,-0.22165582,0.65953693,-1.4755944,0.76767332,1.20800315,-1.56201864,-0.58082991,-1.76528953,0.2414424,0.66539157,0.30087641,0.4723961,1.24730503,0.05577939,-1.09786275,-1.72599326,-0.09628825,0.6697536,-0.42207933,0.09001081,1.42145973,-1.16329481,-0.59751587,-0.41421065,-0.66679053,1.10639906,1.44912991,0.69109451],
[1.81766054,-0.70831377,-3.17187818,-1.38407527,1.56446046,-1.31833882,0.88072199,1.71595952,1.41050034,0.47846985,0.14921028,-0.29896121,0.58013208,-0.0408297,0.16406881,1.05735597,-0.05069583,-0.97707913,-0.80045243,0.20546116,-1.09491121,-1.45796855,-0.89678748,-1.51025111,-1.26297953,-1.06659043,0.02918943,0.10517227,1.64372525],
[-0.14032029,0.50303729,1.72426532,-1.04058359,-0.02872876,0.17545072,-0.65480596,0.74632951,-0.73577053,0.31248534,-0.14844834,-1.12062467,0.78302383,2.71156578,-0.21304755,-2.2251488,-0.55798393,1.52990829,0.03410478,-1.24963684,1.26495315,-0.7437234,0.76035904,-1.7696461,-0.00985357,-0.79830702,0.88410409,-2.03724266,-0.69619317],
[-0.32156386,-1.68718999,-0.51064954,0.70527526,0.67565991,0.06370194,-0.34356685,-0.04086274,0.80806217,-1.2558946,-2.05540577,1.03038824,0.72614003,0.37903469,-1.74160329,0.26338196,0.49819493,-0.83541565,-0.14382853,0.59251785,-1.0102624,-0.56029839,0.92711768,0.0316431,1.03126294,-0.27657553,-1.31285441,-0.95472566,0.2739226],
[0.83526744,1.0409825,-1.07346839,0.48328716,-1.25132439,-1.31696465,0.22554351,0.33384764,2.63114829,1.01125451,-0.22724492,0.12640768,1.20549572,-0.86483629,1.78369518,-0.35774648,-1.10801164,-1.30841067,-0.66476021,2.27667536,-1.8402932,-1.47044387,0.56387988,3.22132314,1.29838113,0.9285796,-0.45068152,-1.2430492,-1.43393827],
[-10.47524885,-11.0966712,-10.85196352,-9.68370196,8.66582091,-0.16757527,0.05978075,-1.25514607,0.54313956,-2.23452346,-0.16547118,0.46350944,-1.16764457,-0.36754868,-1.95627907,0.48386033,-0.7356089,-0.09593851,0.24854254,0.13328822,0.21540653,0.54267864,-0.43956895,-1.1109973,-1.20977998,0.51842776,-0.65765236,1.46487295,-0.66791845],
[1.37691464,0.33554462,0.18954849,-0.93887096,-0.63991229,-0.24277768,1.36964937,-0.74667772,0.43171345,0.65825353,0.13047956,-0.32805103,-0.4125248,0.26370977,-0.18398835,-0.10644502,0.47125141,0.7125028,-1.1205085,-0.05811054,0.30847827,-0.68764565,-0.50382088,0.36665392,-1.0040594,-0.87851893,-0.78794221,1.06917704,-1.45292121],
[-1.43570705,-1.92244797,0.66972338,0.35439831,0.71820998,-0.99186792,0.56443329,-1.85052235,-1.19795211,-1.08516348,0.26256537,1.20058933,-0.43148669,-1.37895682,0.22153975,1.06840983,2.48293041,-0.01332851,1.28818867,-0.92708396,-0.63825763,-0.01471718,-1.36383769,-0.15643501,0.17144345,-1.26703877,-1.08038566,-0.88282141,1.20318776],
[-8.27243341,-10.84178596,-9.02474975,-9.80174596,11.97387556,-0.44248006,0.46998892,-0.05576124,1.13950702,1.51511322,0.40482334,1.19799571,0.1973248,-0.97766106,0.2719084,1.30263164,-0.40008528,-0.54424749,-0.50228415,2.01321953,-0.78810634,-0.17920893,0.04762203,0.22950366,-0.7762923,2.07332866,-1.1319988,-0.06907194,1.44728884],
[-0.13019211,0.23212213,-1.42523903,0.17135686,-0.19988778,-0.46359233,-1.05417107,1.02127292,1.86072863,0.64409642,-1.56113088,0.86837204,0.90694642,0.61243726,0.34853156,-0.03408597,0.09933181,1.0550069,-0.30047559,1.10874434,2.82430779,-0.52324972,1.00711035,0.03034823,0.07949511,0.31619049,0.66284392,2.2132651,-0.4136669],
[-0.03710319,-0.98163876,-0.31857217,-1.52252182,0.31521777,-0.71140521,-0.11514712,-0.58012696,1.85882648,-1.02995608,-1.66646458,-0.49815886,0.48890741,0.70233695,-1.33222239,-2.62008672,1.43745428,1.87705836,0.02081663,-1.39810877,0.48632612,0.80737132,0.82356797,1.22527456,-2.00353951,-0.22939435,-1.05474756,0.13788445,0.40249345],
[-1.11319516,-0.34217205,1.62114353,-1.96398778,1.5883763,-0.40642219,0.2194571,-0.57919395,-0.32316381,-1.11003215,-0.05092885,0.62652542,-0.17264952,1.39151836,-0.63978288,1.98653309,-0.44411413,2.57739748,-0.74162126,-1.63098362,0.0115016,0.14519596,0.78392035,-0.28355758,-0.96826594,0.14306179,-0.33223769,0.56276429,1.06459491],
[2.52134462e-01,2.41451714e-01,2.48935834e-01,-2.27412688e-01,3.08212901e-01,-2.46051251e+00,1.94151085e+00,1.37995781e+00,-1.26915157e+00,1.16503733e-01,5.40125847e-01,2.05091975e-01,1.39602155e+00,4.54286997e-01,-6.85609660e-01,-3.07792299e-01,5.72961719e-01,1.34873846e+00,-8.37656280e-01,1.02217959e+00,-7.53287041e-01,1.86295924e-01,6.24133076e-01,-1.47778271e+00,-1.70490819e-01,-1.86361061e-01,4.94847073e-01,1.71411340e-04,1.59778285e-01],
[-11.22306863,9.42135711,9.67915936,-8.65705666,-7.90988812,1.75540615,-0.9189494,0.51361372,0.65484925,-1.06400681,-0.28353501,-0.03110361,-0.83926535,-1.85924058,-0.07736573,-0.65585527,1.16713502,1.593784,1.33906604,-1.36923703,-1.04178965,-1.37804278,1.16514999,-1.94391337,0.1188684,0.38553853,-0.0642541,2.16191432,-1.57970069],
[-0.4833376,-0.93878473,0.71783622,-0.06807308,-0.25194538,1.15168418,0.79779305,0.2794072,-0.60362342,0.26335086,0.4454973,-0.46688757,-1.17762359,-0.98074138,0.1098081,1.54616426,0.621595,0.78358665,0.20509809,-1.69850831,0.82001901,0.63016638,0.52127848,0.79009465,0.92772223,0.57578474,0.42121342,-0.54703055,-0.66792754]]
[2.10712243,-0.62465473,-0.10666852,-3.9025596,-9.73728428,0.45980523,4.26216677,1.46083025,-12.73884747,-3.38114134,-5.35625844,-1.27990456,-0.08884849,0.91064313,-0.37958575,-0.60679831,-8.44114344,-1.20195792,-8.90039564,-11.05085095,3.03414275,0.76061838,0.50475935,0.64764463,-0.72540125,-1.93661719,3.31649595,1.2144634,0.56258147,0.05479641,-4.24855527,-3.6715137,-0.65806242,-9.20378199,-0.17559094,2.37219157,-0.42888008,-14.42105529,-1.38107199,2.66281709,-0.0911151,0.2575447,-7.08315739,-9.54717998,-3.62868529,0.90786501,-1.89627272,2.62520297,2.97679326,2.7265872,0.72774286,-11.05837126,1.01732992,-3.42665152,-10.44149289,-1.68647298,-1.43705409,-0.73738335,-7.46561944,3.10532353,-3.70364979,-0.42937924,-0.31856305,-0.51169808,-1.56092898,-1.53933692,0.78084682,3.97038206,-4.76381879,1.43614183,1.4090063,2.97270343,5.13330374,-3.23293148,0.67146992,4.42880452,-2.77706005,-0.21425454,-12.367046,-1.38572124,1.04941759,-2.44680319,1.33764935,1.41144469,-10.95300319,1.54340163,-3.13554831,1.81502147,-1.57299171,-0.80158212,-14.17346018,0.39141293,-3.17256452,-6.75164297,-1.39119634,-3.0580844,0.24943878,-0.25657354,-5.82178673,0.03025086]