[[-0.84063977,-0.32245297,-0.1053779,-0.82890875,-0.47892057,0.30552582,0.53317516,-0.82885119,1.14985225],
[-8.68836797,11.59344135,10.62057349,-10.5067127,11.49122974,0.85388477,-0.50299755,0.53258411,0.5827351],
[-0.61989261,-0.33639476,-1.64435601,0.8183046,0.99754567,1.70495012,-0.7088796,0.47024358,-1.12743724],
[-0.36698269,-0.11530329,-0.8507671,0.46933028,-0.16092974,0.35179501,1.49222674,-0.21924632,0.71432668],
[0.17882597,-0.20502993,-0.36355709,-1.05537244,1.64085222,-2.3729319,-2.17755781,0.42208231,0.63040092],
[1.3610161,1.5993404,-1.19082902,-0.49405629,0.50175536,-0.1297724,-2.64700584,-0.88545943,-1.11635365],
[0.03776889,-0.88916082,2.17389536,-0.23681203,0.51511403,0.56285172,-0.81023467,0.0043294,1.55471422],
[-8.63124102,8.60199591,-11.29444996,7.85104075,10.16359763,-0.91763529,-0.31369289,0.13951592,-0.57385149],
[10.37662845,-8.65126041,10.76823159,-7.86001549,-7.8854824,0.4250352,-0.32025025,-0.13468635,0.4749617],
[0.09700348,-0.3907201,2.26693435,0.90275552,0.13783596,1.4643004,-0.17670806,-0.5079473,-0.57423752],
[0.11351419,0.49126284,0.81218008,0.16520981,1.50893787,1.65801956,-0.66448005,-0.66773974,-0.96172394],
[-1.42890502,-2.02306988,-1.44237056,-1.09481899,-1.51777,-0.69708955,-0.30783808,-0.71758711,0.64876283],
[-11.14319755,8.55498591,-11.32349672,9.92098468,-8.60304703,1.90713073,0.06118825,-0.26103168,2.50455349],
[-1.94534175,1.55111691,1.16303011,0.03430389,-0.2296577,-0.38557116,-0.15218831,-1.43367862,-0.14124689],
[-0.08620589,1.20122171,-0.4182096,1.56485532,0.68426377,-1.4785617,-0.66706667,-0.03745645,-1.02376993],
[0.72141399,1.92180953,1.60836967,1.06067821,-1.29778676,0.45391154,-0.66525593,-1.48206528,-1.63026682],
[-0.39075936,-1.3240009,0.33740131,-0.85132073,-0.21914444,-1.21483678,0.8009666,0.03813476,-1.56638186],
[-0.75780064,0.44853103,1.45232334,0.76088833,0.08159175,-2.68524348,-0.63004544,-0.30650961,0.97512748],
[-1.58904975,0.29592484,-1.60837166,-2.12160173,0.52946374,-0.42788836,-0.98081784,0.28811464,-0.33764317],
[-0.9198284,-0.68494069,-0.62230021,-1.0900363,-0.03935148,0.66231588,2.08293799,-0.20934948,1.6589414],
[-0.83687744,-0.35628691,-0.2923386,1.12694934,-0.6359649,-0.75718192,-1.51829422,0.67736009,-0.9565459],
[0.11794774,0.24639308,1.35292794,0.4032842,-0.68334335,0.96809779,0.06795398,0.8188767,-0.37547147],
[-2.08475727,1.48311619,-0.60528108,1.34502451,-0.27638614,1.67082563,0.57232114,2.37314321,0.20022263],
[0.53069396,-0.62301161,-0.663581,-0.94038108,0.42120844,0.34192153,-0.44844941,0.43237025,1.03062289],
[8.22903892,-9.93796373,-9.19119674,-10.94116082,11.93167239,0.43009148,-0.11658365,-0.13269664,-0.5813351],
[0.03256066,0.83667423,0.0577423,2.73692453,1.23745322,-1.07656834,-0.29644546,1.42366066,0.86186386],
[0.13574842,0.36567054,-1.48857863,0.87138227,-0.54513816,0.37171517,-0.15010503,1.04965896,1.92002343],
[10.32221265,-8.58699147,-10.55186794,9.61413114,-11.38107856,0.56896697,-1.34944417,-0.28226849,-0.55066337],
[0.37450107,0.24448539,0.4973742,0.407475,-0.89981884,-0.43458608,1.14770172,0.97289839,-0.40147727],
[-8.344522,-9.04270185,-7.61046855,10.27049408,-8.35965405,-0.04834996,-2.98000306,-0.15423839,-1.0920834],
[-2.45235736,1.20910709,-1.69189189,1.50115212,0.94853765,-0.61933418,0.55998383,-0.16952457,1.02752299],
[-0.76175288,-0.11577349,2.10487063,0.28807636,0.16295586,1.75886611,-0.06694515,0.38055019,-1.10362406],
[1.34170371,0.41789419,-2.21892161,-0.5155906,0.48184575,0.23183323,-0.35314374,-0.16218991,0.63467767],
[2.39324148,0.37974096,-1.47285995,0.72584629,-1.57099703,-1.24000026,0.69466929,1.97617403,-0.79840238],
[-12.52877783,11.13838627,9.63229693,-10.29033616,10.56573537,-0.33423452,-0.06349802,0.63059731,2.20559363],
[-10.63943854,-7.82313102,-9.12715819,10.24987616,-8.39839265,0.74552989,1.00139289,-3.74789071,-0.09979003],
[-0.90789434,-0.69627489,-1.14075707,0.33584967,-0.64499377,-2.12833295,-1.16445366,0.87426383,-1.29760146],
[-0.41623074,-0.56462613,0.49493489,-0.03754874,-0.21597273,1.51392111,0.11107395,-0.03954614,-0.74030313],
[-0.14161179,1.38830784,1.8132747,-0.4805451,-0.53811801,-0.12962726,0.73993529,-2.43671457,-1.06298815],
[0.86697467,0.11290326,-0.57040474,0.91400505,0.14052645,0.34483799,-0.73430391,0.19007115,-0.06622761],
[0.90338661,0.95887101,1.27751603,1.03274206,-1.52799474,-1.59014729,-0.58596,1.12995453,0.17139341],
[-0.21893216,0.50042885,0.03011923,-0.01697592,-1.27524878,-1.00070654,-0.03622659,-1.19830773,1.47213455],
[0.17994933,1.54348793,-0.01108908,-0.78382916,-0.33685426,1.79205634,-0.18475822,0.2000851,1.66808063],
[-0.46019453,1.57111231,-0.92408455,1.1936063,-0.33925425,-0.15718281,0.40232684,-1.85080351,-0.2513863],
[-1.77014744,0.30210964,-1.19095198,1.06534304,0.06749163,-2.22173023,-0.19815093,0.76841135,-0.59246756],
[0.19724357,-0.1574817,-1.35480527,0.50252957,-0.05607936,-0.48212326,1.42742306,-0.9962756,2.12943139],
[10.53399913,8.8952075,-8.56615317,-7.95515444,-7.67394429,0.2695561,-1.99607456,0.51823944,0.49537754],
[0.06152455,-0.89772698,-0.29316238,-2.15723484,-0.87611612,0.02502521,0.45948301,-0.7965608,-0.79079318],
[0.50590033,0.2935785,0.5370648,0.35601422,0.74711948,-1.66324081,-0.66914271,1.45528039,-0.81033913],
[0.34113509,-0.01732762,1.11622591,2.0109774,-0.23399355,-0.78597919,0.46636098,-2.14765548,-1.03753468],
[1.24777132,1.12671494,1.06852319,-1.15209362,-0.17149415,-0.5794181,1.01137115,-1.13492664,0.27577677],
[-1.10331459,0.77455148,0.09283294,-0.61163595,0.9206849,0.33840121,-0.0278256,0.13543176,-0.2264358],
[0.05037875,0.92003062,0.08683265,1.89725879,-0.05414786,0.24830935,-0.55557751,-0.31398353,0.44204204],
[0.07204898,0.64737299,-0.68820332,0.03427158,-0.9563635,0.09116238,0.61320061,-2.58149393,1.5025412],
[0.1871382,-1.66061127,1.91461194,-1.13429019,-0.1760285,0.08557429,-0.75567724,-0.31954597,-0.36899939],
[-0.64449427,-0.69198573,-0.02316844,0.33511721,-0.40829733,-0.26890876,-0.36313463,-0.00744272,-0.72508884],
[0.61097279,1.2867067,0.44769855,-0.63375569,-1.52119748,-0.75653426,-0.69058245,0.17045768,0.3078187],
[-1.18355066,0.41457122,-2.46398084,0.84706472,-2.59068067,-0.30427597,0.43686075,1.25635117,-0.34464043],
[-0.08059857,-0.84696492,-0.2693483,-0.21944169,-0.8597874,0.39325426,-0.90120105,0.09083154,-0.7308814],
[0.61813316,-1.15481512,-0.73916616,1.7484195,-0.90773517,0.07046562,0.3887154,0.93484412,2.44508954],
[-1.25066488,-0.4344285,1.19696277,-0.21235311,-0.59360981,1.51425662,1.04034882,0.0066598,-0.19109439],
[-1.05430171,0.01929065,-0.15931253,0.44349204,-0.06886396,-1.03521629,-0.65054984,1.60815701,-0.70947808],
[0.39586689,-0.70375043,0.83109355,1.05636878,-1.11244807,1.0475663,-0.96036602,-0.16934675,0.35751703],
[1.05814194,0.41489532,1.36408063,-0.92870567,-1.69902929,-0.03626109,0.88437592,-1.81559125,0.54732683],
[-6.80587157,11.16930587,-9.81874509,12.28257635,8.39273513,1.36593322,-0.35882924,-0.62532224,0.67857311],
[1.12988082,-0.69896726,1.06989666,0.57409245,-0.95817165,0.01934978,-1.42796695,-1.0442513,-1.12199389],
[-1.7278297,-0.20407757,0.46848075,1.38493781,-3.7981436,-1.18640156,-0.95707379,-0.05281185,0.674185],
[-0.45259964,-1.23410662,-0.47236071,0.4520185,0.17036584,0.2710148,-0.60588234,-0.20547813,-2.40715288],
[0.42416265,-0.95029917,0.35807657,-2.34366731,2.15119237,-0.22542052,0.65263902,1.14556291,0.2765139],
[0.40171506,0.19663622,1.11415134,-0.34182833,1.44067221,-0.90621463,0.52227874,0.09397953,0.43988127],
[1.67218757,-0.07433007,-0.42892273,-0.82008484,1.40737126,0.03248989,0.99380964,0.45324935,-0.7425092],
[-0.33101184,0.70490451,0.98691668,0.58496573,-1.52266315,-0.01047194,-0.10378488,-0.92346191,0.0740604],
[-0.83690678,-1.26256863,-0.23300791,1.44259343,2.39006283,-1.27962931,1.6632102,-0.01314336,0.64298168],
[-1.04007731,1.87306863,-1.36485297,0.79713857,0.78545333,-0.16580147,0.76922654,0.582425,0.32206404],
[0.40203568,-0.72345835,-1.86459741,1.15527533,0.24289142,-0.77998467,-1.51842899,0.57312283,1.16259921],
[0.59215532,-1.3700238,-1.67279255,-1.34023315,0.61537465,1.70382833,1.09638891,0.06609951,1.28957259],
[-0.68053341,-0.47719374,-0.95872925,0.06583566,-0.24027245,0.11867891,1.45381588,0.33413149,-0.19900147],
[1.03373322,1.30797483,-0.54211677,-0.15484383,0.88134602,2.02539697,1.04656496,0.64520694,-0.08163773],
[-0.32823432,0.72565579,1.32637155,-0.32997251,0.36172942,-0.94524045,1.01681026,0.34839287,-0.59356533],
[0.87947626,0.91955519,0.49025794,0.56791335,-1.88271104,-0.12398325,-0.54555226,0.52996194,0.17252734],
[-0.62871926,0.47439349,-2.34493672,0.09169347,2.65731846,-1.42891933,0.68376874,0.91813668,-0.88865733],
[1.35314976,-0.099343,0.26128482,-2.58827027,0.32267744,-0.27051125,0.64959905,1.39034107,0.79449771],
[0.33576256,0.75685107,2.05536949,-0.24499084,-0.11984697,0.81588354,-1.06250506,0.36646906,3.0707065],
[0.45715084,0.26636702,0.02036349,1.00334598,-2.5661001,-0.7705054,-0.371903,0.10285653,-0.53176375],
[9.53995446e+00,-9.49804273e+00,1.03901283e+01,1.08563920e+01,8.02321571e+00,6.75447033e-04,-9.41720716e-01,-1.04104848e-01,1.72426312e+00],
[-0.86660547,-0.94286546,-0.36741838,-0.75891921,-2.53478027,-0.95555265,0.95372125,-0.16541625,0.02759224],
[10.5397838,10.2705221,8.99631576,12.04297886,-10.49646639,0.07061659,-1.55268808,0.18697847,-0.29405672],
[-1.07781261,-0.77474317,-2.57496868,0.20196025,0.67356815,-1.78896878,0.04305881,0.02792338,0.71961223],
[0.32458583,0.23441714,-0.33734888,1.5088957,0.19694692,1.81121398,0.4218497,0.27994538,0.90892245],
[-0.40292381,0.64390769,-0.06353982,0.32709487,-0.13770813,-1.53420856,1.0378751,1.17805591,-1.12034686],
[-0.01841527,-0.02299652,0.5433777,0.60128264,-1.6671794,0.35420882,0.78933539,-0.17489421,-0.07838884],
[1.74722506,-3.17895242,0.6307457,0.55101159,-1.28909822,-0.33400049,0.45214354,-0.97948621,-0.71895589],
[0.7175528,1.13419479,-0.5356027,0.45113765,1.33614754,0.95788315,-0.21065705,2.18538369,-0.0427112],
[0.17834555,1.3597131,0.28926899,-0.23666364,-0.73705575,0.98179164,1.09552436,-1.18261959,-2.42431354],
[1.08068132,2.05985885,-1.03782492,-0.52543493,1.27631977,-1.19640986,0.76552238,1.27647529,0.38375987],
[-1.64972388,-1.45789417,-0.84323546,-0.15970721,-0.4591309,-0.86417373,-1.23592496,-0.00662296,-1.0007895],
[-0.16770579,1.86996582,1.23612398,1.22329156,-0.73393868,-0.42985072,-1.49813501,-0.27555818,0.34765568],
[-1.66849018,1.02196249,-0.37063613,-1.66878534,0.78206403,0.95626203,0.71327072,-0.3134424,-2.10863096],
[0.03279615,0.98438611,-0.43047449,0.65341032,-0.36437213,0.54203097,-0.02961929,-0.09904571,1.36855911],
[-0.05991818,0.14369616,0.96501252,-0.95363025,0.33015732,0.58754583,1.09151527,0.10211084,1.51445384]]
[-2.3541608,-7.94450113,1.96878998,-0.60433046,-2.27164792,1.64831534,3.25940801,-12.00858735,-5.11292428,5.06558389,4.59550262,-8.38280881,-9.53976761,-1.00577291,0.92252801,4.82039574,-3.30252611,-1.58918591,-3.85259545,-3.79717832,-1.4914223,2.7194859,1.39107958,-0.65537413,-11.06122113,3.20824371,0.03642926,-13.34713882,1.30610878,-3.56664822,-2.12399175,2.76044785,0.26816322,-1.16369427,-11.4876721,-9.69851352,-4.51065551,0.17327481,2.15230506,1.275153,1.35358895,-1.97840687,2.77071549,-0.12606671,-3.56185445,-2.99565922,-9.84438956,-3.92904098,1.41638578,1.19774705,0.8191973,0.98822751,3.76800333,-0.37112928,-0.69283464,-1.21149916,-1.79914511,-4.84996164,-1.55355074,-0.06411279,0.368084,-2.54649487,0.2562437,0.8186545,-9.92078664,0.72132371,-5.17725235,-0.88176894,0.59281744,2.7860463,2.05680238,0.70152589,-0.33892795,0.96016215,-2.68888828,-1.02891347,-3.669598,5.02603781,1.36697626,-0.12771521,-2.11104625,-1.18553567,4.23376846,-1.72784691,-8.43417021,-6.47777702,-11.10336686,-5.0331434,3.83279308,-2.41902968,-0.16376722,-2.60602174,3.89272071,1.87384897,1.59467999,-4.22230716,4.21078501,-2.32481234,1.02586036,0.44034813]