[[-1.42078271,0.37534061,0.49621737,0.41708072,-1.664141,-0.32098075,-1.07864437,-0.55040197,2.01769825,-0.69113052,2.00916168,0.21969277,1.08784946,-0.15556207,1.65244808,-1.29594858,-0.71256715,1.27334306,-0.05549121,-0.75140197,1.07238697,-2.18962664,-2.08608182,-0.32120695,0.21632428,-0.84384252,-0.04779334,0.37577742,1.05479027],
[-0.64390016,1.67143184,-0.8509523,-0.02494622,-1.15560873,1.27771943,-0.06342382,-0.60267643,0.40689644,-0.46115376,-1.39945272,0.5952679,-0.13976171,0.51755543,0.65951055,0.61709149,0.25632835,1.73509625,1.13276494,2.63564035,0.83026697,-0.09962092,1.20628477,-0.23088243,0.3307553,-1.96696351,1.07324809,1.00945194,-0.14043735],
[0.5702259,-0.7599684,-0.12387831,-1.29505897,0.00621845,0.76200591,-1.03553356,0.18901441,-0.432912,0.18113114,-0.78775714,-0.60709852,0.18972389,0.84058787,0.98745339,0.30873198,-0.25695711,-0.03168277,0.05932471,-0.9224,1.85371056,-0.70921127,1.45363594,0.49474271,-0.58738984,-0.81548051,-0.50025293,1.40856631,-0.29869794],
[-1.04119838,1.57055562,1.31748178,-0.98565268,0.05853446,0.31531662,-0.45316675,-0.65543028,0.27034442,-1.0745504,-1.38355992,0.25585254,0.60042709,-0.67168892,-0.86589609,-0.39825784,-0.28126866,-0.65668195,0.6457741,-0.28917545,-0.76786702,-0.97240436,1.33476437,-2.01238901,-1.49379176,-1.13466996,-0.23004352,-0.48189646,-0.51301364],
[3.62623404e-02,-8.53431450e-01,1.13480346e+00,1.11750186e-01,-5.29499199e-01,6.87899688e-01,8.74778208e-01,-7.02735577e-01,6.13640490e-01,9.93278102e-01,-8.91883213e-02,5.14960742e-01,-5.63650607e-01,-6.19215797e-01,1.17573625e+00,-1.43765403e-03,-2.08957707e-01,4.01713905e-01,2.79628092e-01,-1.08416151e+00,-5.85048039e-01,-1.16265291e-01,-9.07863817e-01,8.62448339e-01,1.44842204e-01,1.33691926e+00,-3.59997006e-02,-1.57044243e+00,1.89223725e+00],
[6.36908075e-01,1.99879750e-02,-7.56341182e-02,-6.40145171e-01,1.36131100e+00,1.41521492e+00,4.72618148e-01,-5.60034011e-01,9.59452049e-01,-1.13585792e+00,1.51387368e-01,1.08994237e+00,1.12288739e+00,1.35102985e+00,-5.33002540e-01,-8.27019627e-01,1.62423947e+00,-1.23676817e+00,1.57071050e-01,-1.46158456e-01,7.90429633e-02,1.52940849e+00,1.80529239e-01,1.48427056e+00,1.84749111e-03,-2.05777681e+00,-3.42281997e-01,-2.82428315e+00,-1.66786092e+00],
[-0.2835038,-0.65683665,1.23591817,-0.32070536,0.86627071,-0.51786791,1.04176011,2.17783804,-1.10744417,-0.9920852,-0.48379699,-1.19273043,-0.30692528,0.59899344,0.12443331,0.63461076,-0.32231495,-0.84653011,-0.44827708,0.65881058,0.27804118,0.02134044,-0.45327523,1.16701403,-0.27075921,0.32844917,-0.45535189,-0.1681287,-0.30647624],
[-0.71531739,-0.63840486,-2.17637024,0.95697429,0.07113988,0.03873728,-0.05962196,-1.44772657,-0.33265651,-0.29649503,0.28059741,1.09471616,-1.92806064,1.74657455,-0.92301356,-0.81159946,-0.17898077,-0.69422331,0.33003762,0.43818498,1.66070406,-1.46516131,-0.6839138,0.44604295,-1.50379777,0.6639576,0.94142503,0.59562671,0.6150782],
[-0.17904911,-2.32942878,0.84548011,1.52258418,-1.44712097,0.74119716,0.62176204,0.90445996,1.57747771,-1.21439678,1.12025549,-0.4878323,1.05797304,-0.83561796,1.50563483,-0.4482677,1.8870444,0.63175463,0.28165581,0.36489217,-0.16470646,1.33228305,0.59649274,-1.08171913,1.22731879,0.92924889,1.51383691,1.34051863,1.43725964],
[0.95202144,0.25600876,-1.03791157,0.00743728,-1.3262392,-1.50651634,-1.00237642,-0.1994245,0.62114264,-0.86409429,-1.62902896,0.7000628,0.61138875,-0.71313158,-1.98809092,1.00272891,-0.30151597,1.14059163,0.61156611,1.59965517,-0.20859502,0.31673292,0.07775994,-1.20184269,-0.99847084,-1.07449908,0.6441179,0.21223603,-0.97906026],
[-5.61836262e-01,1.37548148e+00,-2.43330214e-01,7.96862771e-01,2.60535696e+00,-8.87676632e-01,-5.16445646e-01,-5.01108383e-01,5.15684945e-01,1.04206001e+00,-3.59601188e-04,-9.72681570e-01,1.95094233e-01,-8.66836371e-01,1.63720933e+00,-2.17610505e+00,-2.85559059e-01,-1.00357815e-01,1.45795285e-01,-2.34453534e-01,-3.14634500e-01,8.32728130e-01,7.69873722e-01,7.85527727e-01,1.12285180e-01,-8.14226198e-02,-1.75412297e+00,-1.81602311e+00,-5.00678845e-01],
[1.68933796,1.20068174,0.28473905,-0.69190946,-0.10077018,0.52470461,-0.97410179,0.54553967,1.03592659,0.34340509,-2.28143166,0.99056584,1.14604242,-1.36898262,0.19819415,1.73582723,-0.57670403,0.97033673,0.06893087,-1.30097833,1.56045384,-0.19007464,-0.22203397,-0.22222902,-0.54258771,0.16987249,-0.81739961,0.87204019,-1.06948351],
[0.62230589,1.464974,-0.9155789,0.67432777,-0.4769798,-0.83828432,0.53693751,2.62721034,-0.5435115,-0.61146701,0.18667003,-1.48334112,-0.0471185,-0.51103731,0.878679,2.41699306,-0.42707472,0.87710848,-0.76921358,0.59022257,-0.62505709,0.45959966,-1.43074897,0.60758296,-1.35607434,0.73608997,1.02166514,-2.45093253,-1.68707578],
[-1.40170077,-0.76535824,-0.10034813,-0.38796448,0.24483295,-1.51789697,-0.13062434,1.78081775,0.78964799,-0.94866246,2.02566921,-1.47602328,1.06218831,-0.56894487,0.2258639,-0.67382368,0.57816096,0.20091432,0.0400633,-2.25967162,-0.11686861,1.13370055,1.00547571,1.44902145,1.56826022,-0.30297215,1.19545262,1.09724932,1.48495664],
[0.08585832,0.85362005,-0.41597246,1.36030233,1.3076071,-0.53132223,0.08644068,-0.69033766,0.24042722,1.3926837,-1.66918068,0.01948976,2.33918964,0.22078275,-0.93160194,0.70797414,1.1052974,-1.6887962,-0.12465788,0.09861019,0.23936981,0.47811087,0.808411,-1.53543976,-0.17449822,1.16380719,0.65030326,0.00341703,0.10904897],
[0.09017129,0.02568719,1.67334445,0.65307068,0.02738817,1.22436813,-0.55076612,-1.47196423,0.38654851,0.56935809,-0.88725478,1.08017062,-0.18827475,-1.54201189,-1.6866318,-0.67914479,-1.1232606,0.30683361,-0.88215672,0.08952623,-2.28830864,0.75658104,-0.59407566,1.01838244,-1.24896237,-1.70717572,0.58922317,-0.53721543,-0.55972008],
[1.74555581,-0.98903061,-0.43403979,0.06906143,-0.74524128,-1.11356,0.33239045,0.05932935,0.7618488,2.23817398,0.77644092,0.70131827,-0.31599747,-0.89861717,0.49745437,2.72227609,0.51488287,0.30590084,-0.62263978,-0.25506841,-0.69016914,0.41251134,0.99369626,1.1743686,0.96079769,0.62996899,-0.28178899,-0.13913601,1.01458203],
[-0.74466287,-0.08591963,1.56576152,2.00347152,0.61108736,-1.39796086,-1.16747849,-0.44584164,0.89810868,0.38802879,1.7311218,1.55275825,-1.18161322,-0.6252623,0.97374877,-1.82387209,-1.68224282,-0.48074958,0.52691955,-1.3397461,-1.70500868,0.43029326,0.79852139,-1.5420102,1.00857326,-1.33234564,-0.32710189,-0.5304243,0.22802368],
[0.46905382,-1.29613389,-1.80376259,1.46750614,-1.58688053,0.70772588,-1.97470708,-0.82552449,1.79854452,0.44435695,1.17007031,0.35344807,-0.88567931,-2.29544226,0.56999755,-0.25356722,0.65956019,0.49667489,0.45349939,0.94276989,0.03909585,0.23146469,-0.02296491,0.95009293,0.09863536,0.69854475,-1.36066595,-0.69057901,-1.449706],
[-1.33269182,-1.26992896,-1.06208585,-2.14453222,-0.01850898,0.8411331,0.37498604,0.18178279,1.54830906,0.61852388,-1.64385338,-1.93540424,-0.51734798,0.68355518,-0.6821084,-1.0415553,2.06409848,1.30527663,-0.39715258,1.22456885,-0.15339403,1.83787976,-0.16126626,-0.13123662,-0.84766014,0.98623342,-1.42744195,-0.48655865,-1.31298599],
[-0.29938257,0.13308635,0.08788971,0.95920392,-0.10303652,0.52530105,0.46572937,1.49796139,-0.90525823,0.27402367,-0.91165316,1.70015552,-1.381374,1.37328194,0.65911642,1.85448604,-0.0703772,0.49531512,0.89153504,0.84259245,0.03212701,0.93365214,-3.0763708,-0.70340456,1.62381165,0.40703159,1.04385427,-0.60171646,-1.58582731],
[0.11111512,-0.61616354,0.84882623,1.38576813,-1.55550019,1.60893828,-0.59383628,-1.98323526,-1.81226581,-1.19752971,-0.75427811,1.58693689,-0.51901872,-0.24638123,0.63503766,0.67137341,1.56366314,0.46581399,0.35010292,-1.21337402,1.1369165,0.49605264,0.61657504,-0.56750222,0.15505629,-0.54437067,0.09277521,1.63737334,0.24641012],
[0.0752698,0.28646879,-0.61004615,0.17561212,0.35308244,-0.77451282,0.08626621,0.89010431,1.36988998,2.21805621,0.41062145,0.31096142,-0.77550419,0.29903663,0.90164893,-0.47355696,0.58543591,0.28792862,0.64579627,-0.11355833,0.654216,-0.18678152,-0.30215472,0.81604981,1.35252286,-1.74151356,-0.01974977,0.43725117,0.11368413],
[-1.66920934,0.15574129,0.7333895,-0.94562924,1.65107147,-0.9414425,0.94257579,-0.13330137,-1.52641193,0.74731938,-0.58098582,-0.70076928,0.05671651,0.32219121,-1.35265977,-1.09424688,0.05878063,0.97488369,1.27683175,0.31095679,-0.2095533,-0.89414434,-1.40378645,-0.53640524,-1.07363665,2.90399883,-1.21727998,0.40830978,0.57587716],
[-0.14284925,-0.43001373,-0.39619469,1.8912584,0.22592759,0.08434959,1.49085514,-0.22537441,-0.20948502,-0.6058502,-1.2647884,0.64380538,0.26943045,-1.5374841,-0.59828903,-0.34628568,0.864704,-0.71697316,-1.24938174,0.81713187,-0.73161824,-0.3185012,0.94864345,-0.90045578,0.3876891,-0.24367334,-0.81793039,1.37377139,-1.61669323],
[-1.73215835,-0.91607771,-1.6575987,-0.52390497,0.40398704,0.13671338,1.67872838,-0.25416287,1.86487894,-0.39166951,0.51681355,-1.78284286,-1.00982976,-0.69724979,1.97392158,0.6510949,0.53391243,0.67784697,1.06873661,1.59220457,-0.61088763,-1.40781553,0.08636973,0.40861359,0.14957421,-1.15887117,-0.07710857,0.92470411,0.48371519],
[-9.52654339,-11.06472618,9.36920727,7.51707255,-9.44868805,0.03261326,-1.51035516,-0.5699993,1.2366823,-1.04091232,-1.19108832,-1.10132731,-0.41108005,-0.86887905,-0.20851394,-0.14939446,-0.28542094,0.73422485,-0.5204366,0.55311547,-0.29235213,0.7126735,-0.88322409,0.55687515,0.35990589,0.70495939,-0.18266376,1.15985235,2.91743926],
[-2.24334517,-0.58446067,-1.20913882,0.74459378,-1.26392059,0.21728538,-0.6091857,-0.24319626,0.75964186,2.88295959,-2.08121663,-1.70193722,-1.17350108,1.21771271,2.65535486,1.04379271,1.23019821,1.51616028,0.05506709,-0.37740063,1.38535749,-0.26755272,-1.25566559,0.10882251,0.2639865,0.72107235,1.71399026,-0.5264747,-0.12532638],
[-0.23114551,-2.01811023,-0.88645551,-0.18300776,0.58340074,0.08491519,0.95487029,-0.2943942,-1.00638779,0.54212256,-0.06793924,1.29382734,0.12499268,1.05908627,0.27438108,-0.03444559,0.43470127,0.17456335,-1.01337589,-0.32976407,0.60573357,-0.14137845,-0.3618398,0.78410422,1.1691766,-0.56027788,-1.11666198,-0.68848274,-1.19080914],
[-9.31109311,-10.35135208,-8.50950808,8.96439085,-9.69893826,-0.4038414,-1.88665007,-0.47968775,-1.24319128,1.23783636,-0.14311108,1.20441168,-0.42193474,-0.83880465,-0.58536628,0.24551416,-1.09947971,-2.26856456,0.9751085,0.75432915,0.21166299,-1.84827689,-1.05851574,0.30964603,0.55082612,0.1108875,0.92607418,-0.74908591,0.6466743],
[-1.36943705e-03,3.05411278e-01,-3.79599483e-01,-1.53868694e-01,-8.44353575e-01,-1.35707192e-01,2.40751251e+00,5.79897149e-01,6.00911948e-01,-1.25209697e-01,-8.71033842e-01,-6.15187212e-01,7.72475140e-01,-1.36924148e+00,4.40887176e-01,9.22301023e-01,-8.01541989e-01,-8.61098997e-02,1.11573317e+00,1.53704631e+00,3.28074933e-01,1.23669003e+00,-1.40985421e+00,1.09079189e+00,-1.31733970e+00,-2.85377395e-01,1.16083912e+00,-2.11626209e+00,4.55787310e-02],
[-0.62624399,0.56386372,-0.57081957,-0.46663029,1.73926265,-0.62936938,0.14715464,-1.13203706,-0.02467052,0.33687868,0.15355944,0.90464031,1.65933448,0.74604935,-1.81268316,1.62004168,1.52122087,0.08077337,0.35012845,-1.13863784,1.10320288,1.9037882,-1.03190746,-0.74984487,0.16331989,-0.89957097,-0.59001648,1.19134791,0.56572703],
[-0.45049072,-0.73664267,-1.03805413,0.31965987,-0.68336878,-0.25878515,-0.12268618,-0.58274561,0.47432349,-0.21486561,-0.68386403,0.74722439,-0.37089151,0.58953666,1.45468994,1.32085565,-0.38416467,0.08753378,-0.97404564,-2.08038037,1.56761418,-1.03744626,0.60809941,0.69909117,0.66703111,1.77767248,-0.47643031,-0.11882645,1.70425198],
[0.41101315,1.51079656,-0.56953308,-0.50496283,-0.15396406,-0.86341194,-0.28236383,0.42132029,0.15056418,-1.50072559,0.67734409,0.80629727,0.52183689,-0.05917293,0.19278283,1.92584159,0.08114906,1.16629112,-0.38752656,0.85604459,1.2299161,-0.86165763,0.16001704,-1.19579199,-0.55022541,-0.91965831,-0.07564012,-0.97902131,2.03730903],
[-2.36488192,1.24824406,1.42582959,-1.03031317,0.81056136,-1.24440434,-0.63538238,-0.1743432,2.21610354,2.05591038,1.51387786,-0.48825531,1.18039124,0.50667691,0.63850499,-0.31107737,1.13293255,-0.29430745,-0.07275614,-0.0700631,-0.12064222,-0.3772034,-0.74192922,-0.7170539,0.7587058,0.19912242,1.22952844,-0.32059801,-0.77090445],
[0.42688263,-1.70546648,-0.97300661,-1.4409036,-0.91865893,-0.30141321,-1.19995174,0.44370488,-0.05443124,1.40931711,0.88223205,0.16478294,-0.68687123,-1.16021907,1.21563913,0.70547675,0.07077481,-1.05205735,-0.84979802,-0.49693919,-0.30832436,-1.29091715,0.4365676,0.78592511,0.45347714,-0.79690935,-0.17781882,-0.50901105,1.12364729],
[10.82354893,9.58112682,-9.8096408,-9.27024088,8.54077195,0.56542688,-0.05684708,-0.71458914,-0.65870077,-0.91030247,-0.95504399,-0.31087342,-0.74034138,0.14423109,0.68571543,-0.48075828,-1.3015249,1.43599734,0.61625754,-0.92812467,0.21132539,-1.18515066,0.38807575,-0.3187497,0.99341856,-0.47206697,-0.06497457,0.40836434,0.32987719],
[0.71732791,-1.30865384,0.07075977,0.40576492,0.41221111,0.39789954,-1.13392718,0.04879653,0.58265756,1.84960401,-0.21646704,-1.31024533,-0.5345796,0.52568625,0.7824957,0.84371181,-0.74883268,-0.32627091,0.18726068,-0.03413738,2.34585526,0.86794481,0.75545892,-1.09158551,0.51091402,0.07002992,1.2446991,-0.01526893,1.4664308],
[0.20687973,-0.34710434,0.36619459,1.48778569,-1.25512637,0.87873551,-0.42238588,-1.94577612,-0.29478585,-0.02082559,-1.56109514,-0.20661819,0.03681617,1.46974413,-0.36997164,0.35174111,-0.1847601,0.35782419,2.03309343,1.84770715,0.51973849,0.04473,-1.0139264,0.42342455,0.12645307,-1.30627536,-0.2399331,0.61828202,-0.46250154],
[-0.14548426,-0.14040581,0.74679015,0.48171316,0.16241925,-0.42941509,1.039028,-1.39776185,-0.68683031,-1.82502916,-0.20195388,0.53074316,-1.69794689,-0.40065968,0.83212503,0.71563273,0.3790338,0.09250612,-0.96137566,-0.39676161,1.1213833,0.33212976,-0.84100412,-1.25860538,-0.4133724,0.37430305,-0.53663031,0.11906795,-0.32735424],
[1.61662803,-1.70443045,0.49314989,-0.01710581,-0.55246038,1.38318717,-0.10292524,0.29137646,-0.80368547,0.62883253,-0.25884872,-0.33712884,-1.08231999,-0.0703523,-1.43642602,-0.17422587,-0.23690109,-0.55385935,-0.76375374,0.21305046,1.05667189,-1.02748121,0.11323298,-0.87654704,0.16464938,0.57320823,-0.69312269,-1.04378215,-0.06552631],
[-0.90851091,0.07920425,1.80797654,-0.51372452,-0.16989713,0.39726732,-1.19169159,0.3777885,2.26071018,-1.07109716,0.17240297,2.42832396,-1.2721079,0.09687148,2.03891221,-0.66257463,0.38026908,-0.53565843,-0.682589,-1.36905245,0.69023949,0.91781476,1.20953295,2.812825,1.05662794,-0.06718483,0.04085622,1.39766407,0.05048413],
[0.64249223,0.33742874,-0.36820782,-0.59766616,-0.437828,1.20061768,-1.8295778,-1.06528654,0.28466583,1.40758336,1.89515225,0.82844865,0.94774063,0.21140772,-0.56098467,0.07731498,1.00218153,-0.4474331,0.83073274,-0.21239941,-0.61376945,1.2359822,0.02364017,-1.14377343,-1.71758088,0.67737982,0.09228424,-1.45778787,-1.58200668],
[-1.59026408,0.33062548,0.16254211,0.65284784,0.15009872,-0.29553925,-0.82495251,1.25414636,-0.64538779,1.20197097,0.15602203,-1.54570364,0.07368932,0.38307285,-2.07196277,0.637371,-0.17331982,1.17834035,0.08732575,1.35261657,-1.71681815,0.62923384,0.83692279,0.00875767,1.54857194,0.14489993,1.56854756,-0.47883284,-1.13756758],
[-0.38746692,-1.04018176,-0.66441668,-1.4704629,0.64027972,-0.33827225,1.26436789,0.53090685,-1.78084322,0.15086291,0.06197357,-0.33759706,-0.43771117,-0.00855091,-0.55183462,-0.49957078,0.00749906,2.55767115,-0.26225562,0.84154497,-1.06332867,0.30068403,-2.64614348,-0.55987136,-0.41721009,2.23304317,-1.04024661,1.72345981,0.51532299],
[-1.35051348,-0.58953496,-1.12056192,0.98250545,0.12073272,-0.59914055,-0.09173147,-1.05772262,0.58317083,-0.93424785,0.11675441,-0.23757503,-1.14180781,-2.29034581,-0.77834456,-1.95604148,-0.06568582,0.51065706,0.73660853,-1.55936188,1.05199454,-1.12391255,2.26787659,-0.54165878,-2.22458372,-0.04350291,-1.23983122,0.43578862,0.8761385],
[1.45051704,-1.27522267,-0.33097878,0.18548642,0.38761281,-0.03429709,-1.25826243,0.47463047,-1.11104479,-0.04185692,0.46807586,-1.45453017,-0.69075159,0.62803206,-1.29555006,0.37679081,-1.24055768,0.36620485,-0.20378881,-0.54318642,-0.20410822,-0.95441943,0.19470902,-1.28120546,-0.55308658,-0.65758211,0.20731097,-0.42466423,-0.28601449],
[1.34989488,-0.27760481,0.94634596,0.30345941,-0.01205403,-0.27807711,0.55380288,-0.08220136,0.61616327,1.42297107,-1.70886705,0.92646399,0.7836217,-0.88673755,0.18168789,-0.64136892,0.78408132,-0.59984862,1.91149777,-0.02503889,1.1945363,0.7863222,1.28873754,1.11859537,1.71039767,1.21063554,1.15899616,0.36435669,0.44681353],
[-0.02621307,1.43803642,0.16474357,-0.12738995,-1.3615992,0.68972791,0.11317492,-0.26651453,-0.96034143,-0.57800222,1.12729796,-1.67569745,0.58106519,-0.10788659,0.86243115,0.6369027,0.52352025,0.50661361,0.36272221,-0.54155837,1.25503489,-0.02804274,-0.67416738,-0.63220005,0.30051451,-0.6303845,-0.72835503,-0.97596544,2.12721979],
[-0.01938982,0.37559599,0.35115103,-0.46038281,-0.32615196,-0.70138243,0.49600714,-0.54543135,1.33954215,0.05017478,1.19679775,0.26086949,0.25221931,-1.9166277,-0.58856673,0.64664095,0.20982435,-1.49694799,-1.44846446,0.53195268,0.63723917,-0.04768085,-0.97939451,-0.93881611,0.55755047,0.99786879,1.07436237,-0.60342612,0.85902008],
[0.71302886,0.90227257,0.18064121,-0.96803476,1.05124867,-0.75347261,0.10584457,0.1261858,-2.48903977,0.45533938,-2.13733029,-1.42709948,1.1102387,0.07980856,0.03665872,-2.62117132,-0.20735353,-2.05735957,0.39271769,0.15979547,3.19896716,-0.50123514,-0.90087312,-0.20162475,0.5387438,0.10324554,-0.60056741,0.27550207,-0.69326994],
[-0.64759365,-1.78430594,0.60576823,1.21552266,-0.45832537,1.03264685,0.04659197,0.00508575,1.12715355,1.53961592,-0.12950877,1.42498622,0.44797325,-0.95819046,0.56351118,0.37205288,0.65081328,1.06703986,0.52067941,-0.9141622,-1.17987984,0.92788292,-1.69743247,-2.42791008,1.30525587,-0.71404968,0.5786888,-0.01613535,-0.20133908],
[1.68373133,0.02083606,-0.48240333,-1.19376818,1.21002875,0.25381322,0.33224521,1.58984911,-0.43809944,-0.58775032,-1.04546055,0.62864064,0.20062258,0.83496702,0.19767618,-0.48618524,0.73190754,0.52343554,-0.9036374,-1.81625303,-0.26468576,-1.0054585,0.1127973,1.22974904,-1.07427011,1.11993532,0.65643838,-2.67278102,2.19444748],
[-0.47314079,0.085921,-0.80929229,0.9447544,0.61126044,-1.84810695,0.29184484,-1.0116902,-0.75323505,1.08586993,-0.16166542,0.02073816,-0.45123115,0.45782872,2.09049302,-1.14758414,-1.03329926,2.03114419,0.1242901,0.99294481,2.12222572,1.86147225,0.39520837,0.18131017,1.25971434,-0.04391715,0.6685128,0.9405321,0.4262146],
[2.10178145,-0.93631497,-2.32930739,-0.61831812,1.07513016,-0.76356646,-1.04846303,0.44367767,-1.34634193,1.59383968,-0.53717744,-0.18179897,0.46299696,0.05357514,0.54415369,-1.2031775,-0.61905305,0.91442821,0.16618027,-0.55631022,-0.31478538,1.36854209,-0.18129436,0.19119849,0.95578715,-0.09667149,-0.25286275,-0.23279711,-0.02348428],
[-1.40925255,-0.87297075,-0.50205115,-0.10634976,-1.07022649,0.21191289,0.21331574,-0.1790631,1.22930119,-0.94401302,2.12366412,-0.86170675,-0.64850914,1.82414437,0.12724849,-1.65935482,-0.22662531,0.40731289,-0.64586754,0.61222775,0.57914915,-1.00942438,1.62722146,0.29875703,0.70812344,-1.56754239,-0.5486187,0.08514936,1.64693966],
[-0.31479257,1.52648559,1.65005325,-1.46912933,-0.6984587,-0.59255099,-0.42632627,0.56544108,1.74666029,-0.83412589,0.66722416,1.08211463,-2.30655426,1.02294388,-1.05899093,-1.0674992,-0.20817334,-0.83858224,-0.25491893,-1.1860692,-0.17865902,-0.7322131,-0.30238907,-0.43139931,0.50541257,-0.12984288,-0.05062224,-0.23315459,0.67510344],
[-2.58937549,1.29204255,0.52786495,0.40021769,0.08812878,-0.94225679,0.84268293,0.56064592,-1.6229792,0.52139237,-1.74551927,-0.20380667,-0.68799338,-1.32728381,1.37482242,-0.69146286,-0.82784753,-0.92881014,-1.10442869,-0.48851818,2.09680227,-0.68889432,0.78292615,-1.79794737,-0.28649663,0.51633296,1.03997236,0.16865751,0.45103076],
[-1.01249302,0.34458224,-0.7183777,-1.39629384,-1.52327088,0.00825259,0.72434699,-0.96945094,-0.30680387,0.22300532,0.96633059,1.68769156,0.96162135,-0.70689573,1.31977644,1.28566063,2.39289967,0.08613069,0.50751313,0.56883719,-0.11011418,-0.17005532,0.57701485,-0.05031817,1.59808088,1.73631681,-0.2699518,-0.62956712,0.06737973],
[2.11942965,1.67952043,1.02444147,0.53750062,1.02080895,-0.49789868,-0.63897403,-0.29865577,1.27639366,-0.09306131,0.0706597,-2.14012361,-1.1330304,-0.03788137,-1.58915432,0.05574975,0.76207827,-2.22977005,-0.70253857,0.58943215,-1.58168207,1.3768966,-0.08204244,-0.95083681,0.02355288,-0.8405002,1.74704148,-0.27812467,0.82289293],
[0.58107416,1.44759238,-1.75952627,1.26683825,0.02254526,-0.44604526,-0.08029924,0.9448407,1.16299312,1.69701377,0.49699553,0.01875789,-0.06828516,-1.76101265,0.24302867,-1.19436549,-0.29302452,-1.814303,-0.26872521,-0.42017484,-0.05100719,0.57996113,-1.18667728,-0.90733631,-0.92833254,0.76556523,0.10141523,0.17219107,-0.17096709],
[0.22573081,-1.31312154,-0.77012893,-1.91217772,-1.62210049,0.26154466,0.09220328,0.72206218,-0.2999452,1.41071952,-2.17760477,-0.74864135,0.40806531,-2.18163824,-0.04518778,0.65422245,0.18064648,-1.41640558,-0.5764737,0.3293544,-0.97788054,-0.25551616,0.30239305,-0.68372072,0.96738035,0.33227804,-1.33942909,-0.2699566,-0.12823519],
[0.29967984,-0.107598,-1.30170573,-0.07914707,1.04743829,-0.85329269,1.07622198,3.02115254,1.44585631,0.10602525,0.01642333,0.14495137,0.75159514,-0.17100942,0.14476367,1.02511577,0.14034984,0.28661551,0.27762959,-2.13791934,0.67718044,1.33895541,-0.82433041,1.11929338,-0.32234414,-0.1286396,-1.73728466,0.02283899,-1.78891127],
[-0.02037777,-0.66313089,1.35198374,-0.04273927,-0.11557865,0.55613078,-1.95736652,0.85507016,0.22395173,1.18447537,0.55097678,0.07704627,0.48484291,-0.28885892,0.40142183,-2.03464831,0.15364,-1.36650783,0.77741807,1.60109371,0.94305394,0.5671339,0.04305058,0.8561338,-0.09738099,-0.6758451,-1.56564623,-0.01810164,0.12282786],
[1.14989262,0.27953819,-0.76887219,1.13529402,-0.59419024,-0.46910776,-0.6422648,0.18322348,-0.73314104,2.1980971,0.23681598,0.9364866,0.71221877,-1.31753628,0.27368018,-0.51914694,0.60154644,0.00227832,0.72202314,-0.11013777,1.49984471,0.34206038,-0.14521458,0.94231151,-0.62028466,-0.3941961,-0.04672679,0.36193973,-0.54426051],
[-1.10816202,-2.62216605,1.58184503,-1.57442219,0.98704617,0.55948817,-0.92041729,0.95587857,-0.56414113,-0.18583357,0.36214312,-0.45671656,0.73471689,-0.83463794,-1.73593449,1.46847662,-0.91659938,0.73017822,-1.2257306,-0.16613535,-1.506866,-0.89023344,-0.40601854,0.05575377,-0.05460322,-0.26133265,-0.00757947,0.15467819,-0.09159892],
[-1.70387401,-0.37227925,-0.96950122,1.39962721,0.47857863,0.00756158,-0.74808632,-0.71045697,0.47039808,-1.05994577,-0.09352581,-2.3057898,0.74235159,0.92587483,-2.12161834,-0.63538816,0.03841763,-0.01118636,-0.81895643,-3.34836453,0.17004466,2.08210115,0.75479747,0.78799598,-0.93644927,0.3278021,1.37586969,-0.89833259,0.83435793],
[-9.20367619,-8.31468659,11.09036322,-9.37183513,-10.29547548,0.2146691,-0.01111447,0.33619905,-1.45327368,-1.35537274,-0.47657697,-1.61158346,0.61250516,-0.51419494,-0.29057616,-0.18736039,1.83534321,-0.51618401,0.96895215,-0.53857761,-1.5128304,1.92797441,1.20213918,-1.9317869,0.36217853,-0.8506638,0.22856106,-1.5915836,-1.81122079],
[1.20495317,1.61908895,-0.50642199,-0.82916512,-1.71858704,-0.15840491,1.82028159,-0.01329254,-1.10170729,0.93822489,0.1750521,0.56943166,1.37864118,-0.78336035,-1.0019271,1.4821789,0.0472767,-0.47117531,1.16145409,-0.6411698,0.58118191,-0.27000679,1.2758192,-0.68453996,-0.63515392,-0.62276954,-0.93477254,0.81550975,0.49179859],
[-0.04878964,1.14226041,-0.27062112,-2.09606034,0.23149172,0.106913,-0.9434124,-0.73207875,0.62506704,-0.32915882,0.03327423,-0.53716722,-0.63174736,-0.26331734,0.37542041,-0.80180994,-1.02545089,-1.89165454,1.68859795,0.62636224,-1.51044378,-0.8661913,0.71045202,-1.47718027,-1.2755282,-0.81121093,0.32077408,1.12288854,-0.507819],
[-1.52236918,1.09256036,-1.8581358,-0.9613336,-0.05820955,0.46321508,-0.83021144,-1.02881263,-0.45132205,0.81102432,0.40943468,-0.89972041,-1.98393721,0.21706251,0.953676,-0.53774141,0.0393254,1.21891224,0.27499406,-1.726215,1.01533434,-0.03358627,0.73031261,-1.5938703,1.11870736,0.62934169,-0.33883728,1.83427639,-1.08347266],
[1.24109559e+00,-9.79846616e-01,-7.50615110e-01,1.55141014e+00,-2.03932553e-01,-2.00125327e+00,1.88808022e+00,5.90216435e-01,-2.14218902e+00,-1.61199227e+00,-1.99111116e+00,5.43887938e-01,4.89392429e-01,-1.53716087e+00,-6.98224474e-04,-1.77709123e+00,-2.05281918e-01,1.78996099e+00,-7.76667220e-01,-3.80202205e-01,6.18127735e-02,2.77477487e-01,5.70834562e-01,2.03150957e+00,2.01608669e-02,-7.83775827e-01,-1.13168765e-01,2.96645936e-02,1.42079788e+00],
[9.43677508,9.9092291,10.72960168,8.40825714,8.70306306,-1.34029097,-0.89191551,-0.92380375,1.80708738,0.10812664,-1.08510833,0.79569041,0.04054481,-2.47286894,0.7011666,0.72664711,0.11457186,-0.22416953,-2.19957486,1.77604808,-0.26308459,-0.0227301,0.5832576,-0.74260086,1.58412398,-0.02126768,0.27121601,-0.49537537,0.49322448],
[2.48346722,0.0541798,-0.32418901,-0.91195587,0.5444705,-0.20202916,0.66743529,0.16222747,0.23795696,1.45478239,-1.02424985,-0.891297,-0.48241401,-2.94036183,-0.45521697,0.15924827,1.60971248,1.02192502,-0.22009265,-0.11909049,2.07046167,0.77678653,1.51280653,0.4622638,0.85292913,-0.64396953,-0.26967177,-1.23344598,-1.35110686],
[-0.77143223,0.56387808,1.17881427,-2.55477406,0.66781341,-1.36155667,0.51630632,2.21494079,-0.66187782,-1.45683688,0.00641001,0.62471168,0.2839226,-1.29931815,1.46416655,-1.45274182,-0.0786965,-0.4468209,0.0644866,-0.92868706,1.44771263,-1.61386529,-0.34215778,0.50759852,1.65671625,-0.06654726,0.45588152,0.52555433,1.28970804],
[-2.11365336,0.08032722,0.26738179,0.39977824,-2.15045641,0.84173944,0.26734026,-0.10969146,-0.42963693,-1.17478392,-0.79286392,-0.59975818,-1.2742593,1.01921233,0.18821555,0.29596538,1.02486028,-1.06342052,1.44739986,0.77790365,1.34129156,-2.50437798,0.16224742,1.33463186,-0.80151868,-0.48538719,0.63395489,-0.36309582,1.02109808],
[0.72671861,-0.32885532,0.53060382,0.43287391,-0.61077336,-1.11067791,0.29176722,0.03501189,-1.28198392,0.32352421,1.2477341,0.56455419,-1.02054345,-0.31630122,0.89680046,-0.40486935,0.51596098,-0.26113963,0.20202738,-0.53307082,0.75793158,-0.03136216,0.05708888,-0.67832617,0.50550718,2.01483335,-1.80689174,0.82432402,-0.52133673],
[-1.11482031,-0.73576639,-0.36925221,-1.17559339,-0.04022725,0.87611983,-1.25674721,-0.48673088,0.0988067,0.30866877,0.60693021,-1.79373965,0.65883173,2.08623939,1.08512856,1.15449868,2.13915532,0.52532222,-0.80341706,-2.23222909,0.90914396,0.35849079,0.19594684,-1.20939569,0.69742237,-1.32938835,1.17219318,-1.86319866,-1.28697601],
[0.09045494,0.04554202,0.09707627,0.31407976,-0.77434938,-0.68985351,-0.88038033,1.50239061,0.92799275,-0.10482277,-2.58529691,1.27463626,0.58101815,1.92390777,-1.23561265,-2.24718422,0.10099899,-0.59374931,0.52737925,-2.27557284,-0.93672846,-0.72722136,-0.38025415,0.88169042,0.39790948,-0.04418129,-0.26477617,-1.71402518,-0.46289288],
[0.87468403,0.46644635,0.37629327,0.32269504,0.50238685,1.46368383,-0.04881403,-1.25884893,1.10968026,-0.61964639,-0.10723696,1.11750189,-1.37433377,-0.36768622,-1.21091486,0.94671192,0.29022469,-1.56395432,-0.0106025,0.86602064,-0.2680407,0.89315793,-0.04977053,-1.18306049,0.41203207,-0.55550715,1.12189131,0.01874779,1.08133418],
[10.68247586,-11.50979389,-10.46417825,-10.22052192,10.51674464,0.54292919,-0.82099047,1.30987457,-0.26389664,-0.34638837,-0.32095815,0.6605081,-1.35672479,-1.98824382,0.12912301,0.80800657,-1.21420117,-0.61388166,0.27728697,-1.15389416,1.86317671,2.45593304,0.01794719,1.376218,-1.03135489,0.79836666,-0.24981056,-1.13238453,-0.15446634],
[1.72968817,-0.44295219,-0.69338765,-0.25301397,0.2799366,1.26782805,2.16412577,-0.94858647,-0.11287772,-0.18484118,-0.79897532,-0.08096414,1.44217898,-0.6834072,-0.01215291,2.45622101,1.45246624,0.05264604,-0.18672814,1.18700436,-0.33086484,1.02996265,-1.51465239,0.43475135,0.16937166,1.54331096,-1.03387237,-0.87291533,0.8738972],
[-0.09406712,0.45876982,0.17880141,-0.12642109,1.40786575,0.7873296,0.3970362,1.81936686,-0.56611215,-3.16464392,1.53353094,0.8929644,-0.15180477,2.30302979,0.53562931,0.63677173,-0.84864153,-1.0608258,-0.73719345,0.40599721,0.0484312,0.37138709,-0.55880144,1.17054382,-0.04075643,0.78963705,-0.07836888,1.77339199,0.48555898],
[-0.22121613,-0.36479783,-1.43695647,-0.15883347,-1.16821747,1.21119423,0.43795472,-0.71647848,1.46956123,-1.5230082,1.22909832,-1.54564446,-0.03129308,1.10714688,0.57405012,1.59801703,0.94136368,-0.63455491,0.04577617,0.51407703,0.6528989,-0.15272255,-1.00105445,-1.40861161,1.55655569,-0.28962463,0.1274735,-0.98707759,1.08392869],
[-0.44836534,1.06587846,-0.35492303,-0.82570434,0.54533263,-0.02345797,0.75440002,-0.15667392,0.25485895,0.64646705,0.39239298,0.32024487,-2.49416945,-0.30161952,-0.00789347,0.30579927,-0.48310111,0.82647988,1.36897609,1.49811925,-0.05138771,0.24068289,0.8164833,1.61383651,0.10495184,0.81372319,-0.64222275,-0.11837477,-1.11163679],
[1.64142483,0.37329319,0.20761548,-1.16837032,-1.16702978,0.71695532,-0.84403663,0.94844362,-0.45006617,1.18472269,-0.0104109,-0.52523223,0.31435647,-1.00693233,1.10298683,1.26037842,0.09845251,-1.20587959,-0.35645022,0.73160533,1.88701922,1.5173183,0.09550031,-1.57295578,1.02790471,0.79636785,-0.23582679,0.90374545,2.00710481],
[0.13145772,1.76037317,-0.86432991,-0.86471945,-0.40279994,-0.73052022,-1.83628556,-1.68940856,0.3947101,1.57751953,-0.95323707,-0.09383482,-1.49949191,0.48524913,-0.57602631,-0.01582284,-0.7718965,0.48616078,0.47885223,-0.3915766,1.51588974,-1.03534902,0.58318783,1.2189741,-0.21817607,2.55583284,0.933509,0.07256151,-0.29768245],
[1.05465450e-01,5.52891785e-01,3.86632132e-01,-7.55835090e-01,-2.16576807e+00,-2.98948312e-01,-1.03259277e+00,1.00648400e+00,-2.17291769e-01,-6.01842929e-01,-2.03724545e+00,7.88386007e-01,-4.92013374e-01,4.69340203e-01,1.95398135e-01,-8.51423164e-01,-1.07736473e+00,7.76991437e-01,-5.92660272e-01,-9.06155723e-01,-1.22856280e-01,2.07801946e+00,6.01594588e-01,-6.15113545e-01,-1.42696989e-03,2.29430619e+00,-6.74970192e-01,9.00835166e-01,-2.34676108e+00],
[-0.44470422,1.68236161,1.07062106,1.27377505,0.87663449,-0.17576232,0.25092676,-0.78929714,-0.44018597,-0.73023946,-1.22312031,-1.21474921,1.1000844,-1.01588932,0.24426681,-0.74848135,0.66271826,0.05361653,0.03125902,0.69507637,-1.066212,0.6719395,0.17263961,2.44622889,-0.25741394,0.14514796,0.4689888,-0.57155597,-0.218907],
[-0.6179945,1.75236974,-0.58353084,-0.97308894,0.01256173,1.04204637,0.32291372,-1.59417978,-0.66314021,0.43966457,0.59043537,-0.37913828,0.87905577,-0.50782388,1.14381494,-0.10851673,0.4768633,0.66356117,0.25284519,1.28381459,-1.85952746,-0.67787274,-1.98488955,-1.01672624,0.35134298,-1.54132391,0.377757,1.78558072,-1.3594373],
[1.64543954,0.27521679,-0.97812051,-0.94309225,0.46233176,0.3867008,0.13959604,-0.45994837,0.05218051,1.55061707,1.03247382,0.75713476,0.03158102,-0.09270728,-0.13498502,-1.75075329,0.51724333,-0.64012599,-0.32216172,-0.68457072,-0.36352773,1.00583687,-1.28135179,-0.11585173,0.46634882,-1.24782514,0.6369412,-1.68229142,-1.84835921],
[0.59444869,1.15960682,-0.96329181,0.90504995,-0.00715847,-0.16950314,1.2219507,-1.44857487,0.57144177,0.25709967,-0.66341111,0.05051343,-1.37569873,0.75918998,-0.51186047,-1.58085753,-0.13109263,-0.82801494,0.09390586,-0.37580053,-0.75401495,-0.10048564,0.31579455,-0.36419549,-0.40726378,-0.10464897,-0.65058174,0.10507726,-0.7804806],
[0.48382287,-2.06283676,1.48103969,-1.43778439,-1.09617563,1.08973822,2.47134475,0.16587062,-0.31059268,0.47163507,0.10173234,-2.78662375,0.39292904,-1.16777421,0.01842261,-1.00249874,-0.82364176,1.34978084,1.46021589,0.73425907,-0.58529934,0.06401111,0.30413156,0.73118729,0.83901289,0.7067604,0.63424263,1.51333771,-0.56959032],
[0.91431093,1.13817127,-0.14490218,0.02011188,2.0903499,-0.36707759,0.08445357,0.85935712,1.05343853,0.44093348,-0.3747043,0.05846934,0.41297787,0.67990222,-0.06509868,0.46079215,1.10046953,0.02139903,-2.48503056,-1.30044218,-0.30162777,1.55630406,0.25063276,-0.88988485,0.07141952,-0.72339099,-1.5741842,-1.69249783,0.58104769],
[-0.36436776,-0.08111395,-0.24014077,0.37332456,0.78808674,-1.09655228,-0.97630968,0.38414142,-1.14227919,1.15471986,-0.53491928,0.39916164,0.81398857,0.6159141,1.74465648,-0.60106094,-1.66171472,-1.83352099,-1.00874445,-0.54943295,-1.2876208,0.06194206,-0.72123706,1.12169485,0.64286931,0.983865,-0.08195702,1.48198009,-0.5997182],
[-2.09757141,0.03603731,0.75913847,1.69351226,0.34520338,1.16295675,0.09084494,-1.64202965,-0.03843098,0.11254165,-0.1758896,0.53318555,-0.33008645,-0.23949133,0.33556497,-0.77320817,-0.53581608,-0.23966793,1.25782421,-1.63091671,-0.03089625,0.248692,1.59473363,-2.57884828,-0.23978977,-1.24444845,0.59998581,-0.62171454,-0.7720496],
[0.94223575,-0.12151239,-0.38224938,2.03305796,-0.33241291,0.32143326,0.09177044,-0.21362446,0.97208626,-0.74600422,-1.13792379,-1.01450551,-0.45552167,1.45495593,-0.16178736,0.69020479,-0.09781757,0.4023449,1.64732844,-0.75284263,-0.35640201,-0.47660424,-0.30503578,2.29056291,0.90997465,-0.66801294,-0.30114794,-0.26598556,0.63854901],
[-0.59504815,1.85558638,-0.31434421,0.90068499,0.96858409,-1.18167576,1.49131243,-0.51409625,-0.12161041,-0.04034625,1.348757,0.31321483,0.36978349,1.26817259,1.3750893,-0.15443063,0.88678065,-0.19077985,-0.97584403,0.51812704,-1.62500412,1.87786117,1.37514636,-0.1778813,-0.00677314,0.90338793,1.06641304,-0.56385704,0.3839809],
[11.33249852,9.80763502,-8.60807968,8.10509435,-7.80963437,1.4261373,0.35076605,0.50947002,-0.65589493,0.44539076,-2.28019721,-2.079708,0.67051175,-0.37766845,-0.150903,0.42765374,1.51350463,0.17793203,-0.05277775,0.8891238,-1.17041629,0.50619681,-0.57569927,0.08247098,-0.80394274,1.4387813,0.05829696,-0.57408467,-0.03594274],
[8.56323337,-11.22172071,-11.27918655,-9.96154701,-9.26228543,-0.93229799,2.09949025,0.72974692,0.45921466,0.50670521,-0.75643223,1.03277678,-0.51213813,-1.37722182,-0.43987681,0.63993137,-0.71474652,0.58151239,-0.11829605,-1.18425481,0.53906472,1.66423764,-0.53522725,-0.82748315,0.16284363,0.66086411,-0.51930384,-1.20737804,0.84868072],
[-1.07174313e+00,2.69900574e-01,-1.06481426e+00,-2.18613230e+00,1.04341542e+00,4.02246176e-01,-9.92105826e-02,1.00233141e-01,4.76860257e-01,-9.45020559e-01,-2.92849569e-01,8.76587814e-02,1.75964446e+00,-5.56705049e-02,3.11691283e-01,8.81330868e-01,1.51308154e+00,-1.13386588e+00,-4.22165865e-01,3.26414248e-02,9.24505922e-01,-5.36525119e-04,9.46983493e-01,1.21935296e+00,-1.82037499e-01,-1.52200832e+00,-4.06933066e-02,5.98691787e-01,-4.52567830e-01],
[-0.46013537,-0.63566056,-0.77941002,-0.14370059,0.49534551,0.75558172,0.43741846,-1.03605865,0.10457459,1.25452667,1.69152594,-1.07429179,-1.26419697,0.20837656,-1.32608,-0.35455819,-0.14015828,-1.43362515,0.85403221,0.34803259,1.34581785,-0.19598138,-0.77985608,-0.64135745,1.11119772,0.98707941,-0.439848,1.69667972,2.32177722],
[1.67058686,-0.40168649,0.370342,0.87536356,0.95007748,-0.63836959,0.09846462,1.0828289,-1.30049606,1.45570002,0.90049453,-0.57715065,-0.82150572,-0.84321743,1.58257879,0.81913391,0.57100378,0.0136833,0.81939931,1.22541667,0.31332903,1.88027689,0.41185789,1.54225047,-0.08695358,0.04280088,0.59454437,-0.18781651,-0.41722859],
[0.03275401,-0.56555529,-0.22730562,-1.98654622,1.30250105,0.20882456,-1.29548007,-1.19615452,0.5961095,0.57945501,-1.00186966,0.56128362,-0.42957785,1.92999367,0.71534337,-0.31160431,0.81193213,-0.04174565,1.35222447,-1.17281278,1.33007711,-0.87206029,-1.00682196,-0.92141542,0.63946894,-1.22942427,-0.80425197,-0.96401721,-1.95752606],
[1.18333701,-2.48728268,1.05797226,-1.12959345,-0.34473962,-0.13117511,-0.50628219,-1.33687046,-0.94533593,1.74431974,-0.45856042,-0.79695381,-2.36196548,-0.79751456,1.09087668,-0.7797831,-0.82703222,-0.29871707,0.35724602,0.15106522,0.59647692,1.11726342,-0.8915615,0.29131791,0.88065132,1.17030516,-0.70814822,0.16865112,1.03289012],
[-0.18740971,1.94138544,-0.86491537,-1.19611487,0.1359927,-1.17790482,0.85006827,-1.96782865,-2.22189941,-1.30735703,0.2797913,-1.04784374,0.4728544,0.53381752,0.6051749,-1.9663013,0.91975081,-0.32624834,2.13708065,-2.20943133,-1.75488806,-0.91852817,-0.96967209,-0.21447003,1.45801122,-0.96862042,1.63564827,-1.16657932,1.32884729],
[-0.66242232,-0.17141337,0.73543843,1.94829155,1.26841748,-0.05557353,-0.00665355,-0.72312373,0.05323337,-0.58962835,1.27641894,-0.43705374,-0.27986369,-3.32074032,-1.8977042,-0.67926181,-0.57942522,-0.01463434,3.44785208,-0.37995366,0.60860687,-1.64006263,1.56629063,-0.52392234,0.33643156,-0.84456967,0.11677426,0.07652854,1.38654623],
[9.49245069,-10.81612544,7.90760413,-9.24409883,-10.31823996,0.0374887,0.09116087,0.84794884,-0.31093838,-0.44120377,-0.06706515,0.55625798,-0.71852823,0.37325545,0.72544163,-0.06897521,-0.62851438,-1.32216915,-0.34444965,1.48593209,0.83073602,-0.22859212,1.22328901,0.28884412,-0.41002814,2.15121156,0.22267215,-0.27511337,-0.9523234],
[-2.88402299,-1.91513834,-1.15250268,1.78688326,0.79488823,-1.30982083,0.08047906,-0.37713629,-0.42492881,-0.04492396,-2.40111078,-0.49999736,-0.65545008,1.53829406,-1.55971238,2.19529561,-0.46586655,0.69323086,1.36972461,-0.12872864,0.09661655,0.68299906,-1.52566712,1.05068181,-1.20586966,0.12152192,0.32197147,1.31850781,-0.53831282],
[-0.69707927,0.71435538,1.28387231,-0.72149336,0.1770444,0.35302179,-0.44644243,-0.50205947,1.48715381,2.33119627,-2.36962849,1.013545,1.22226546,-0.61041415,0.05686259,1.68826622,-1.67180033,1.80062917,0.04189173,0.42023095,-0.83241236,-0.67316468,-0.12615062,0.19074184,-0.0030705,-0.1443735,-2.28927829,0.2664236,0.65750984],
[0.45628975,-0.5605329,1.26436823,-0.94554556,-0.11378984,-1.07269788,-0.58650022,0.39686927,0.72802448,-0.57493796,-0.26126593,0.59064541,0.20712123,1.12562722,-1.4373745,-0.74516085,1.70375351,-1.22162112,-1.04939314,-0.81959523,0.36153679,0.59060217,0.56706733,1.0950945,-0.17376074,-0.59698152,1.92636363,0.75433749,-1.31710606],
[0.71261973,-0.71656984,-0.10133135,0.10135778,1.22102166,-0.1837034,0.12895418,-1.2528572,-1.1868588,0.13082924,-1.19494961,0.73272061,-0.02220831,-1.90777199,1.31057973,0.10816317,1.40041381,-0.27402249,0.2775091,-0.71233999,-0.13054421,-0.38739273,0.85943581,-0.23180589,0.50466386,-0.48676686,0.40653703,-1.9877407,-1.4841974],
[0.48348171,-0.53556331,0.46213964,-1.58443813,0.60211127,-0.12229524,0.90262132,-0.52106682,0.61469499,1.015718,-0.06613927,0.30216796,-2.24746757,0.64237239,-0.93236984,1.02121515,0.14220847,-0.22010904,-0.33217698,-0.54651393,0.7878289,0.7916942,0.75394864,-0.69687015,-1.22931069,0.79205426,1.08879074,-0.29586862,-0.36768766],
[-1.56573209,-1.2392081,1.5524693,-0.59729317,0.80691381,-0.21488461,-1.10583779,1.32075721,-1.37882163,-0.71104717,0.94253413,0.76993487,0.97459508,-1.15262592,-0.45922148,-0.1546632,-0.18151342,1.1067728,-0.48135314,0.43262453,-0.62484771,-2.84179707,-0.32482274,0.23083129,0.85821506,1.44032555,-2.130081,0.08328364,-1.2273429],
[-1.05868039,0.5263262,1.03983973,0.01621419,-1.01710631,-0.53837011,-0.39365027,-0.19315516,0.85870616,0.93044641,-0.69144732,0.09064538,0.93686547,0.51701184,0.98104013,0.60153372,0.68491472,-0.36894369,-0.27260275,1.32378859,-0.44238365,-0.35116912,0.45006159,0.51047448,2.74900054,0.59125698,0.35609049,0.12347933,0.09143409],
[-1.74449423,1.62224435,1.28740486,0.38027985,-2.75931629,-1.6529376,0.12656768,-2.1839347,-0.8339878,-0.57252071,-1.05963229,-0.94763804,0.49491539,-0.36228928,0.84338964,0.11673331,-0.03131068,1.94600297,1.78127022,0.61644751,-1.21720379,-0.94573736,0.55662667,-0.66844365,-0.4537598,-0.94073719,-0.58174603,-1.04160712,1.20813369],
[0.54416303,-0.13037796,-0.1287912,2.11818978,0.21465524,-0.05946018,-1.10291011,-1.33223398,0.70628347,0.1189283,0.37783633,0.66592429,0.23270706,-1.02830715,-0.7474165,1.75252084,-0.64204426,0.45033719,-0.58823401,-0.36786869,1.37391431,0.11072469,-0.45948742,-1.56799898,0.54493961,0.8243566,1.20803252,1.72582211,-0.48397553],
[5.81400767e-01,-8.43839567e-01,1.23494766e+00,-4.15080027e-01,-7.77771200e-01,-3.99756507e-01,-6.60568016e-01,-6.18270638e-04,7.62073503e-02,3.29112972e-01,1.54536920e-01,-1.41550751e+00,5.40397057e-01,-3.13253962e-01,1.82082844e-01,6.68157025e-01,-6.53889170e-01,-1.82529732e+00,1.66081377e+00,9.61558680e-01,1.23411056e+00,-2.17378493e+00,-6.33511342e-01,-8.75739481e-01,-8.65982016e-01,-4.98342923e-01,3.90082829e-01,5.15436575e-01,6.64740756e-02],
[-1.73919055,-1.22571348,0.15474682,1.17886597,-1.40553497,-1.11851029,-1.06875409,0.83822179,-1.04228926,0.63704309,-0.73972184,-0.44047267,-0.42931562,-0.19047901,-1.12948765,1.779566,0.70997433,1.25253601,1.17232588,0.15067763,-0.31824579,-0.626013,0.20781814,-0.06273068,-0.08637605,0.16188004,0.60812948,1.14814882,-0.81630731],
[2.08248353,0.6709783,1.23161077,0.91816058,1.00681705,0.41661138,0.22547727,0.88363471,-2.04897306,1.43540791,0.59882846,0.2262454,0.62064765,1.1138937,0.71703625,2.30139841,1.44958312,-1.16335851,1.06041766,0.65709682,-0.86356366,0.76345597,2.29339674,0.0338412,1.78452492,0.15222976,-2.96298197,-0.84089746,0.69952915],
[2.15186423,-0.27700529,2.88996033,0.54351168,0.96159272,-0.1855218,0.47886227,1.14049196,1.49840007,1.60800435,-0.95871493,-1.23476428,-0.93347031,0.20582011,-0.16285823,0.23864981,-1.70954447,-0.42857003,0.2146476,-0.34775239,0.9482299,-0.30836044,1.13687626,1.02568694,0.46116607,-0.46388463,-0.28045737,-0.60850226,1.91706208],
[0.1353091,0.33860322,0.99838077,0.30464706,0.30611854,0.59130927,0.63206249,0.43243771,-0.55287021,1.48782046,0.58471025,0.69670914,-0.93799121,1.20948789,0.78110532,0.39613775,-0.63032035,-1.37862762,1.00434127,1.38655077,-0.47363746,0.52468458,-1.07537637,-0.81757352,-0.41309589,-0.23367692,0.838892,-0.38143898,-1.58172665],
[0.4424174,0.85544959,-0.36810962,0.11847218,0.49785146,-0.55348289,-0.31598995,0.76175489,-0.92059991,-0.54008452,-1.91986693,-0.60084674,-0.3516454,1.13649813,0.49579036,-1.25524201,0.79211018,-0.48364776,0.19528784,-1.24810059,-0.49342048,0.21904995,1.35001322,-0.72591764,1.53518998,1.64531669,0.18722507,-0.24475767,-0.51184754],
[2.5979763,0.74465007,1.71492714,-1.02055736,-0.01517022,1.02394904,0.62148989,-0.67863738,-0.01137152,-1.29790891,-0.87743734,-0.08257895,-0.7219017,0.23787576,0.92564778,-0.86506417,-0.88138095,0.91252394,1.90662656,-0.74560656,-0.55738141,0.10618356,0.52681866,0.2863317,-0.64092132,-0.78895803,-0.62112317,0.62389822,0.2967608],
[-2.27406327,-0.30456295,0.3871759,-0.41896427,0.35868008,-0.63551955,0.53058262,-0.74859404,-1.52231146,-0.32373132,0.15215464,-0.29595083,-3.05350336,-0.09362973,-0.40178386,0.08348392,-1.12384114,1.72820803,-1.18016295,-0.71706962,-2.49368559,-0.32040869,1.12861058,0.57693499,-0.5666794,-1.22555726,-1.31506899,0.54920779,-0.18391406],
[1.81430324,0.39868168,0.08412507,0.2495624,-0.76399774,0.25226454,-0.2378363,-0.49545235,0.37336614,0.51116291,0.92482725,-0.05088457,-0.63628748,-1.87670064,-0.31026005,-0.82323372,1.82284731,-0.09201036,1.85233359,1.49921646,0.68259757,0.19938831,0.37017134,-0.56119851,0.14786054,-0.09908534,-0.04067504,0.60695959,0.38776347],
[-8.43465902,10.26306165,-7.82038808,-8.57823323,11.6181955,-1.03037432,-1.68965109,1.41977729,-0.15331617,0.1283771,0.04205652,-1.63940642,0.42200535,-0.5253043,0.14691138,0.16482824,-0.19605315,-0.08386404,0.61846275,-0.33139047,-0.59509835,-2.22629971,-1.48832526,0.34635127,1.48625583,-0.01862767,-1.26699407,0.88510228,0.45325557],
[-1.65253075,-0.52783908,-0.22141185,1.31902503,-0.84641998,2.06077171,-0.67658267,-0.34480506,-0.12254717,0.81982146,-0.50546703,-0.90456175,0.77560465,-0.28437692,-0.26435781,0.56681446,0.87558607,-0.52111678,-0.26716284,0.15469851,1.33879435,0.07991852,-1.25081972,0.80930333,-0.62727621,-0.27896789,2.35999207,0.29699577,0.93266697],
[-0.65907814,-0.66877144,-0.53047175,1.13673372,0.01724326,0.632924,1.0747096,-1.16507909,0.42689029,0.62913459,-0.60745603,0.29832101,1.75615784,0.79345659,-1.0184719,0.55821527,0.78899067,1.06951008,-1.57211995,0.38433597,0.39076115,0.58648563,-0.01850409,-0.46334242,0.85815292,0.25445741,-1.60125324,0.10223924,-1.10722794],
[-5.06543441e-01,1.14272868e+00,2.05751539e-01,5.48538020e-02,-1.59909866e-01,9.52318641e-01,5.32616786e-01,-1.55530050e-01,-1.11837798e+00,-1.45758909e-01,1.53076514e+00,-3.38927786e-01,-9.33700367e-01,1.05171641e+00,4.73163293e-01,7.49636726e-01,6.50656758e-01,4.76358406e-01,1.77584112e+00,1.33118629e-01,5.00037635e-02,1.51028583e+00,1.30319313e+00,-7.31683950e-04,1.26859256e+00,-3.24031024e-01,-1.11254412e+00,7.28524057e-01,-1.14342282e+00],
[0.22496513,-1.97855883,-0.60124359,-0.9622655,1.00389579,0.85669774,-0.16848545,0.87039388,1.20038383,-0.01400445,0.25215216,-1.30431872,0.27277886,-0.50239494,-1.17271878,0.72829275,-0.25795902,-0.32062737,-0.69248541,-0.5169282,-0.32819184,-0.22091952,1.20450139,0.49729814,-0.65346802,1.42610059,0.33161506,0.38364483,0.02753856],
[-0.03934164,1.75570749,1.13907356,-0.96924767,-1.13218726,-0.76239312,-1.20225216,-0.24651351,0.83039619,-0.40002441,-0.12246787,-1.22102769,0.48272704,0.260338,-0.60283217,1.09612099,-0.84624547,-0.44664168,0.12731707,-0.86316618,0.69552707,2.38291722,1.84482085,0.2302368,-1.66905922,-0.84654116,-0.7581566,1.71092893,-1.3914276],
[-2.23610677,-1.7814558,0.10452001,-0.26097775,-1.22600936,-0.98165868,-0.11110856,-0.20425997,1.11658888,0.62817346,-1.30993549,1.3093721,0.2653846,1.87447582,-0.42831432,0.96209277,0.27143946,-0.47365621,1.44607408,0.22629088,-0.0052408,0.41933983,-0.75201119,-1.25527681,1.53439696,-1.04211652,-1.64209583,2.36638523,0.47912136],
[-0.73161583,-0.88965199,1.10796148,-0.46843009,1.12727923,1.10586288,0.94105005,0.28535142,-0.35694524,1.46459321,-0.29058201,-1.34522336,0.21177397,0.58930698,-0.48959616,-0.65066008,-0.93577282,-2.13391138,0.66009127,1.27926364,1.059353,-0.98605433,0.00995335,0.13147532,0.12766876,1.29894573,0.43781429,0.9887674,0.33697116],
[-0.63710771,-0.49208829,-0.37821988,-0.70278676,-1.64142406,0.71446557,0.30195004,-1.28116099,2.31679022,-0.61227101,0.42836718,0.75619277,0.9081136,0.52635873,-1.28698874,-0.38260742,1.29325331,-0.01309853,-1.70562581,0.94100608,-0.97226166,-1.77702673,0.89520081,-1.86815308,-0.16061131,-1.09396005,1.04220786,0.58240066,-0.28315262],
[-0.10513668,1.17519031,1.53834752,-0.09057507,0.6524273,1.10013722,0.8936923,1.50295861,-1.30344332,-0.19058664,1.62324461,-0.34265814,0.81921221,1.61040413,0.03575065,-0.52562512,-0.50966859,0.69394266,2.42753688,1.42384009,-0.7233664,-1.34056168,1.43515982,-0.47909952,-2.99396529,0.06226181,-0.27316701,1.376334,0.05757751],
[0.44639522,0.18916778,-0.02390723,1.66710152,-1.779604,0.05795175,0.68295925,0.51356433,-0.1972332,0.90141511,-0.69534527,0.69424401,0.58562394,-0.23148281,0.94391171,-1.34904661,-0.39857676,0.53913512,-0.00932064,1.10757689,-0.15481725,0.78808177,-0.67517971,-1.85081876,1.05172387,0.33730008,1.48042521,0.50361937,0.35626898],
[-1.63536728,1.11587582,-0.37551559,-0.37048105,-0.80182105,-0.07532412,-0.02263153,0.75682555,1.2428942,1.09905845,-2.11249839,-2.13803438,0.55908358,-1.36710612,-2.19640654,0.72566846,-0.68675867,-0.65457286,-0.24836032,-1.17819603,-0.94138855,0.92842314,-2.03848108,0.09401507,-1.20729887,-0.44634433,0.42023321,0.60159484,-1.33033755],
[-0.38076354,-0.77365659,-1.38731239,-1.79287661,-0.29302821,0.84088752,-1.69815738,-0.22295301,0.7161875,0.19665539,-0.3372651,0.64706922,-0.16494859,-0.63430627,-0.58507369,0.92918831,0.60453994,0.95169525,-1.22603876,1.17621123,-1.4706202,-0.42929328,0.35483984,-1.30359459,1.02558969,0.79122126,-0.43796955,0.86480856,1.10897747],
[1.54961534,-2.40493553,-1.11803265,-1.24897974,0.04237731,-0.93942758,-0.16542154,-0.67344485,-2.01784088,-1.20434675,-1.26854769,-0.85478288,-0.65252202,1.91857987,0.41087811,-0.02774415,2.27203612,0.49624794,-1.08212365,0.45834627,0.37105385,-0.50948292,-0.82579923,-0.39143982,-1.3229583,-0.29547705,-0.1487667,-0.46151187,0.44258205],
[-0.28804183,1.03268141,1.60613687,-0.2003618,-0.91477528,-0.34329201,-1.18192055,-0.31205185,1.43546758,-0.33905386,1.06377929,1.57936732,-0.3327103,0.15123943,0.59156922,0.79891736,0.54669006,-1.2214721,0.26909479,-0.09496497,0.25587874,-1.65083592,-1.14892466,0.95940419,1.00114949,1.45938263,0.8308513,-0.96216991,0.47156813],
[-0.43928605,0.96152668,1.8444652,0.41129036,-1.06362902,1.15961138,0.59138371,-0.7905171,1.19315962,1.96430941,-1.87568529,0.50063722,0.24943695,0.71329803,-0.05579891,-0.6193806,2.27803324,1.53639492,0.01408595,1.15040041,-1.30361963,0.34596745,-1.04839834,-2.35722502,-0.74764938,-0.1149078,1.51931901,0.91811526,-0.57335279],
[-1.72928102,0.21628178,0.77282724,0.68340724,1.10581125,-0.73732659,0.5735824,-0.76824643,0.09906938,-1.27910999,-0.47042156,-2.98823389,-0.26170134,1.16630013,-0.71895576,-2.84956944,0.33511356,0.32182347,-0.69091207,-0.27494288,-0.33591448,1.48606597,-0.19907506,-1.07639017,0.1556144,0.61242497,0.05513759,1.27637684,-0.74410005],
[0.5254773,0.43521646,-0.37479212,1.24433693,-0.69755254,0.47783223,-0.61666596,1.05442123,1.61467664,-0.49181168,0.92434599,-0.26241392,-0.55486152,-0.52168036,0.96449365,0.51783014,-0.46791365,0.86407047,0.02026066,-0.03761587,1.29999076,2.00398029,0.07831428,-0.31873878,-0.51360501,-0.76517108,-0.85498964,-1.84640004,1.00943253],
[2.77077426,0.45684975,0.23941789,-0.18254543,1.04912763,1.26199858,1.14783964,1.10417045,0.13706559,0.89246948,-0.55152143,0.18614668,-0.57634767,-0.09445906,-0.25675881,0.88339491,1.67230926,-0.06792962,1.53679184,1.58729203,-0.16146832,1.89173423,-0.86470605,-0.64415372,0.79112735,0.61347931,0.18861534,-0.08937286,-0.27849128],
[-0.392157,2.15556794,0.30754199,-1.09057421,-0.53137598,-2.45371683,1.78443581,1.49227218,-1.07187822,-1.02776954,-0.06306261,1.94918589,-0.78334278,-0.7836577,2.37102047,-0.75223918,-1.84450157,0.56875785,0.54697518,0.11020196,0.30213339,0.14680741,1.18378725,0.82548674,-0.37954322,-1.4407723,0.74374868,-0.97774575,-1.3007605],
[0.77990043,-0.42903051,-1.32422287,-0.52824534,-0.46327718,-0.32277898,-0.68047818,-2.15109746,-0.89962444,-0.41197381,-0.34363898,1.57431871,0.29637803,1.20716702,-1.12475556,0.74427426,-0.14068583,0.43798796,0.12152394,0.82246916,0.50425947,-0.86543035,-0.24193532,-0.95048197,0.46606127,1.44982422,1.61460813,0.66110757,1.4605733],
[-1.19435991,-1.81567299,-1.02061204,0.05814148,0.2154297,0.24725606,0.1685294,-0.28733277,0.07473483,1.56502381,0.32447199,0.22315538,-1.17488891,0.07562877,-2.16875829,-1.19847909,0.41653657,-0.39343915,0.67376863,0.06375595,0.84252328,0.17926673,0.50398772,-0.48165414,0.11658244,-0.09516974,-0.40303016,0.09103226,0.64530665],
[0.57579967,-0.36901381,-0.79915031,1.23927319,0.24790558,1.00393237,0.44801204,-0.71390217,-0.50762195,0.90268317,0.37564644,-0.76722862,-0.99628652,-2.82452853,0.29341962,0.86339373,1.43787684,0.04828332,0.43829259,0.59670121,0.42778902,-0.20489083,0.49061793,-0.05595489,0.02249352,-2.05166193,1.35052138,1.31448546,0.02533056],
[0.17318103,1.17231205,-0.89928431,-0.6065243,-0.03371188,0.16280836,-1.26382354,-0.30899799,0.32104167,-0.09308386,-0.70405858,0.02457539,0.60646248,1.66718841,-0.42261988,-0.50656463,0.19109916,-0.98901197,-0.84406737,-0.5109075,0.42909806,0.82322324,-1.23715597,0.4729084,1.28733609,2.4512878,-0.38396065,1.4781156,-2.12659918]]
[-2.57524770e+00,2.47320840e-01,-1.46209682e+00,7.52169812e-01,1.47024776e+00,3.54318939e+00,5.51649051e-01,-3.07469127e+00,-5.72189979e-01,-3.10084913e+00,3.18990836e+00,3.06989371e+00,8.55725776e-01,-4.37746870e+00,1.69597948e+00,2.74431603e+00,-1.03930669e+00,1.84734811e+00,-1.36189102e+00,-5.04448911e+00,2.82882675e+00,3.46633956e+00,-1.61444510e-01,9.08763599e-04,1.35817093e+00,-3.70571270e+00,-8.65737343e+00,-3.52294760e+00,-1.73050111e+00,-1.00705511e+01,-4.80937262e-01,-1.57579083e+00,-2.21593245e+00,1.92796296e-01,-1.68350060e+00,-5.33962488e+00,-1.19592987e+01,2.01892835e-01,-4.91220317e-02,-4.96076489e-01,1.23501840e+00,4.83894199e-01,5.88767592e-01,-1.16119087e+00,-3.78136849e+00,-2.44352554e+00,-4.24862481e-01,1.21868913e+00,-8.70249393e-03,5.66972810e-01,5.50248117e-01,2.03343122e-01,1.64202270e+00,-1.07413514e+00,-2.11582738e+00,-2.45832810e+00,4.84681799e-01,-1.78681225e+00,-3.85169871e+00,6.37485333e+00,1.80132504e+00,-5.22189198e+00,-2.54389999e+00,1.50283327e+00,1.24153801e+00,-2.15279189e+00,-1.34549827e+00,-7.38543709e+00,-1.44107068e+00,-1.02407234e+00,-3.17227204e+00,2.69804878e-02,-1.82137240e+01,9.61869786e-01,-1.89581167e+00,-1.75582951e+00,-9.65965400e-01,-3.41594059e+00,-8.96725773e-01,3.59735587e+00,-1.14792983e+01,7.70564589e-01,2.90986880e+00,-2.65544866e+00,6.07336260e-01,3.99928496e-01,-1.47373772e+00,-3.03207961e+00,3.27938542e+00,1.56536894e+00,5.41109331e-01,5.18089859e-01,-1.78596057e+00,4.62670810e+00,-3.89021529e-01,1.79708034e+00,1.82930727e+00,7.45975565e-01,-7.21379802e+00,-1.70945210e+01,-3.32211600e+00,-5.84071510e-01,3.45799645e+00,9.22506873e-04,-2.63683618e+00,-1.23234114e+00,3.63246352e+00,-1.07797811e+01,-5.23626145e+00,4.51372155e-01,-7.32199811e-01,2.10698749e+00,-8.25252925e-01,-1.95494703e+00,-2.00049509e+00,-2.38138514e+00,2.52772980e+00,-2.32393844e+00,-3.31510873e+00,6.34477418e+00,5.97627694e+00,3.00910725e+00,3.03406684e-01,4.79935059e+00,-2.89196880e+00,2.39704729e+00,-9.98967640e+00,1.19558114e+00,-5.44643641e-02,8.82972697e-01,-2.16957873e+00,-1.78702441e-01,-5.71760215e+00,2.25028864e+00,-3.40346057e+00,3.28667955e+00,1.09130543e+00,-1.74574778e+00,-4.08505837e+00,-4.07168365e+00,1.04544547e+00,4.08791411e+00,4.04527235e-01,1.54287840e+00,4.66118350e+00,-2.87638968e+00,-1.91911816e+00,-1.67317392e+00,1.91991226e+00,-4.92588641e-01]