[[0.78301913,-0.13261998,-0.17655686,0.18357485,0.16164131,1.10164903,-0.88767669,-1.54940368,2.44287834,-0.46289419,0.13904031,-0.81257718,-1.49498603,0.16216953,0.86829712,1.06964881,-0.25143621,0.40768607,-0.88585354],
[-9.71560257,9.3517466,-9.63658103,-11.87959131,8.3353041,-0.69120741,-1.85379362,-1.24706384,-0.45251033,-0.89582133,0.38757403,1.10670801,-0.75286772,0.42968395,-1.56575425,-1.49299954,-0.22973774,1.30450876,0.339178],
[2.24299208,1.53760818,-0.581145,0.23394453,-0.09510656,0.14332671,1.40889767,-0.0757417,-0.4761322,1.60657127,-0.70465032,0.04172086,0.62944782,0.27067788,-0.11808321,-1.15031561,0.96069373,1.12483609,1.65373853],
[-1.09130402,0.96419898,-1.37795988,0.25075948,0.20623226,-1.75091551,-0.46751114,0.46445248,0.06417798,-1.55084066,0.49411201,0.18421163,1.59217115,0.24098954,0.40988133,0.15880441,-0.328128,-2.04888102,1.3410733],
[1.20252426,2.03606644,-1.45080022,1.13756149,-1.00199336,1.06721854,0.50780005,0.22073884,-1.15352252,-0.77711279,-0.70889279,-1.23657524,1.73477255,-0.55015391,-0.2330954,0.31004632,0.33716706,1.52117057,0.53215305],
[1.50045396e+00,-1.43231378e+00,-2.62412492e-01,-1.47302051e+00,1.89408047e+00,2.54074602e-01,3.81989728e-01,-6.59624126e-01,-8.53245752e-01,1.31894134e+00,-1.68407284e+00,-2.63271401e-01,1.96287791e-01,-1.15951872e-01,1.76178851e-03,-2.46093960e-02,-1.43629500e+00,-8.13869029e-01,-1.98565645e-01],
[0.24590531,0.38888004,-0.83377153,-0.51514108,-0.39553971,1.08135634,0.99036518,-1.27504651,-1.95564014,2.28820131,0.89055804,-0.4875947,-1.18219179,-0.11053834,1.12660812,0.20446051,0.26670449,0.77921858,-0.09068965],
[-1.43421548,-1.55744394,-1.76077163,0.22060388,0.71245151,-0.97638126,0.50983913,-0.37849079,0.22816964,1.61985593,-0.72013092,0.71584757,-0.47606006,-1.01589531,1.00139964,0.63034462,-0.39045634,-0.98642494,0.70761786],
[-0.75024018,-0.87978871,0.98432991,0.67076086,1.00804791,0.7310209,1.93027005,-0.10912248,0.91142424,-0.65599018,-0.07220602,0.67051768,-0.40585774,-1.14361108,-0.71194956,-1.38124429,-1.04987031,-0.39593108,-0.6551595],
[-11.23976032,10.77656692,10.645173,8.71722114,-11.15233849,-0.41739067,1.05109628,0.59001422,0.7557272,1.77640998,0.88941655,1.24537812,0.67335961,1.00378364,0.76855236,-0.01835249,-1.31561957,-1.0167196,-0.41610664],
[-0.18069135,-0.77786615,-0.40403566,-0.05686993,0.3575158,-0.11073109,0.9946635,0.18149582,1.44576077,-2.33953294,-0.4664036,0.36962212,1.16792372,0.44538998,-0.18858597,-0.31031531,1.14044636,-0.85164591,-0.83746211],
[0.67612118,0.94949581,-0.4770891,-0.10264408,0.61923209,-0.42389514,-1.57020365,-0.53928106,0.11118372,-0.49996276,0.87220153,-1.23341212,-0.9698443,-0.01415096,0.6809786,-0.75280485,0.85786153,0.57150964,0.84258042],
[-1.30399985,0.71176066,-0.91875798,-0.3461884,0.39897126,0.21295117,1.61362012,0.40232451,1.20541949,0.27176843,0.56513117,-0.04924123,1.08066745,-0.49346592,-0.50126643,-0.49334855,-0.11659133,-0.75243504,1.13284981],
[-1.24502065,1.48223037,1.45294663,-0.57234804,0.17141103,0.39774939,0.06988004,-0.85775828,1.1457743,0.43259083,-0.67141936,-0.58768272,-1.59681417,-0.22685591,-0.36741528,-0.0535864,-1.4595594,-1.48997209,-0.46022028],
[-1.22722709,0.80125144,1.76757134,0.13196928,-0.57808039,1.23033782,-0.17832309,-1.52305023,-0.3253741,-0.02170009,-0.49304721,-0.01250324,1.202281,0.21771657,0.05121048,0.90658127,0.57787363,1.19666224,-0.0434705],
[2.38780034,0.58917783,0.56585858,-0.35815691,-1.43775417,-1.46213155,-2.50922114,0.8279876,0.97967311,-0.89413702,0.84541662,1.03989352,-0.83589967,-0.786177,-1.49738787,0.91544566,-0.06315077,-0.81383478,-0.15302684],
[8.62427159,8.63113333,7.97337557,10.76800548,11.27144564,0.5273142,1.45994044,0.66113449,1.22111167,0.26363224,0.19876666,0.21070345,-0.04176389,-0.69881354,1.35545815,2.30153924,0.15226493,-0.53750483,0.6833939],
[-0.6338329,-0.25791475,-0.94898344,-0.06687907,0.35840596,1.25339166,0.38571902,-0.41480293,0.32634367,-0.24502515,0.44141471,0.4191701,0.15440064,1.35472722,0.42954586,-0.15797065,-0.57315623,0.57382044,-0.52174533],
[12.60922727,10.40487352,10.57487883,-11.58455268,10.55971176,-1.30498415,-0.70890799,0.28020064,0.54158588,1.07315891,0.3819534,-0.68254953,2.19406215,-0.68211326,-0.49068223,-0.18206182,0.2324371,0.16880216,-2.08864549],
[-9.85597541,7.73027619,-11.03297256,-9.81366463,-9.46285345,0.16126462,0.68568877,-0.07126037,0.45199827,-0.97430063,-1.84060212,-0.27136969,1.31033235,0.20548414,0.19630396,-1.45603911,0.25158394,0.84253008,-1.03249951],
[8.31180219,9.18458137,9.85336036,-12.90792353,-9.34442964,0.26597823,-1.50647812,1.18023503,0.19682239,1.54183983,-0.51640773,0.14712292,-1.82967338,0.42176973,0.50618325,1.78598588,1.16054278,-0.46320888,-1.12214126],
[-10.39005979,-10.38707709,-9.89519567,8.64130009,8.85430112,-1.0072825,-0.54034591,-0.75691318,-0.27553191,0.08821844,0.8998538,-1.90801108,-1.0639168,0.47891075,-1.00076903,-0.4708661,0.57434149,-0.16123329,-0.26596075],
[-1.46645453,-0.50292739,-0.0054107,-2.32149238,0.56935921,0.40582261,-0.83286561,-0.46773183,-0.00903292,-1.36962922,-1.48604039,0.62356608,-3.21020189,-0.34299856,-1.18306939,1.39896499,0.48567472,-1.44973724,-1.03549655],
[-0.5535372,0.84740234,-0.33688263,1.01749628,2.29582137,0.35319934,-0.37316376,-0.70408261,1.04143281,1.23689131,-0.19288975,0.55260746,-3.06360013,-0.22907095,1.51979501,0.41657538,0.9164307,-0.23744779,-1.76780946],
[-9.11733531,8.59710841,9.72503954,-9.96782265,-9.13759452,0.43651833,0.19814005,1.7905087,2.10986541,-0.88375803,0.88779288,0.8769203,-0.72918662,0.54676364,0.80216069,0.51368502,0.41181005,0.61977275,0.89364216],
[-1.1694855,1.65822171,0.93142042,0.51573481,0.51802688,-0.15582603,-0.61059228,0.15739934,0.41512971,-0.31948755,0.0406605,-0.65462006,0.93946334,0.52387821,0.98079453,-0.0653583,-1.05926921,-1.37195238,1.12982897],
[8.34960019e+00,-9.85757301e+00,-1.15996731e+01,8.95582255e+00,9.08866637e+00,1.52728674e+00,-7.65882141e-01,-7.79256533e-01,6.32194317e-02,3.91360472e-01,4.58246041e-02,-1.23716636e+00,-6.68765511e-01,7.17894769e-01,7.27512526e-03,2.27238535e-01,5.21652230e-01,-4.42027584e-01,1.12635428e+00],
[13.65334548,9.28054033,-9.26953292,-9.58082579,-11.21035652,1.0934556,-0.23638559,0.2695911,0.4655927,0.88203499,0.86808728,-0.05100903,-0.0719111,0.16275465,-1.99457181,-0.3960158,-0.60616714,0.28262089,-0.09792903],
[-0.19610914,-0.76296129,0.04839867,3.0267767,-1.46204324,-0.80276292,-0.69925872,0.65056868,0.25346131,1.22926848,-1.65119837,-0.63981197,0.1426764,-0.08265695,-0.84069336,1.15182443,0.71404656,0.85819291,1.91643014],
[1.64738127,-2.35607745,-0.6212356,-0.8443534,-0.89798976,2.82825753,-0.24259274,-0.74572633,0.59467314,0.37483745,-0.38196048,-0.59847597,-1.38884466,1.06285303,-0.0295008,0.60286002,0.39421497,1.26304299,1.40039226],
[0.16309055,2.23024571,0.53469092,1.48956168,-0.82508057,-1.33061258,0.05285192,-0.78377666,-0.36468811,2.23266152,-0.09174964,-0.61291702,-0.81617436,0.45247245,-0.18725909,-1.84948678,-1.82137988,0.80330729,1.32953806],
[1.88864512,0.06203163,0.07750239,-0.25909718,-0.12588191,-1.0851574,0.06452321,0.80683275,0.42417294,-1.4059381,0.23688616,-0.99444667,0.24713528,0.15784832,-0.16764336,1.61129021,-1.67037442,0.57899479,-1.81984459],
[-1.64157999,-0.53580361,-0.03181222,1.63126185,1.10335172,-1.68510174,0.50228945,-0.05178387,-0.3577393,0.568528,0.53220716,-0.0642932,-1.33435695,1.17920135,-1.416991,-0.07510229,0.98023108,-0.28190062,0.99004355],
[-1.24677089,-1.14932978,-0.78671661,-1.80186864,0.66241015,0.43514809,0.46516753,2.37817016,-0.1033608,0.06412032,0.14305647,-1.44583695,-1.06785545,-0.96012998,0.0459043,-1.53320757,0.15462235,0.24968285,-0.43901731],
[0.99901761,1.12739061,-0.37118099,0.67265477,0.22890096,0.49103972,0.38677392,0.11793515,-1.41523002,-0.05276022,1.72520123,0.33693431,1.06457986,-2.51726029,-0.06314129,-1.05857529,1.27060831,-0.21400065,0.65899876],
[1.44431327,-0.46280341,0.36387887,0.33637184,0.66315231,-0.62470385,1.25204573,1.06042453,0.24168298,-2.03759055,0.52111095,0.32855827,-0.40802662,0.29510404,-0.45018953,-2.17123503,0.52299979,-1.01546636,-0.16912342],
[2.34571026,1.83367263,0.25964469,-0.09364421,1.52174337,-1.1951905,-0.63248521,2.02026292,-1.07441109,0.15391813,1.25691473,1.68878758,-0.97832471,0.56698743,-0.19384143,-0.32859185,-0.12336929,-0.69062102,-1.48244014],
[-0.09151029,-0.15632944,-0.42669224,-0.86101772,-0.279895,0.31278064,1.37033113,-0.64866424,2.86002269,-0.85970052,0.63751428,-2.34986296,0.16778952,-0.82871914,0.6435909,0.47462705,0.63587216,-0.8095013,0.79002634],
[0.45334842,1.46484811,1.15946349,0.03533842,-0.49062185,-0.46179543,0.77198438,-0.74587671,0.37484928,-1.69703872,-0.0590812,0.73258075,-0.69812409,0.46950093,0.0103334,0.5584066,-0.12012108,0.04080478,0.31330037],
[1.8318521,0.40442649,0.28193224,0.69967385,0.3084575,1.05650948,0.53378415,0.99652148,-0.20999097,-0.6690649,-0.02429662,-0.02323375,-1.11060776,-0.43267378,-0.64328323,-0.61996561,1.23092969,-3.44325007,-1.46942963],
[-0.17043564,0.91312786,0.18409156,-0.65199433,1.93658827,0.17782111,1.95936185,-0.69088687,0.46850919,-1.09087674,-0.01732024,0.31940815,0.07594735,-1.51692023,1.48230997,-1.14435654,0.02529267,-1.05492054,-0.5271761],
[0.19242916,0.04963771,1.44752178,-0.47918441,-0.45211239,-0.13211214,-0.96212447,0.59407433,-0.29286296,1.26691148,-0.982355,-1.49212277,1.73699623,0.56025677,-0.46584646,0.24386351,-2.09417605,0.05075712,-0.66245056],
[-0.21744471,0.20697816,-0.82539361,-0.7039203,-0.00252503,-0.23385534,1.95349588,-0.22028034,-0.24305912,0.11713543,-0.67361682,0.50155188,0.8579472,-0.06541242,0.23198808,-1.42960953,0.7626894,-0.24153735,1.12886368],
[1.26335451,-1.10393092,0.26041473,0.79678682,0.05747002,-0.41010293,-1.00544103,1.11426558,1.45241308,-0.81463578,0.77808443,-1.39915847,0.2843085,1.34608123,-0.30570145,-0.16855195,-0.42942184,0.97343485,0.27045989],
[-0.34776954,1.18693314,0.58324913,0.88596022,1.02517402,1.88121278,0.08160035,0.39248067,0.51463455,-0.82186924,-0.29961909,-0.78083699,0.43373265,0.66192344,0.22905879,0.00377426,0.89635589,2.31703978,-0.9709294],
[10.59198503,8.71821082,-10.84146753,-10.45819082,-9.83428433,-0.72157752,0.13057265,0.62561,-1.50823894,0.74085321,0.30664279,0.60523255,1.13858345,-2.5756613,-0.40544993,0.25911144,-2.15442416,-0.06653078,-0.52826691],
[0.20947928,0.39993142,1.14496963,-0.33328641,0.47577548,-0.19827155,1.03565305,-0.5245822,-0.31795167,-1.08997756,-1.1623912,-1.36150871,-1.70379653,0.88648609,-2.02980518,-0.14304409,0.05287577,0.4695816,0.99090978],
[-0.23653142,1.78302774,-0.02064126,-0.2878709,-0.85082937,-0.81269876,0.32514308,1.44338454,-0.81858875,-1.34777107,1.00201999,1.69296305,-0.73270566,-0.82767599,0.83353374,-0.46628938,1.57725107,-1.40070811,0.19856094],
[0.59763404,0.43437282,0.18558041,0.00757501,-2.32059671,0.2706501,-0.41885267,-0.17596523,-0.94450602,1.24121007,-0.24175458,-0.45908927,-0.3963408,-0.41933258,-1.71881676,-1.04795144,-0.73964906,-0.96325145,-0.51014872],
[1.50013727,1.40633318,-0.26248884,-0.25918482,-1.95540251,1.26709855,0.33065432,-0.65891402,-0.37481095,0.46918622,-1.61023703,0.28981417,-0.36975098,1.0183335,-0.78148692,1.11162342,0.81043199,0.28446052,0.58467092],
[-0.99447187,-1.56820004,1.13113657,-0.43638659,0.24455559,0.55571924,0.6252723,0.99380008,1.134516,0.29429533,-1.3988027,-0.9805401,-0.3978175,0.11015473,0.92259077,-0.08892891,1.00182562,0.71654072,0.22739084],
[-0.39282466,0.88460621,-0.1702194,0.04514088,-0.31927806,0.08986752,-1.71724106,-0.52900124,-0.47913581,-0.193948,1.49499474,-0.26534473,-0.8326088,-0.80980302,-0.7366672,0.65805928,1.78389459,0.33841423,0.7804807],
[-1.37184589,-1.12635342,0.94481516,1.05331711,-1.40125957,-0.41022239,0.74209435,-1.0311327,0.43039927,0.2212011,-0.52213931,0.04927431,-0.47861544,-0.07631563,-0.5421664,-0.12168578,-0.6961937,0.83938859,-1.43672732],
[-0.72690129,-1.06632732,0.59678226,-0.18570675,0.62194119,0.77985741,0.95269314,0.75340813,0.55314628,-0.38729443,-1.02610442,1.26959186,-1.25985513,1.40593328,0.44630412,-0.39770345,1.10527457,1.61066958,0.3122255],
[-0.60666261,0.24166658,-0.32636814,0.77145135,-0.72375813,0.54670624,-0.38804459,-0.50598574,-0.30183718,-0.72467405,0.58919461,0.87279098,-0.73514828,-0.96336757,-0.72338905,-0.6692299,0.94740268,1.2184392,1.06816121],
[0.39406647,-0.60625823,0.74889956,1.13781428,-0.59283907,-0.46435432,-0.04481338,-1.59108213,1.08340906,-0.72565077,-0.81301264,-0.42337012,0.15071243,0.457994,0.07551682,-0.03566308,-0.93376286,-0.31095848,0.11132873],
[0.173027,0.05438317,-0.67367761,-0.49659772,-0.63768358,-1.03185506,-1.13707869,-0.60371461,-1.14638336,-0.02086056,1.06508125,-0.46521954,-0.33510302,-1.12359446,-0.21513111,-2.08859348,-0.6259669,0.41052756,-0.51787596],
[1.11745806,0.12826939,-1.78629794,-0.91427381,0.39212848,0.32240471,1.06146869,0.42276262,0.25701696,-1.66615736,-2.9781998,-0.63454505,-0.39579735,-0.80858043,0.02256487,0.14143705,0.82654301,0.40839776,-2.18971147],
[9.62418121,8.69452066,10.95539962,-8.14355514,8.38380908,0.37157558,-2.12756339,0.38681502,0.06760924,0.26497665,0.22252436,-0.70933341,1.00993586,0.58803765,-0.49874575,0.49886131,0.57638977,-0.86246353,-1.09060114],
[0.83137198,-0.32031099,-1.95878554,0.40444014,1.90249632,-0.57510611,-0.97079839,-0.21927194,-0.17088271,0.49740354,-0.87722284,-0.64663606,-0.22772899,1.63559025,0.05234461,0.91280454,-1.11335475,-0.1911938,-1.74741949],
[-10.92789267,-11.04279463,-9.50224727,11.31682644,-10.44067426,1.17432661,-1.52819072,0.68083652,0.58429746,0.34934314,-0.79376325,0.30888658,-2.55289586,0.51131656,-0.19389318,-0.80385141,0.99213036,0.45135405,-0.20392906],
[-0.19303005,0.84003777,-1.13202925,1.71757151,0.63237611,-0.15970222,-0.26535523,-1.63933851,0.25483808,-0.71496797,0.83471198,0.72201763,0.0398087,-1.28201884,-0.28446038,0.21620307,-0.58379838,1.19564086,-0.67839213],
[-0.88504069,0.07455617,-0.54741009,1.474553,0.19922639,1.13850053,0.93682714,-1.35447918,0.00305291,2.90932674,-0.10048856,-1.43274562,-0.50135067,1.16761545,-0.95816142,1.92801547,-0.98479548,-0.27926849,0.45523729],
[-0.05088056,-0.85784187,1.24221678,-0.4741233,0.9648083,1.76242663,-1.78897249,0.11766282,0.15934531,-2.63998064,0.37338976,-0.41689682,0.01728232,-1.28080545,0.50147593,0.20295513,-0.15628328,-1.85056186,-0.26213848],
[0.04369802,-0.24075338,-0.19553294,0.47655772,-0.49727501,-1.0954426,0.10603962,1.01752793,1.67732276,0.81342419,0.74071118,0.30742951,1.73635536,0.02789203,-0.46408208,0.57669129,0.78526318,-0.48734321,-0.54086978],
[-0.3843143,-0.71974908,0.8960979,-1.65368627,0.91852937,-0.43830539,-1.31192027,-0.96943407,-0.52478663,0.23441508,1.48639425,0.09971788,-0.11356014,-0.73833147,1.21609629,0.05024269,-1.30847199,1.19155604,-0.19725636],
[-0.1510408,1.95567507,0.13012823,-1.03145993,-0.29274076,-0.17634494,0.42086441,-0.33079945,-0.11107679,1.02169807,-0.10315479,-1.11893656,-0.12691309,0.12331497,0.72556304,-0.3781141,2.02434522,-1.47603115,0.57359995],
[0.75477928,1.25069683,0.2610751,0.75105942,0.70789509,2.17848029,-0.17818565,-1.27135838,-1.01176788,0.13222381,-0.18932554,0.20202739,-1.06568037,-1.6295886,0.88417159,-0.49766927,0.4544295,1.23049356,-2.06740134],
[0.03469139,-1.46891974,0.3701229,1.20598719,-0.24252306,-0.59053961,0.55712329,-1.12099029,0.57419098,1.47177255,0.20391355,0.63270228,0.72944914,1.15291552,-2.08468385,0.27638882,-0.72259574,-0.25589173,0.213275],
[-0.37868951,1.32129709,-0.23185448,2.15909149,-1.16251091,0.20969936,-0.86755927,0.00562661,0.86036876,0.66201207,0.49427072,0.15537093,-0.68787548,0.21593849,1.50619283,-0.29502446,-1.89861789,-0.29879215,-0.16997843],
[0.70095458,0.46806222,-0.13728459,-0.39507753,-1.05958031,0.5540361,-0.59490303,-0.1471799,0.99718546,-0.26986593,1.75926449,0.53359364,-3.01497412,-0.49559645,-1.36493196,1.05948106,2.21320466,0.95175324,0.33323762],
[-1.10430829,0.98863272,-0.06502085,-1.24759401,0.38199749,1.76172772,1.37641559,-0.95747996,-1.37846892,-1.30514826,-1.32817293,-0.40457266,1.41306762,-0.6576454,0.49187576,-1.60479032,0.04952697,0.68005562,-1.50336691],
[-0.61562238,0.08530334,-0.95673959,1.54568074,0.41607011,-0.78872502,-0.70610004,0.6373211,0.04989531,-1.42895776,0.62017018,0.30581051,0.41278283,-1.30445372,0.20692546,-0.11995782,-0.52017688,0.29496711,0.0140932],
[-1.22061976,1.38079494,-0.2117607,-0.16817885,1.24244089,-1.83886938,1.1553249,-0.17377652,-0.33488397,-0.37342883,0.42005746,-0.58510214,-1.54338815,0.89362622,1.19931031,-1.36232349,-0.01301623,-1.43827877,0.37249162],
[0.81452714,-0.88626758,1.32525757,-0.28655083,0.08479595,-0.59750112,0.77332926,0.40117243,-0.14012261,-0.3627062,2.66876095,-0.7064332,-0.21986602,-0.31003885,-0.70639734,-0.27887815,-1.81996384,-0.77991044,-1.05119187],
[0.42632046,1.17084612,-0.87338509,0.62842786,1.19728578,-0.68579258,-1.80685202,0.54863602,-2.73483019,0.76879973,0.68422918,-0.49372148,0.22134015,-0.27680291,-0.67480014,-1.24889889,1.61233845,-0.42176457,0.42800461],
[-1.34074692,0.05150279,0.30250875,-0.85673077,-2.16786832,-0.68768206,-0.10829514,1.43235008,-0.52540206,0.74452813,-1.93989812,1.872081,-0.59316393,0.29408716,0.35001638,-0.25984609,-0.1348423,-0.35544095,0.40239944],
[-0.26508536,1.13227077,0.95534229,0.1388783,-0.57443433,1.03148318,0.10814019,1.66168004,-0.78270779,0.98757618,0.28917016,-0.04562621,-0.31404044,0.89373664,-1.41282902,-1.1577929,0.62265511,1.32938432,-0.90160308],
[0.53739259,1.86279016,-0.1950116,0.4685649,-1.13736196,-0.02283746,1.08820494,-0.88294218,0.94627713,0.33248631,0.42403903,-1.55684879,-1.02946067,2.62009404,0.85641661,0.63246822,-1.5250031,-1.29278408,1.03664212],
[-1.25310369,0.82533235,0.87432915,-1.10297868,-0.09074443,1.41940856,-0.37919721,0.68261876,0.04030813,0.11775845,-0.2615257,0.38321059,0.97940978,-0.36445488,0.05441344,-0.67544387,-1.15699934,0.03172862,-1.65080495],
[0.59349182,0.9510164,-0.1317828,0.12170886,-1.06117833,1.97305489,-0.40631635,-0.63924617,0.0804653,0.79083386,0.28106808,-1.1781621,0.5862841,0.87178932,-0.54041702,0.96718917,0.58524603,-1.62128657,0.32560795],
[-1.31608538,1.53897576,0.25647625,0.62437647,0.98919632,0.52067705,-0.10720681,0.45761753,-0.3754624,1.22318495,0.20855226,0.10142976,-1.02761806,-0.02294695,0.52547419,0.42507119,-0.02963594,0.81227997,-0.19829696],
[-0.59680152,-0.15174338,-0.02992457,-0.61690511,-0.45623715,0.69759725,-1.85255015,-1.284091,-1.5377374,0.61033332,0.65195834,-0.74452869,-2.58975096,0.33442338,2.00223601,-0.69539023,0.23291263,0.84826702,-0.44549682],
[0.09516964,0.58258166,-1.06067397,-0.69409368,-1.19490474,-0.79278992,-0.46755454,1.2924755,-0.48406146,0.4291402,0.74069235,-0.37719943,-0.47265228,0.04885816,-2.24330975,-1.22808076,0.94245064,0.41581666,-0.79453639],
[-1.79878481,-0.62467653,-1.9941606,-0.95625208,1.10024805,-1.67803339,0.19278357,-1.19181892,2.32124211,1.44542316,0.13502431,-0.14783257,0.61116343,1.44649865,-0.8786644,0.87597334,-0.0089462,0.12041442,0.42412931],
[-0.38802876,0.46890221,-0.09783384,-1.82962917,1.16267584,-0.05825191,-0.30350442,-1.29661247,0.35157454,-0.01135684,0.51097445,-0.42942326,-0.10271563,0.84360795,1.39875261,-1.82090498,0.52651357,-0.00225586,1.07323901],
[-1.12247453,0.03695987,-0.40790313,0.26930255,-0.56507238,0.26257164,1.97658795,-0.52735294,0.06726554,-0.58752437,-0.16765526,-0.3883595,0.47262922,-2.39703857,0.84437284,-0.19305363,0.27564616,-0.75620665,-1.06907007],
[-11.60486633,-7.21852942,-9.2889207,-8.69438013,-12.19534157,0.85863946,0.04110266,0.40068796,0.46266735,0.82360954,1.75106177,1.45299013,0.18203756,-0.2950933,-1.66280595,1.55985224,-0.05170606,0.57411674,0.50184849],
[0.05342885,2.25775362,1.40990504,0.05311553,-1.17979663,-0.23031717,1.69976168,0.02722569,0.15490899,-1.0343316,0.15764086,1.74840931,1.07164952,0.92922881,-0.88407959,-0.64555029,0.18945288,-0.04375262,0.07592502],
[-1.43811706,-0.08161715,0.64139858,0.4673292,-0.39235193,-0.14637295,-2.90234711,0.98501263,-1.32467563,-0.61322756,-1.52901363,-0.0255336,0.70013249,0.58506281,-1.22263088,-1.01161631,2.21275455,1.18189737,0.54556462],
[0.08432497,-0.60092826,-0.26078253,-0.14182156,-0.69924846,1.44393243,-1.38460433,-1.24723134,0.45977399,-0.66877952,-0.74422166,-0.67305607,0.89578156,-0.47642804,1.80526475,-1.55178341,0.62581603,0.30003439,0.23378929],
[1.26289874,-1.32071587,1.59017133,0.53462931,-0.04284869,-0.59674699,2.34708815,0.43548112,1.83101598,-0.94418585,-1.2386058,-0.11002572,-0.11377051,-1.09840039,0.34811418,-0.59640428,0.5143177,-2.62854702,1.63395611],
[0.98750361,-1.4186468,-1.49111064,-0.99176804,-0.18392039,1.3786324,-0.69714239,-2.74128496,-1.06594202,0.56759898,1.3396697,-0.45175683,1.14484377,-0.47825365,1.20980226,-1.77981254,-0.77911479,0.04662885,-0.9728728],
[5.81802793e-01,-4.82258376e-01,5.03960236e-05,5.89385079e-01,-3.67333454e-01,1.73606068e+00,-4.27639928e-01,5.20807917e-01,-5.38343414e-01,1.68818753e-01,1.02119791e-01,2.12341407e-01,-5.67176627e-01,-1.08753071e+00,-3.64825109e-01,8.12632261e-01,-3.23263098e-01,1.42402604e+00,-1.03532247e+00],
[8.75666311,10.51487964,-10.54749753,10.54889381,-11.66112452,-1.293895,-0.71944218,-0.7738408,-0.65713187,-2.46972734,0.61731595,-1.64257291,-0.52201301,0.44083783,0.15403715,0.44937233,-3.07114285,0.0967454,1.96680919],
[0.11726264,-0.39540158,-0.32335247,1.21845281,-2.0169165,1.61504969,0.68626697,0.52163799,1.27763464,-0.88924312,-0.46783815,0.85369255,0.21799053,-1.2558247,-1.064339,-0.03375085,1.63624029,-0.71072761,0.71253343],
[11.73895997,10.2249506,8.35974,10.18526919,-10.4220567,0.88366978,0.27727174,0.21974688,-0.66868748,0.71655063,0.01356193,-1.27493338,0.81903435,0.40374215,-1.65697965,0.80593838,-1.15913729,0.37785673,-0.71592004],
[0.43491291,0.78400416,0.56512103,-0.56106909,0.8257374,-0.29503618,0.085897,0.13442768,-0.0242661,1.7159247,1.06060781,0.13329146,1.59621083,-0.93830501,-0.54787887,1.0194175,-0.5898066,2.99142064,0.62610709],
[0.84392034,1.28415399,0.38246052,-0.88621657,-0.2811661,0.00292312,0.38370655,0.47416886,0.03136631,0.62888434,2.12278543,1.1532716,-0.56012879,-0.79465513,0.99758123,-0.18492783,-0.06069579,1.35324985,1.09053311],
[0.55342543,-0.45055527,0.92304354,1.08168143,0.12703002,-0.11659448,-0.51234994,0.62320341,-0.86114896,-0.79201401,1.06355247,0.88062138,-2.78295064,0.23747157,1.13171358,0.52820687,0.03429171,0.04508902,-1.49589192],
[-0.4696794,0.27797193,-0.89137583,-0.7474426,1.13571783,-0.49623778,1.67962859,-0.54710283,0.71341701,-0.46855735,-0.83349353,0.5050236,1.19704312,0.71206927,0.82596598,0.22003971,-1.90188688,-0.12397837,-0.53059261],
[0.12081058,-0.68393258,1.47567511,-0.37686513,1.23039229,-1.39632113,0.7362339,-0.64918235,-0.55088373,-0.79080989,0.07719183,1.46355974,1.71306592,0.61277813,1.1559858,0.43945862,-0.5628403,-1.69418238,0.23199816],
[-0.98394337,1.53858892,0.47082838,0.56044935,0.5525164,0.04035898,-1.44248384,0.27318141,0.55967726,1.60510964,-0.18888742,0.66051061,0.68980645,-0.55239,1.88988301,-1.14658754,0.22529888,-0.63674968,1.27960449],
[-0.41655198,0.10067756,0.85321918,-0.71554171,-0.33313995,0.4529971,0.74917433,-0.89556151,-0.4140591,-1.27392757,-0.96541159,-0.13193459,-0.8050248,1.68084017,-0.46511174,-1.95710725,0.6207527,0.59578341,-0.5163329],
[-1.3382384,0.21650206,-0.65553242,-0.56960001,0.8520258,-2.33700683,0.35849621,-0.04383323,-0.47810596,-1.37989608,2.08372636,0.93598768,0.3378677,-0.07540954,1.2242105,-0.34485053,1.71400591,-1.14623862,-0.59626131],
[0.44529573,-1.07408004,-1.80906867,-1.14506059,0.52922929,-0.40766583,0.74039849,-0.43186532,-0.50531808,-1.42525881,-0.23523087,-0.58023423,-1.31985028,0.9896106,-1.06458448,0.44856612,1.2428883,0.23020086,-0.55800725],
[0.94010773,-0.61393583,0.92604698,-1.46412002,-0.83243786,0.63766726,0.48404626,0.90571749,-0.13981105,1.29087317,1.84326703,0.50976445,-2.13392356,-2.22767735,0.51068679,1.45894511,-0.26942331,-0.17382489,-1.07910334],
[1.86600192,-0.47307023,-0.01027062,1.31266403,0.89532661,-0.89837374,-0.30353237,2.44531451,-0.81374941,1.39817381,1.58350068,-0.34409294,-0.83116908,0.41203466,-1.45035967,-2.01278516,-1.18168526,2.4041131,1.19920071],
[1.52895953,-1.17880526,-1.62038006,1.10331279,-0.85354187,1.09587373,0.99371962,-1.26062307,0.6465835,-1.52179279,0.65683828,-0.5780584,0.84360621,-0.30125854,-0.40283266,2.2007526,-0.23244523,-1.38442546,0.37060081],
[-2.10609616,-0.40512647,-0.126113,0.25178281,0.16764385,0.65710729,1.16939724,0.78500483,-0.96255916,0.49279835,-0.57092919,0.83157392,-0.95483029,1.25534107,-1.36895848,1.68194397,-1.46510376,0.02321405,0.24653905],
[0.63741708,-0.2714272,-0.28600256,-0.18717927,-2.28089292,-0.5105562,-0.78851895,1.03246405,0.25349258,0.68744834,0.06407724,-0.87961758,-0.84513442,-0.66373423,0.04039334,-0.0486369,-0.29265917,-1.08790373,1.33133183],
[9.50439999,-10.52985054,9.91324578,-11.28525181,9.53116341,0.10571894,-0.15271023,-0.50856529,-0.13246996,-1.43492461,-0.15155995,-1.1015354,0.15244318,1.41566688,0.06688053,-0.12961169,0.40610439,-0.50142475,-1.13434259],
[-0.46264391,-1.89761422,1.49356263,-1.85665024,0.09759879,1.1368539,0.08305458,1.48746642,0.77259054,0.54362543,-0.99905878,-1.20787264,-0.25677528,-0.3904917,1.04375998,1.39579522,-1.60636796,-0.0883521,-0.97436156],
[-1.4101998,0.82428008,-1.40187842,-1.69976579,-0.60238588,-0.09583303,-1.31110035,0.22366332,-0.12590814,0.57011115,-3.01112685,0.85769719,-1.40785504,-0.40819263,0.34785756,0.94509368,-2.00523811,0.77628244,-0.76232363],
[-0.69640868,0.50218093,1.02016291,0.64744923,0.85725511,0.10498454,0.29385067,-0.34486617,0.86600086,-1.16145006,0.32213171,0.0222418,1.92654492,0.72710868,-1.87419231,-1.36980286,1.38467224,-0.8737305,-1.77303188],
[-0.74343569,-0.48907231,0.44455234,-0.83075591,0.91440181,-0.71962787,-0.32083681,0.72276079,-0.8506738,-0.37889999,-0.27378199,-0.95338487,0.56577205,-0.533574,-2.07978956,0.89422582,-0.60081924,-1.58057539,0.73979625],
[10.62814524,11.59701907,12.17922435,9.54189094,9.44251862,-0.10459076,-0.10367774,-0.84538271,1.24917642,-1.49848132,0.0276211,0.17999834,-0.84064949,-0.20793744,1.24302404,-0.22047086,0.02699296,0.38305256,-2.10661107],
[-1.24866194,-0.6911551,0.5562547,-0.18218963,2.06329406,0.03196063,1.82933172,-0.00657416,1.31212514,-0.24427717,0.24859549,0.00789671,0.32872099,-1.48141856,0.28327348,0.7347351,-0.03805964,-0.56562481,-0.21296399],
[-1.48361767,-0.16792215,1.8705793,-1.95548728,0.49755655,-1.14049956,1.37555187,0.3125209,0.04489173,0.2750101,-0.1873315,1.36165738,1.07098032,0.39658961,0.75653881,-0.150112,-0.63207382,-0.30001455,0.10834065],
[-0.43829983,0.18010091,0.62917415,0.90803026,-1.0533703,0.97940102,2.17390483,-1.43865356,1.14556733,-0.00769597,1.2857667,-0.01419814,0.2349333,-0.57109571,0.41357848,-0.90247591,1.86881059,-0.17138854,-0.28891302],
[-0.73233482,0.46819945,-0.64625138,-1.32224351,-0.71833628,-1.39639228,-0.75433112,0.63198825,0.8440251,-0.31965047,0.9401416,1.74621744,-0.32054214,0.77670434,-0.69837495,-1.18432261,-0.16492203,0.25778147,0.96219391],
[1.37017785,0.97427623,-0.59856121,0.64820462,0.35418025,0.40856814,0.12695992,-2.41102554,0.08043341,-0.23046364,0.71718363,1.19466426,-0.29901655,-0.59008262,1.32609237,0.18181091,0.59541058,-0.46043046,1.55410512],
[-1.05927091,0.3573749,0.85069259,0.26398724,2.46336954,-0.46678635,0.18032522,-0.17387571,1.76032772,1.70325989,0.68538694,0.6134149,1.17979919,1.29937001,1.81865927,2.04645492,1.04030843,0.69550446,1.17744267],
[-0.51888008,1.87470318,-0.31260976,2.57928821,0.2019168,0.58526611,-1.22132724,0.46159798,0.23766498,-0.09020117,0.17166381,-0.26339279,-0.50884332,-0.14581229,-0.93062049,-0.73207273,-0.71369348,-0.93400477,-0.7773897],
[0.09957348,0.58325462,-1.4634618,-0.56099774,0.18942486,-0.90105345,0.01923292,0.36236741,2.71956842,-0.83150115,0.1137165,3.04830204,-1.05857949,-0.88230949,-0.67759713,-0.46575756,-0.12825058,1.77930746,-1.41059552],
[-1.18966942,-1.1444781,-0.83597187,0.48391995,0.77572337,0.78124767,0.02496137,0.94981792,0.0639304,0.41036822,1.50770739,0.70108647,0.96469333,-1.36033527,-0.53441605,1.48782528,-0.18086828,-1.66491888,-0.22621344],
[-2.41526875,0.53171074,0.05128135,-1.03723338,0.52723854,0.03009631,-1.41852322,0.89890611,0.54893862,0.35454083,-0.34417001,0.94865297,1.47773192,-1.89133635,-0.70917425,0.50908474,0.79112547,0.84313062,-0.934737],
[6.63406772e-01,-7.86691451e-01,1.27895778e-03,-1.79106159e-01,-1.28781460e-01,8.77337366e-01,-6.47004407e-01,-7.91270375e-01,6.19363568e-01,3.87444075e-01,1.19589611e+00,9.57659053e-01,2.17801301e+00,6.41748774e-02,6.40502063e-03,8.37939325e-01,-4.35678337e-01,9.07537850e-01,8.30490555e-01],
[1.73311672,-0.11951971,1.52857894,1.56739404,1.17052179,1.33730871,-1.55656715,0.69560056,0.25888871,1.3707558,-0.37777203,-1.11716365,1.36254568,1.03944992,0.87481586,0.23577147,1.42677483,0.07445422,-0.94051417],
[-2.18121884e-01,1.60058293e-01,1.96138472e+00,1.96786150e+00,1.12415847e+00,-7.56366577e-01,-5.00266240e-01,5.14472135e-01,1.43115499e+00,-3.79684892e-01,6.17361416e-04,8.04029932e-01,9.76806009e-01,8.49790903e-01,7.65368078e-01,6.88114244e-01,9.81725384e-02,6.81701475e-01,-1.15817714e+00],
[-0.41162758,0.1800437,-0.54247173,2.46462742,-0.09219623,0.19683469,-0.12233602,0.60200989,-0.28267768,0.09978437,-0.87784061,-0.81069085,-1.30147632,1.19182356,2.03332871,-0.21657603,0.56177456,1.70230838,-0.40303824],
[0.39996867,2.50253999,0.38602232,1.31794917,0.85314223,0.60073822,-0.18902542,0.85742446,-1.45505808,-0.38440008,1.29873126,-0.44702384,0.14650017,1.65579915,-0.35654376,-1.00222127,-0.09674564,1.35915537,0.16723268],
[1.34979244,0.46970589,-0.56303919,0.88271083,0.4172753,0.72119953,-0.17111309,-1.03239686,0.20691869,-1.07236997,-0.73660091,0.86064889,-1.47187784,-0.49614586,-1.28661075,-0.66151185,-1.21199847,0.05181203,-1.12852827],
[-0.89170407,-0.09769913,1.22376702,-1.47435937,-1.83616988,-0.61630615,-0.83106114,1.10178053,-0.05430833,-1.6003298,-0.24548998,1.44649126,0.01226095,0.40607118,0.10842411,-0.04551347,-1.3199353,0.17368448,1.20487606],
[-0.54366432,-0.6813763,0.56380184,0.84217219,0.55663082,0.13357924,1.11047515,-0.54355876,-0.08199064,-0.23790596,-0.09860244,-1.4475328,-0.27768478,-0.87889686,0.48102837,-0.61886197,-0.38374494,0.23524375,1.65025636],
[-0.54101538,-0.26018089,1.37963933,-0.11696325,0.52920287,-0.27598245,0.71892609,-0.37235712,0.38204543,-0.12699261,1.283323,0.2929776,1.31979414,0.42336872,-0.10812606,-0.11418482,0.33137199,-0.27525029,1.62029309],
[3.34691606,-0.97849803,-0.50172254,-0.0867446,-0.32255282,-1.76939169,0.41267472,-0.80048648,0.73055673,2.06161597,0.52289861,-0.91430955,-0.24654191,0.41002523,0.1998321,-0.67484906,1.09524539,-0.2796702,0.44215852],
[-0.60399245,1.27594485,1.46168291,0.48197155,1.99881381,-1.23610695,-0.25542877,-0.0664412,0.05026696,-1.43637893,0.98642526,-0.27418491,0.17862678,0.95028161,-0.48891847,-0.40757901,0.02687416,-1.04481556,-0.34777622],
[-9.88513843e-01,-1.00919706e+00,-5.09998499e-01,-1.39924664e+00,-1.96134658e+00,-4.36926230e-01,-2.34639224e-01,-1.46378854e+00,1.13372568e+00,-1.81633985e-01,6.80840681e-04,8.65236330e-01,2.68810543e-01,-1.08931908e+00,2.49812547e-01,2.50617075e+00,-1.66931929e+00,3.31797542e-01,5.56845186e-01],
[-0.3995247,-0.92862278,-0.16616544,-1.04775525,0.64620875,0.175164,-0.19411369,0.97295481,0.17096889,-1.26326893,0.58111269,1.24062884,1.77431026,0.3295903,-1.51941796,-2.29495234,-0.16012038,0.41524275,0.05166317],
[-0.38843707,-0.739665,-1.02576239,-0.48759311,1.73193244,0.4977632,-0.59021994,1.04549874,0.22577603,-0.2236932,0.57243597,0.10055521,-1.27142695,-1.79173351,-0.38171194,0.0118544,1.08846211,1.94869734,-0.98678545],
[-1.44860418,1.26825117,-0.14374062,0.45365945,-0.63074536,-0.03794903,-1.45146702,0.13262772,-0.64060665,0.14895333,0.47650382,0.24458917,-0.27585821,-0.30039899,-1.48939678,-0.26840025,-1.16369995,-1.02012157,0.07075886],
[-1.3091654,1.2485985,-0.11740286,-1.10622171,0.84876174,0.57057976,1.03539623,-0.9896254,-1.10724144,-0.62507415,-0.62120803,1.27054763,3.21268267,-0.47428866,0.65381754,0.05260102,-0.89881484,0.03920158,-0.93104445],
[1.39741466,-0.94720185,-0.39599972,1.0424349,-0.40317838,0.10579691,-1.45133454,1.30467745,0.15962685,0.6832901,0.2187126,-0.39165665,-0.33067267,1.10428986,-0.43948919,1.14423277,-0.6279993,-0.85092818,0.92713576],
[0.95700656,-0.38684425,0.60600053,1.59502221,-0.76162084,0.1581421,-0.34647834,1.14446776,0.16342545,0.96982059,1.35697408,0.19207685,0.54708554,-0.08636241,1.41084706,0.13744971,-1.20984251,-0.58675094,-0.9549975],
[1.20314641,0.89658542,1.72058821,-0.65155004,-0.60107207,1.05317498,-1.00886016,-0.60013109,2.13562106,-0.05538425,0.18454131,0.77612364,-1.34036356,1.23968254,0.65445492,1.44336869,-0.5995024,-0.50167438,0.19889726],
[10.55481041,10.86365354,10.75814039,-6.85053054,-9.20658142,0.60294353,-1.14012201,3.46464705,0.48313314,0.27370296,1.29647487,0.72314082,0.09279206,-2.01966931,-0.7353704,-0.55424157,0.26719527,0.89327688,-1.13303568],
[-0.30952158,-1.28895413,0.15987641,0.51177327,-0.39326799,0.92387825,0.68435347,1.68060964,-0.14973007,-0.94473857,-1.50265512,-0.45949819,2.03936279,-1.21374019,-0.88217113,-0.14347491,-0.51993022,-2.24686201,-0.17179373],
[6.26843597,10.48050309,-9.03244778,8.14956176,6.89320398,-0.87196248,0.37212689,-1.53295731,-0.22528543,-0.34171744,0.43429908,1.00618968,0.87708032,0.52333913,0.52911265,-1.68267273,1.88357892,0.42372426,0.63989656],
[-0.44647612,-0.15601555,-0.21197398,-0.66842981,-0.26764789,0.98709126,-0.2214116,-0.57317533,-0.21497612,-0.08821348,-0.31378093,0.07248284,0.21518405,-0.01483986,1.52135758,0.16333042,-1.14002146,0.44634455,0.63855279]]
[2.20783451,-10.29305462,4.13747625,-4.03771662,3.62505397,-0.02136048,-0.30738578,-4.81252346,0.55659183,-12.45823769,-0.94484666,1.81788566,-1.41951125,2.78270339,1.93784224,0.61648639,-10.89623311,-0.73214112,-9.92250185,-9.12853287,-11.57462745,-14.23546999,-3.01691703,3.77063763,-13.01301958,3.31518409,-10.64533784,-8.45634995,-0.51078179,-0.12576853,1.82619966,-0.4321177,-2.08627466,-4.14768624,2.42019084,1.468272,4.95504582,-0.64911019,2.59682591,4.86246858,2.83874213,1.31692044,-1.58486293,1.51597525,5.24368072,-14.85044235,0.37106526,0.12195257,-1.12710332,2.27961986,-1.11708546,-0.79266885,-2.491383,0.13805318,0.37756479,0.01692376,-2.23350979,1.36833903,-11.72959496,0.16141584,-13.06135511,1.98949579,-0.23408461,2.02116291,-0.81145399,-2.0710445,0.25877363,6.46088257,-0.55017551,0.82022451,1.06774339,0.71700125,-1.70215537,0.70165695,1.16728014,1.91430008,-4.6334069,1.62069815,1.89904883,1.26474475,2.99765293,3.01155385,-1.55108552,-1.4531419,-5.49994621,-1.16772832,-1.47319847,-9.70492412,2.03411655,-1.90700473,-0.6662678,0.49796291,-1.324043,2.37192663,-10.10901955,-1.13888703,-8.84759241,1.22576995,1.63389888,1.50379404,-2.01670764,-0.76079843,2.07808141,0.15754241,-4.28233535,-3.23988269,0.5826268,2.84822553,0.11101304,0.19455949,-3.5315858,-8.71590543,-0.3105382,-3.41680903,1.07951763,-1.20091398,-9.29217026,0.0428951,-4.06105552,3.02230619,-4.31970293,2.78386613,1.73493014,5.39474932,-0.59674588,-0.8939989,-2.72464022,0.24565508,7.03449516,6.19264728,2.22245332,7.76247411,3.10759431,-2.39380637,0.53914541,0.49574445,-0.49854347,3.5499634,-6.46808124,-0.81567635,0.49966694,0.35224708,1.5094039,1.17675649,2.58319274,3.24491775,-7.35623436,-1.17495546,-15.28295209,-0.86959905]