[[-1.14835071,0.17457773,-1.54339332,-0.01675678,-0.61263122,1.85174261,1.06208102,0.17556118,0.03883473,-1.09772703,-0.39218726,-0.90430398,2.01245531,-0.20497015,0.68626371,1.95115937,-0.33213741,0.23020356,-0.5296315,-0.88957946,0.43665387,-0.58906022,1.02082338,0.08353661,0.29003505,0.32376215,-0.87358017,0.60686985,0.8229802],
[0.01674145,0.02950134,-1.02071146,0.35624401,-1.53569437,2.1425212,-0.84707921,0.4671151,-0.32718366,-0.65232782,-0.59518983,0.42464589,2.54467447,-0.06944648,-0.01471962,1.5441124,1.64180889,-0.07052943,-0.15002,-0.68079621,-0.87521568,-0.46176347,1.88731069,1.66631827,-0.49020632,-0.98205546,-0.23330177,0.86406522,-0.27691902],
[0.58815275,0.06497072,-0.2163306,-1.56181763,-0.17616634,-0.4551272,0.11010895,0.58835841,0.11246659,1.60489169,-0.7441138,-1.19861309,-2.15499981,2.19449023,1.0689183,-1.24126203,1.00239916,-0.76988402,-0.82611433,-0.59622183,0.27389319,-0.30873024,-0.55794177,0.18329641,-0.05761212,-0.57167458,0.89701834,-0.29552101,-0.55848143],
[-0.8643999,1.96740479,1.28447661,1.41785967,-0.85105901,-1.0664906,0.94676129,-0.06648705,-0.91486462,1.92085478,1.24471883,-0.67256611,0.3605674,0.71527631,-1.80076354,0.32009266,0.3766211,-0.38395183,-0.90304626,-0.50511482,0.0648456,-0.81836612,-0.74643298,-0.44672325,-0.65528128,1.31756493,-1.08445533,0.56161959,0.05190688],
[-0.1675163,-0.03911625,0.45309432,0.64919366,-2.14529916,-0.25381308,-0.88348538,-1.05771063,0.03728786,-0.14137177,-2.05621081,-1.14748255,-0.22489027,1.40848446,-1.18083588,-1.83802204,-2.28472287,-0.5252152,0.0257708,1.51567292,-1.27650911,1.34144444,1.39285988,-0.31816205,-0.30745582,-1.0759486,-1.15534926,-0.24024603,-0.5084387],
[1.06875329,0.64731673,1.77571329,-0.88614054,1.11003664,0.10984583,-1.38084796,-0.23875736,-0.05856586,0.10122484,0.83373562,-0.54447878,-0.92411626,0.49624699,-2.65595888,-0.80649149,-0.50774512,-0.28873542,-0.19759922,0.76868125,1.87889411,-1.00626824,-1.55218991,-1.04018629,0.87440595,-0.01559992,1.34327836,0.26137968,1.01578338],
[0.61392332,-0.15524843,-0.51897778,1.08726217,-0.29984613,-0.6707357,0.14370009,0.31818254,-0.10647056,0.2741815,-2.30283372,0.1196646,-0.57151737,-0.23837619,-2.37353031,-1.94703373,0.92754182,0.91653721,0.87640432,-0.22833115,0.06514544,-1.33260133,-0.58911856,0.82926743,-1.57553908,-0.25383831,-1.06179414,0.82949206,-1.08316255],
[-0.07693536,-1.09053397,1.22814069,1.82157266,-0.11225256,0.88556127,1.11733698,-2.85773616,-1.17859912,0.92452622,0.42654141,-0.90535365,0.12784988,-2.30748946,-1.07112346,-1.17335557,0.77439313,-0.61859478,-0.06442297,-0.66504752,0.8369503,0.6436561,2.32854696,-1.33169915,-0.51799009,-1.51182686,0.15770254,-0.79521257,-1.63547713],
[1.15989795,0.04366083,0.95144507,-1.13903432,-0.42584746,-0.77082984,0.22316752,0.24763155,0.13078781,-0.08595634,-0.71998753,0.61741205,0.96358989,-0.62159777,-0.11705591,0.42558755,0.06470719,0.47769278,0.65123087,0.74228432,0.40599225,0.27946591,0.20619722,0.79985179,-0.81801569,1.38537041,0.34176582,0.84718713,0.97571458],
[1.09191897e+00,5.47796904e-01,-3.04034656e+00,-6.97872193e-01,-1.60236193e+00,1.37227485e+00,-3.31374876e-01,1.67848266e+00,8.20306774e-01,1.31240329e+00,1.86581305e+00,-1.30249528e+00,-5.68291316e-01,2.57947709e-02,1.22774161e+00,-1.36655686e-01,-6.47753163e-02,-1.00792147e+00,1.14197312e+00,7.12215315e-01,-4.45402497e-01,3.39828503e-04,-7.50007725e-01,2.05316880e-01,2.61683514e-01,-7.70025148e-02,4.88121566e-03,3.91903225e-02,-1.06339856e+00],
[-1.17507998,1.44546111,0.13511636,-1.14628622,-0.82344101,0.67433068,-0.10976152,-0.32492489,-0.04654251,0.37483161,-0.62984626,0.99150779,1.8355324,0.58195226,-0.01811489,0.68240502,-0.15228423,-0.60070876,0.13801307,-0.2238427,-0.1107701,-0.61765846,0.2983857,-0.70553038,0.48263506,0.30568395,0.78860599,-1.19860648,-0.02360456],
[-0.41061102,-0.22811493,-0.80697674,0.29218577,-1.18710035,1.84988418,2.62469302,-1.14671089,1.48519423,-0.4525272,-0.99578465,-0.76108845,-2.14353701,-0.78033075,-0.03544946,-1.5443462,0.64490678,2.8253596,0.21934458,0.52830518,1.31251285,-0.43507335,-0.30826257,-0.62622044,-1.20800145,-0.20343758,0.01796971,-0.57633735,0.62629138],
[0.69495758,0.55833108,1.13277876,0.3264511,0.14194424,0.96002355,-0.03221556,0.07938158,-0.02077689,1.12917356,-1.26034047,-0.70308033,0.22411503,0.29919901,0.4703508,1.18848245,-0.91975517,1.15160221,-0.85783261,1.52721497,1.25213886,-0.66964757,-0.31011754,-0.32518626,0.14829866,0.33774485,1.34532289,0.9931935,-0.95885402],
[-0.50004915,0.86472679,-1.02202305,0.25620765,0.27405993,1.04872227,0.98310944,-0.03249071,0.15392519,-0.52848329,0.04855263,0.89450727,-0.99600812,1.76086317,-0.43148826,0.00998917,-0.68910252,-0.03957017,-1.45617933,-0.28871663,-0.48222166,0.05813384,0.69408929,0.17170099,-0.91113019,-0.60958009,-0.38765291,0.04219479,-1.3239049],
[-1.15273967,-0.28057018,-0.48944997,0.36590158,-1.03230571,0.56065146,0.68505703,0.61508027,0.24593492,1.37409251,1.42517891,-0.18918868,0.10548374,-0.15196994,-0.63366826,-0.00535774,0.61395538,-0.12004093,0.90671667,1.22999678,-0.75473553,1.29769891,-0.82831411,0.27241028,-0.97680796,-1.2400575,3.44620593,-0.2607411,-0.19210227],
[2.61832209,-0.66699323,-0.09507677,-1.15779936,2.10328458,1.98610207,0.46226727,-1.34917078,-1.1655981,-0.34666491,0.01501456,-0.08872664,1.22633747,0.343948,-1.82990189,0.05255466,-0.52683597,2.02747267,0.39921525,0.28598008,-1.32235202,-2.32179953,-0.49945836,0.06309398,-1.76808072,0.2202436,0.68859255,-1.75608243,-0.46158854],
[-0.05720388,1.43511153,0.51283759,-1.73726797,0.16708718,-0.05368751,-0.93802388,0.11386895,-0.78225013,-0.33417738,0.58112723,-1.23408431,1.41100481,-0.38671622,-0.67049191,-0.69229914,-1.86095603,-0.10727168,1.52921309,0.59178034,1.77692252,-1.01193397,1.25814912,1.22831586,1.97484934,0.13908199,-0.87151748,0.28794063,1.26119556],
[-0.71127144,-0.23102464,-0.26023931,0.09929136,1.18951425,-0.2704474,1.68267975,-0.47812781,0.25038849,0.14048776,-0.47817893,-0.71105201,-1.25597537,-0.67078812,-0.07341113,1.06237822,-0.89964649,-0.75407954,-0.11427804,-1.64941054,1.37554641,-0.72384076,0.53012076,-0.58625938,1.01749553,1.32680609,-0.16464799,0.43104355,0.09232926],
[0.25810032,-0.14607849,1.94925937,-0.03953,-0.77778999,0.50808838,0.05721856,1.69154486,-0.17759529,0.64739599,0.36798605,-1.37663191,-1.44498162,-0.25025575,-0.03786164,0.55253322,0.96708237,0.32930623,1.54043847,-1.58426247,0.09244601,-1.20613577,0.69527801,-0.5601883,-1.8452024,0.88339469,0.19776379,-0.08334948,-1.26553885],
[-0.95217699,0.23396531,0.85169786,1.21328383,1.98665742,-0.1150936,0.37035894,-0.29950777,-0.68595505,-0.65563808,-0.14420207,0.96075905,0.45066278,-0.15369869,0.89991258,-0.08663679,0.23042172,-0.49500161,-0.24637829,-1.02463435,-0.51444166,-0.1544801,0.28454901,-1.88846319,1.26704061,0.57020895,0.72805056,-1.43881035,-2.09961964],
[1.46697087e+00,-9.50353912e-01,-2.02120758e+00,6.73187169e-01,2.58550796e+00,1.30692943e+00,-6.58135829e-01,-2.32657185e-01,2.14625909e-01,1.21477408e-03,-1.82932380e+00,1.90358072e+00,-1.61111368e+00,9.86011383e-02,-1.11375814e+00,-3.46446472e-01,-1.96005085e+00,-1.66258623e+00,-2.04539203e+00,-7.37459498e-01,2.96832378e-01,-7.91057114e-02,9.00252121e-01,-1.85843832e+00,-5.65700640e-01,-1.29360391e+00,8.50227046e-02,-1.39852246e+00,5.36661225e-01],
[0.81767911,0.27110506,-1.54398702,1.6068601,-1.01539583,-0.37400295,0.41425903,-1.15825907,0.28699249,0.59985721,1.39524122,-0.98987146,-0.21362559,-1.30035602,-1.82119342,-0.7217513,-0.84795904,1.41368087,0.82862554,0.54871154,0.04221706,-0.98487086,1.94147037,0.96724096,0.14989053,-0.5256241,1.73973959,-1.51684848,-0.23665638],
[1.04448431,-0.55589984,-0.39152303,-0.29072458,0.42853261,1.53362141,-0.46972748,0.1297581,1.224731,0.48998199,0.34705887,0.48507373,-0.11398477,0.21239515,0.40466272,2.16706539,0.1354829,1.01961849,-0.60277652,-0.40730244,0.03484936,-2.30037978,0.34319541,-0.40579439,-0.44818873,1.12591463,0.7021955,0.5724533,3.0303301],
[1.4372619,-0.66417913,-1.55197742,1.97389065,-1.60063085,-0.59307246,-0.00646134,2.07566858,0.16589292,-2.0643435,-0.7855436,-1.81544392,0.73033729,-1.20935425,-0.42069243,-0.15982165,-0.15111131,-0.13393143,-2.38273144,0.33779504,-0.19421821,-0.08932827,-0.37521059,0.28618244,-0.32522767,-0.12778349,-1.36752545,0.79348988,-0.25193815],
[-1.24436178,-0.43192524,0.64002435,-0.69955348,1.41986018,-0.8133697,0.65754645,-0.02071415,0.85693975,-0.37594288,0.57243804,0.15347363,-1.67197631,1.33381927,-0.24210281,-0.41963285,-0.28792347,-0.80606588,-0.0641245,-0.17567686,-0.79074768,0.59742216,0.59285787,0.17391185,-1.01830892,0.11696165,-0.613234,1.17605434,2.02523967],
[-1.6824937,-0.40890866,0.17467736,0.12891769,0.00479262,-0.49364792,0.83845296,-0.21637131,0.20983773,1.92841539,0.18519302,0.79965667,0.55086319,-0.47143304,0.06417113,-0.08246493,-4.03234881,-1.07210232,-0.35085255,0.83283123,-1.11250426,2.60545758,-0.84485417,-1.21191661,0.32042521,-0.59311939,-0.30020854,0.10845225,-0.227233],
[10.98052192,11.12972116,-9.38387145,-10.86565216,9.55281183,0.63238193,-1.79304482,-1.79048895,0.61420984,0.09296876,-1.48175128,-1.76788995,-2.64590158,-1.51898561,0.49231929,-0.19899438,-1.30148031,0.56186135,0.55993664,-1.07268685,-1.07581199,-0.05535346,-0.11294423,-0.22622761,-1.15962762,0.37308682,0.29750486,1.02983194,-1.351252],
[-1.54785147,-2.33867194,-0.90776201,1.96793054,-0.77867585,-0.28780446,-0.07942769,0.13502801,0.952695,-0.39466128,1.62130473,0.03950048,0.02469246,-0.43420501,0.78837305,0.18651379,0.08102342,-1.33590937,2.14197393,-0.27770845,0.77535962,1.30889182,-0.23139956,0.42029717,0.59751746,0.95639266,0.03659772,0.49233808,0.01787996],
[-0.47946567,-1.6699738,2.34313629,0.82717725,-2.10372402,0.98036841,-0.4505712,-0.4443202,-0.85255347,1.67124694,0.51740603,-0.76096859,-1.2812054,-0.76962222,1.2150326,0.38530419,-0.4432945,-0.05167823,2.98834101,-0.11567859,1.13300559,1.42204573,-0.15229209,-0.48693486,0.32239574,-0.53653246,-0.74997876,-0.68275229,1.02281904],
[-10.88573772,10.11021527,10.45359685,-7.67343374,11.56854416,-1.0561374,-2.27928546,0.08182423,1.66201601,0.79501442,0.89807194,-0.0430145,-0.08739873,0.31466791,-1.90535461,-0.07829479,0.7426047,-0.86346496,-0.14135326,-0.05063058,-0.82686155,0.33111813,0.47560792,0.19898179,2.79345212,-1.09061341,-0.18023842,0.08905986,0.42731497],
[0.10147086,1.16837869,2.42280456,-1.95114892,-0.1525176,-1.44140732,0.53282992,1.62171625,-2.66281836,-1.11561267,-0.74961377,-0.22150093,1.12774061,-1.1591228,-1.61171465,0.666639,-0.02563355,0.9005609,0.2831385,-0.60610964,0.02386597,0.05617976,-1.02770744,0.9411178,1.18667734,1.98449084,1.08505362,0.44176604,-0.16855086],
[-1.05955147,-1.42727715,0.52211659,-0.11789288,-0.33272455,-1.51683091,-0.56630188,-0.96082349,-0.68880906,-0.12952616,-1.85703444,0.43220763,0.0104948,-0.30980735,1.18616644,1.37821694,0.53478027,-1.37804735,0.42708061,-0.383248,0.35492909,-0.86953421,0.9007798,0.06201236,0.38251575,-0.64277782,-0.79850847,1.57478927,-0.68665018],
[0.61090134,-0.24166203,-0.77485775,-0.36901944,-1.52048669,0.81954111,-1.96332629,0.0896507,-0.12881495,-0.53817468,-0.51943454,0.48236619,0.51466666,-0.14208805,-0.91181014,-0.63910103,0.55540567,-0.75014069,-0.7323831,0.26561524,0.27100988,1.66303875,-1.40298179,0.19182391,0.62161382,0.41692559,-0.32791926,-0.22235395,-1.0021257],
[-0.5157541,-0.65698978,0.10582258,0.24698122,0.54646854,0.17853959,0.33997632,-1.11211475,0.79481883,0.23153025,0.52474803,-0.76920517,-0.71704461,-0.03463325,-0.88521075,-0.13737444,-1.46575432,0.43383135,1.24699171,-0.55236708,0.55846778,-2.12384538,0.18626219,0.05252393,0.57507087,0.83800734,1.4125367,-2.43689218,1.55590691],
[0.16413063,-0.22338857,-0.553921,0.86971084,-1.19684391,1.43063427,0.96906257,0.05153769,0.06595562,-0.86046325,-0.02401248,1.362156,1.42297643,0.28164813,1.67829796,0.98711382,1.00894562,-0.55447916,-1.86575734,2.61134989,-0.3013687,-0.52416015,0.97774445,-0.32394923,1.26413582,0.35528115,-1.53450938,-0.0265393,0.76887413],
[1.0961433,-1.08277872,1.50812573,1.82963045,-1.16367593,-1.13344816,0.29260906,0.28453138,-1.9264207,0.43287018,-0.33655741,1.03517589,0.85503312,1.82262028,-1.60774963,-0.28355672,-2.17227236,0.91595031,-1.15819064,0.53708643,-0.05293442,0.47647568,0.37737755,0.77808795,-1.18729255,1.42747498,0.17868768,-0.15921977,-1.46284158],
[-0.283269,0.20492518,0.02595793,1.50775664,1.11494812,0.78204779,-0.52967286,-1.27233832,-0.20243948,0.9598264,2.35656258,0.45798391,0.42344114,-0.28619505,0.05126487,0.95569598,-1.35750505,1.25121308,-1.10543966,1.07140752,-1.7417243,-0.52123964,-2.27158715,0.10919317,-0.74005171,1.6575417,-1.53796674,-0.2415823,-0.10430917],
[-0.28286528,-0.7639547,0.78745099,0.01012368,1.25373448,-0.08430955,-1.8406393,1.50910071,-0.27845289,-1.00400946,0.31147131,-1.67379916,2.00286318,-0.6984085,1.63725747,-0.78788507,0.66503929,-0.48142138,-0.75870188,1.23901939,-1.68359199,-1.21497542,-0.31841495,-0.97822311,0.03176574,0.05098612,-0.08462856,-0.97967843,1.45701347],
[0.22131431,-0.73698663,1.59636088,-0.14863205,-1.5305938,0.94549681,0.35636918,0.10091067,-0.29047935,-0.67107086,-1.19775682,-0.90819543,0.89748012,0.78949237,-2.54137332,0.02523345,2.08545115,-0.54978297,1.6176003,1.34159228,-1.09928834,-0.17829662,-0.20664737,1.06264273,-0.58489232,0.57749921,1.45380329,1.19359715,-0.08727327],
[0.4752738,-0.37147738,0.19389352,0.38833927,-2.61544884,-1.7526001,0.42854698,0.63145689,-0.41680666,1.05184801,0.77014945,-0.74401778,-0.36306038,-0.6780266,0.46486667,0.72937088,-1.92861037,0.56981892,-1.02834782,0.66164394,0.36210318,-0.21586869,-0.62480356,-2.37594612,-0.16841592,-0.28990163,-0.42553119,-0.19847838,-1.2924247],
[1.15219759,-0.99249122,-1.99937781,-0.08748131,-0.15404377,-0.65715262,0.27113406,0.02625537,1.27865514,-0.07770792,0.17985575,-1.0591568,1.17418261,-1.51034822,-1.1148948,0.45694807,-0.73134691,0.17515175,-0.0552587,-0.20176932,0.49548774,0.07226275,-0.15240221,0.46832791,1.43622583,0.01123046,-0.95253314,0.73836251,-1.81000698],
[0.28990129,1.67174191,0.22723886,-1.02174335,0.83916479,0.09617349,0.28393257,-0.34898012,0.98559878,1.21937616,-0.67447147,0.81689774,1.03480272,-2.45019019,-0.31737349,1.58329873,-0.52438311,0.45255286,-0.58631913,-1.61620996,0.96583802,0.02606652,-0.39625828,0.65723443,-0.90064656,0.23131486,-1.4766181,-0.14577977,0.74829688],
[1.06905762,0.91100943,0.8116279,-0.18949731,-1.19754748,-0.62941868,0.51847638,0.01670534,0.26315345,-0.28052065,0.72264316,0.01387709,-0.23418702,0.53573404,-0.30225972,0.15765056,-0.28140591,-0.79059162,-0.01590572,-1.2474184,-0.69599309,-0.99883125,3.63872092,-2.04809883,0.12690955,0.66647734,-0.98058812,-1.32578617,-0.78217037],
[10.01939557,9.72654269,-9.16684126,9.26827095,11.1885117,-0.70929742,-0.64118382,-0.38103691,2.44229936,-0.03939792,0.71286154,0.49770751,1.66870947,1.04482789,-0.52400468,-0.53529773,0.79338428,1.67199923,-1.08443749,0.80127584,0.02379896,1.04498322,0.45548359,-0.94664142,-1.57345659,-1.310076,-0.02944346,0.78324298,0.9510388],
[2.59512786,-0.91886222,1.67980152,-0.24618529,-0.04349944,-0.16318906,0.1979693,1.09536973,1.72833269,-1.21718811,0.59318569,0.04474422,3.11775026,-0.12699105,-0.83021627,1.20053179,-0.43357472,-0.75294864,1.43945313,0.7000364,1.21672351,0.98677329,0.58615309,0.99891905,-0.15815184,0.38234042,-0.65346246,0.17117412,0.98814418],
[-0.44181568,1.41341847,-0.8506418,2.41373851,1.77105534,0.37031169,1.55910218,0.69027871,2.72064355,0.69286603,0.8030177,-0.00697273,-1.82410064,-0.58156852,1.10602128,-0.79112402,0.19622862,0.48579338,-0.83329524,0.26013748,2.23324941,-0.51216058,-0.1054121,-0.76918003,0.55487371,1.08461894,-0.25220932,0.2673273,0.62379019],
[-0.13165041,1.20507409,0.0962136,-0.86718581,-0.69776021,0.06368926,0.96342868,-1.83603187,-0.55926617,0.40298951,-1.25534851,1.20710123,-0.93286114,-0.57672618,0.67366455,0.23119361,-0.36398718,-0.98075683,-0.10233096,0.44915414,-0.44003706,-0.7222564,1.386858,1.59313009,-0.16576208,0.49181123,-0.72440234,-1.17641716,-1.51616112],
[1.29943746,1.41270178,-0.44558091,-0.05701283,2.37213083,-0.23661296,-0.54442132,0.22701614,0.0851048,-0.18150454,1.24819099,0.45196398,-0.28253898,-2.24357135,0.4841929,-0.07173738,-0.1426695,0.51914301,2.07750201,0.96050872,0.12257493,-1.00989299,0.48914732,0.40969477,-2.07573039,-0.16155175,0.93771322,-0.27418388,-0.4143307],
[0.39114171,1.04190224,0.52153643,-1.16378829,-0.64170192,-0.67896087,0.02313695,-0.09769535,0.91416216,0.14321844,1.44346991,1.5848493,0.72320283,-1.00161166,-0.39770041,0.27248262,-2.81091558,0.53421593,-1.11792243,1.07544166,0.09960655,-0.03885274,-0.2055553,-0.04491709,0.30123427,-0.32658676,-0.46020569,-1.35418873,-0.72361497],
[1.06543032,-0.10768458,0.02373164,-1.5871597,-0.10437046,-0.04578801,0.17444196,1.47867528,1.89205045,0.16092368,0.25323231,-0.78102289,-0.65741601,0.18396175,-0.19977216,0.00470247,1.20682865,-1.25154648,0.32593693,-0.04688169,1.49744817,0.73522502,-0.33061682,-0.61185663,-1.22227231,0.20205263,-1.50894046,-0.20380565,1.02236926],
[-0.20253106,0.91236479,-2.61689378,0.26135167,0.43574493,2.45715158,0.92004999,0.58381423,0.23174745,0.48404731,0.28893794,-0.57204803,0.1700694,0.0037788,-0.06733031,-0.61881354,-0.16714446,1.12788803,1.03349461,-0.95170565,0.23253739,0.78816975,0.59438831,-0.23618305,-0.56140188,1.87327682,-0.14051131,-0.85300148,0.48839667],
[-1.22332491,1.58694986,0.08095265,0.97971958,1.76451453,-0.58028654,0.31078524,0.51972913,-0.14165831,0.40268374,1.14570815,0.51991445,-1.6378733,0.77976646,-0.55146907,0.63649217,0.59752621,-0.90597069,-1.86240144,0.48263596,-0.89396573,-0.4384439,0.61910701,1.31059693,0.62432813,0.64208016,1.48886479,-0.98433604,0.43473917],
[-0.1917561,-0.89944363,0.67885212,-1.4963776,1.05064379,-0.81299551,-1.5350175,-0.43691862,-1.49569779,0.96174019,-0.71067033,1.87953348,-0.32384687,1.45091405,2.13035843,-0.02826691,-0.59507943,-0.39808474,1.12413715,2.51435279,1.13803465,1.68876869,0.2779722,0.8809106,-0.14571723,0.03910325,-0.87980119,-0.08743778,0.43449363],
[-0.03623804,1.3857266,0.27667078,0.08221072,0.1081846,-1.43770754,-0.86629232,1.44819846,0.37248442,-0.11928061,0.22587518,-0.83332976,0.37931329,1.41633742,-1.69780647,-0.58647143,0.67087446,1.0944586,0.33884669,-1.29062247,-1.20268559,0.40540408,1.11066552,0.78009799,1.27669771,-0.62663906,-0.74540048,1.85647443,1.46778636],
[1.5136979,-0.26033764,-1.2496288,0.63589798,2.04474983,0.5298566,0.85089264,0.21287505,-1.08107849,-0.34857924,0.51977019,0.31966815,-0.06641474,-0.58110319,-0.19711214,1.14229686,1.27031259,-1.43134507,-0.97638242,0.97492037,0.76508406,0.33217931,0.35295866,0.75148771,-1.37071256,0.22937425,-0.84101695,-0.35857363,-0.64113118],
[-0.04359151,-0.92829179,1.4812546,0.26117908,0.2360876,-0.90502042,1.36019756,1.5566953,0.44802934,0.89952213,-1.00470247,0.00521386,0.18764567,-0.53542653,0.39163618,1.05643331,-0.3308376,2.53644529,0.01084831,0.63556354,-0.17705472,2.25462334,-1.80684112,-0.6417546,-0.41397749,-0.4060915,0.42348379,-0.54218898,1.3754009],
[1.61887328,-1.07366593,1.16964193,0.00692517,1.44031777,0.53960066,1.32044511,2.14595263,-0.80452829,-2.64683714,1.38553749,-0.77766671,-0.01784743,0.84401831,0.15430171,1.64115878,-0.14490956,0.47829559,2.05792832,-0.4409648,0.80715067,1.4451628,0.87637152,0.2441481,1.07905578,-1.33492481,0.80999593,-2.15102959,1.17667536],
[2.35588427,0.14109105,-0.87360129,0.09700041,-0.18656823,2.15051525,-0.00350559,0.38625901,3.17007593,-0.39203636,0.19138215,1.14585088,-0.58501957,-0.45640013,-0.17322606,1.07720632,1.57424682,-0.05229508,-0.5025499,-0.24346387,-1.60963151,-0.48075002,-1.87100045,0.51860563,-0.08914074,-0.16619383,0.08901414,-0.57410108,-0.3025705],
[0.77651631,-0.89727148,-1.26779179,-0.80630997,1.46074169,-0.53233132,-1.27453581,0.60328192,-0.80619491,-0.39584528,-1.5962066,1.69085168,-0.52686036,0.15215679,1.51039985,0.0236546,0.33387967,0.08041024,-0.42432062,-1.40148063,-0.50952542,-0.67455243,2.4179558,-1.38371172,-0.2000032,0.69119721,0.1433228,-1.30048443,-0.5181163],
[-1.34474244,0.82840893,-1.40361153,-0.83705578,-0.48913925,0.20802511,1.40675704,-1.21722712,0.68750706,-1.27658527,0.69634077,0.53404367,-1.88403818,-1.29889037,-0.44335801,0.05358425,-0.35934409,-1.14026743,0.94428806,-0.31918339,-0.92775276,0.32614629,-1.33549011,1.23401307,-0.19852393,0.93569184,0.10882233,-2.20243183,0.51343029],
[-9.76201743e+00,1.11379409e+01,1.03406358e+01,8.38353846e+00,1.08386872e+01,1.31657737e+00,1.50226862e-01,-8.83313705e-01,-2.75813866e-01,5.08367025e-01,-8.52761739e-03,-1.19627638e+00,1.38056719e+00,1.00088161e+00,-9.59697685e-04,-2.44602503e-02,-1.77461883e+00,7.92133009e-01,-5.46662191e-01,-9.72959654e-01,-4.50018002e-01,1.16399198e+00,-1.79597600e-02,1.02334028e+00,-1.31610193e+00,-1.30138512e+00,-1.17915809e-01,-1.89156651e-01,-1.55649321e+00],
[-0.89297494,0.22202294,0.61409325,1.4367163,-0.46841662,1.8716517,-0.70860687,0.53081398,-2.12565791,0.78529104,-0.58264789,0.25193976,0.08478075,-0.28120258,-0.55683882,0.66245908,-0.36335305,-1.15465878,0.4437807,-1.17739485,1.05746331,1.15238688,0.2443188,0.60468502,-0.20454538,-1.22738964,0.27130437,2.43727509,-0.18695279],
[0.85226908,-0.78384789,0.40810736,0.37021909,0.46566953,1.15532741,0.49109731,-0.91397005,-0.37186128,-0.9375236,-0.41347959,1.40743919,-0.26641758,-0.58801575,-2.555132,1.17165365,-0.83194983,0.39231984,1.05596326,-0.91074107,0.19463672,-0.30207302,0.19103534,-0.91037703,0.60133706,-0.22069973,-1.03008516,0.41318247,-0.87462503],
[-1.68400137,-0.56556377,1.15729803,1.37398896,0.30151725,0.46139016,-0.89409869,-1.59726558,-0.90397168,-1.3310327,1.08211272,-1.9375454,0.02015143,0.92071705,1.51782305,0.29431461,0.20626745,-0.25622746,0.3409115,0.27750737,-0.24687541,-1.85615143,2.15611407,1.15131161,0.4162187,-0.36386508,-1.08351249,-0.31802572,1.30413453],
[0.39011175,-1.65976238,0.21430735,0.87669778,-1.32574031,-0.62128543,-0.84580977,0.77611066,0.22275817,0.92141471,0.23111807,0.02360476,1.33013445,0.37627173,1.38680965,-0.11414424,-2.01859075,0.51280117,-1.42248721,0.22845073,0.14863225,-0.03910572,1.184843,-1.43855139,0.59118359,-0.81862538,-0.24289703,1.21562403,1.68204379],
[-0.14381677,0.60185278,0.42523163,0.6368219,-0.21990172,-0.57725054,1.16382286,-0.38531606,-0.84280474,1.2649663,-0.10719377,-2.73010246,1.2771176,0.68441062,0.38250516,0.63167749,-0.58203909,0.22463666,0.00962403,-0.48470845,-1.92523961,0.74552592,-1.30693392,-0.94891767,0.33281152,0.39354215,0.66243993,0.53082993,0.42562538],
[0.23126956,-0.74241627,2.19735105,2.1526566,-1.47944885,1.95885235,-1.21507655,0.37675075,-0.63856542,0.41702596,-1.45568305,0.16814846,0.03171812,-0.96552035,1.41678766,0.02958982,-0.1635645,1.15055691,-0.86456702,0.06916612,0.68855859,0.25267181,-2.81135725,-0.36894384,1.52488094,1.09715354,-1.22675932,-0.64245429,-0.27302548],
[0.72284304,-0.36587474,-1.3583653,-0.69121037,1.01740841,1.46787318,1.14221099,-0.75259345,-1.26523387,-0.42441764,0.41740968,0.66979016,0.79245744,-0.04905285,1.06446525,0.20737323,1.10107889,1.13946344,0.29021829,0.10683313,-0.56104525,-2.0711291,-0.40317908,1.69557591,-0.57147823,-1.31108564,2.65988234,-1.59418104,-0.09493169],
[-8.22093582e-01,1.48869453e-01,1.54384291e-03,-1.78625321e+00,1.44801378e+00,5.65239953e-01,1.05429216e-01,1.30640501e+00,-2.20815437e-01,6.39510780e-01,1.02380890e+00,1.15167430e+00,-1.26364255e+00,-1.13473675e+00,-1.97046718e-01,-7.60741396e-01,-9.31607247e-01,-7.58380116e-01,2.18120684e-01,-2.70050888e-01,9.48628045e-01,1.04260659e+00,1.27655858e+00,8.14280263e-01,1.17019462e+00,1.43236213e+00,-9.25317722e-01,4.90487569e-01,2.29283031e+00],
[-0.51289873,1.36149572,0.28001166,1.12514318,-0.82071582,-0.62554927,0.37665761,0.41761524,-0.03727078,0.58078985,-1.76841835,-0.10936321,-0.36703963,-0.61838315,-0.09285182,0.83790355,-2.23646511,-0.21607698,0.87597651,-0.06565503,-0.72761958,0.80411323,-0.80430266,-1.61379889,1.35988161,-0.3477836,1.27555832,-0.13928151,0.10889934],
[-0.35681574,-0.20677738,0.71005208,-1.30911131,-1.26294178,-0.77727873,0.36583336,0.30087028,0.48746958,0.23704568,-0.51274034,1.09006871,0.05831546,0.31970869,-1.02780157,0.17658264,-0.51267843,0.52657439,1.60009125,0.03772769,0.92473482,0.73688895,0.49351644,-0.0971579,-0.11142342,-1.76575793,0.09664613,-0.96478912,-0.81906736],
[-0.58419303,0.07875147,-0.30271111,-0.76787414,0.34101356,0.64218298,1.48884044,2.29452649,-0.63203787,-1.1439215,-0.61485431,0.10624328,-0.50885321,-1.29870656,-1.74878728,-0.59798446,-0.06877408,0.65259708,0.03835946,-0.9154949,-0.98984626,0.62649233,-0.05473309,-0.26419926,-2.47113423,0.30742614,-0.43388417,2.07612696,-1.03819498],
[-2.39680274,-0.11229018,0.61788712,-1.8528045,-0.68918086,-0.73313525,-0.31959328,0.60369141,0.16425861,1.20992668,-0.01432681,-0.30767773,1.29677371,0.83775807,0.67717789,0.1833786,-0.75246251,-1.71789191,0.2890093,-0.16765693,-0.05803106,0.65272527,1.04983261,-0.35003673,0.22653594,-0.79093394,-1.09125739,-0.78129457,0.46573084],
[-1.13213242,0.05100204,-1.2050447,0.13691419,-0.02765744,-1.08423095,0.20556161,-0.09407327,-0.33185252,0.6453312,0.87990785,1.45108338,-1.84902689,0.02063633,1.3098548,-0.46453626,-0.57953348,-0.83488089,-0.31523309,-0.28822281,1.75137733,-0.69514535,1.09829676,-0.7901645,-0.14899546,0.28458497,1.71674604,-0.44990283,1.78904712],
[0.60030592,-0.77833567,0.43328761,1.25969733,0.41101347,-0.91922564,-0.5771703,-0.61023264,-0.73921298,0.86659465,0.4933373,1.39808768,0.25302265,0.02455675,-1.33825343,-1.54442274,-0.22743791,-0.18939619,-0.52577781,1.73903822,-0.23567982,-0.7156187,1.38097725,-0.19616949,0.42004746,0.17971453,-0.29765135,-0.17143818,0.14800358],
[0.82976455,0.83080875,-0.03779589,-0.29134707,1.77559594,1.91836119,-0.36630178,-0.54905606,0.03944083,1.06438014,0.48208241,-0.15285013,0.84330047,-2.47149577,2.2918069,-0.5494375,-1.49698538,-0.47186547,1.09195448,-0.4157781,-0.52986821,2.4877778,-0.85862707,1.23709532,0.51572631,0.51818187,1.47811782,2.27037602,2.15965473],
[-0.19434028,1.65276499,-0.83099375,-0.77938166,-0.40006375,-1.15186081,-1.8180285,0.7744705,-0.16877966,-0.95558574,-1.65728771,-0.36716981,0.75351958,0.40116614,-0.12012896,3.20278854,-0.6421638,0.25045425,-2.53864018,-0.80263194,1.51918975,-1.4794756,-0.05691137,-1.04558046,-0.71445667,-0.51784604,0.36384661,0.59299305,-0.17698195],
[0.36603716,-0.10129842,-0.67402582,-1.25094807,0.08066134,-0.88279772,-1.27764642,-1.60363284,0.88822659,1.37831427,0.29054733,0.12503187,-0.30523852,-0.07038466,-1.28558746,0.70161729,-0.89264921,-0.20421372,-0.72696754,-1.38688253,-0.77700453,0.56259588,0.16904581,-0.59379236,0.99281709,-1.09614918,-1.89440863,-0.24893187,0.69574822],
[-0.69888438,0.84418174,-0.49115105,-0.00975071,0.16503375,0.15763735,-0.61875001,-0.13904448,-0.60623139,1.05540007,-0.14238543,0.36289801,1.84437686,-1.10102409,-0.65346193,0.44931731,-1.66235138,-0.14479799,-0.22917138,1.24395733,-1.1494242,0.20932241,-0.07771468,0.32021391,0.76191701,1.34471396,1.4678428,1.55416528,0.36820417],
[0.36825289,-0.08564421,1.10011544,-0.53126867,-0.2344185,-0.93338261,0.09940431,-0.05748214,-0.61845198,0.91386894,1.06911879,0.15269873,-0.01494672,-0.36827249,0.46368504,0.57048406,-0.00419862,-0.3999969,0.58814438,-0.78878338,1.17132218,-1.69797338,1.24482454,-0.15638623,0.13635308,-0.32300713,-2.17706464,-2.27107348,1.00680021],
[0.37116268,-0.09983758,0.81670429,-0.15307644,-0.69999025,0.29144475,-2.13593038,0.78510666,0.01272093,-0.11748514,-2.10622111,-0.721412,-0.10991299,-0.55654928,1.38426949,0.88253719,1.00456443,-0.39319158,0.06592434,0.76595808,0.02184317,0.4548942,0.37975271,0.19818623,0.32157487,-0.38280913,-0.59638312,0.49905157,-0.07449181],
[0.80952441,0.29261173,0.93219129,1.11156452,1.38574639,-1.95024409,0.38755931,-1.15946087,-1.45948152,-0.13698858,0.12872458,1.02990031,0.52535363,0.86147647,-0.696661,0.97588642,-0.5076365,-0.32086255,-1.2143712,0.93037267,-2.88442329,-0.19053265,-0.41294628,-1.46380132,1.55634472,-0.05652382,0.8817803,-0.52453184,1.01449579],
[-0.79497256,-0.02823321,1.67714146,-0.41179192,0.6789172,-0.02964734,1.39156938,0.2314072,-0.49767907,-0.0238272,-0.86316428,0.57914424,0.04661663,-1.02924178,0.15938656,0.76317687,1.96571746,0.10817588,-0.34534835,-1.24303188,-0.71812142,-0.91026257,1.07823015,-0.42490856,0.76488294,0.99062718,0.71427285,0.09496814,-0.10886971],
[0.19195839,1.38367376,0.18642902,-0.67554103,1.60667312,-0.00913221,2.33691501,-0.55823894,0.92883501,1.42301208,1.20227972,-0.98699486,0.1700086,-0.68024722,-0.6520598,-1.59498492,0.54278873,2.25285969,0.85043333,-0.83726539,0.85771313,-0.33117748,0.03238292,0.07248846,-0.73845849,-0.08039407,-1.39087813,0.08222189,0.36187165],
[-2.64208721,-0.57778499,1.01152098,-0.44125334,-0.64762294,0.53654246,0.06148674,-0.91548761,0.78278696,0.36800139,-1.61069035,-0.85619976,0.06683717,-0.79639815,-0.41583454,2.0248818,0.66779111,0.03207833,-0.80503831,-0.07211229,0.90204743,0.76132433,0.83479655,1.30151479,-0.62166865,-0.93527849,1.3833815,2.22538145,0.25100978],
[-1.81549037,0.50179541,-0.58861784,-0.57914036,-1.96054002,-0.74724177,2.98854082,-1.05913102,1.17957241,-0.047666,0.31460559,0.04432402,0.98031545,2.0859064,-0.66475556,0.82124693,0.50174008,-1.88795418,-0.65604368,0.11763729,-0.10723729,-0.7824941,-1.00745425,0.50443022,0.21773295,-0.56723762,0.84745417,-0.21510166,-0.17841884],
[2.23781667,-0.28185159,0.87590269,-0.3017154,0.49487624,-0.83502398,-1.13929697,-1.22962904,-0.25468935,-1.75402166,-0.58741801,-1.8048223,-1.27620979,-1.49171408,-0.23233923,0.1377335,-0.90919402,0.20497276,2.17447874,0.64431359,0.23822133,0.00340885,0.36834161,-0.12162119,0.84530557,0.75256631,1.51488232,-0.0704789,1.31163429],
[0.05724479,-0.31605805,0.64568193,0.15218897,1.23409757,0.4441433,-1.23769676,-1.45531656,2.46851174,0.77359126,-0.67228288,0.49147591,-0.91589037,-0.15609053,-1.54664002,0.50911806,0.0829209,-0.0601424,0.97876625,0.64487309,-0.2391955,-0.06332193,-0.71431302,-0.38627003,0.55097388,-0.04067113,-0.92313388,-0.66510136,-0.31458591],
[-0.05785549,0.85878271,-0.2216355,-1.09372475,0.12688733,-0.59141847,1.58685802,-0.40178318,1.28287046,0.67326732,0.73390769,1.25263979,-0.2552046,0.17529616,1.20989881,0.7751779,-1.0786758,-2.16689,0.88040424,0.49543803,-1.31874881,-0.39996615,1.30926901,-0.67611348,-0.93448725,-0.36032476,-1.34129904,-0.0430162,0.05719738],
[0.01571013,-1.07837123,-0.64703738,0.42927581,-0.06829599,1.17879346,-1.60058023,0.38074212,-0.70669161,0.52114896,-0.9995288,0.43882051,0.46178548,-0.4691044,0.23176751,1.00683883,-0.39843289,1.35405534,0.16018518,-1.04125184,1.97402299,-0.16962026,-0.10969653,0.29643123,0.76034476,-0.14769684,0.39826369,1.28579817,0.49840081],
[-4.80617941e-01,-1.14926182e+00,-1.64338732e+00,-1.99555005e-01,6.74846537e-02,5.70933922e-01,-1.10601443e-01,2.76650610e+00,-5.53612863e-04,-2.52152197e+00,-5.75836331e-01,1.23343340e+00,1.59008568e+00,1.69912781e-02,1.90340315e+00,1.31737619e+00,6.07642073e-01,1.07543006e+00,1.06775944e+00,6.16937663e-01,1.58239711e+00,-2.40941134e-01,2.13580118e+00,-8.34818872e-01,-8.80900491e-01,1.58347736e+00,1.02136317e+00,8.08797721e-01,-2.03546279e+00],
[-10.3085152,11.1479472,11.77871553,10.64110636,-10.39030916,0.5236341,-1.02181598,-0.32186479,-1.05390758,1.3468843,-1.0085484,-1.7222617,1.30951617,0.93083591,-1.78932844,0.04911106,-0.87129926,-0.56655815,-2.12490831,-0.11440193,-0.39664301,0.22373608,0.71318305,0.37261879,-1.84731808,-1.05191349,-0.34365111,0.13879245,-1.34792296],
[-7.75747873e+00,8.84471438e+00,-1.04740493e+01,1.01746149e+01,-7.75448651e+00,-1.32945096e+00,4.94900404e-01,-1.68697626e-01,-1.00945232e+00,8.73215892e-01,-3.17376998e-01,-1.13977203e+00,-1.14212614e-01,-9.80587830e-01,-2.11446442e-01,-1.27723558e+00,-1.83849153e+00,7.59868598e-01,-2.97614143e-01,-1.04117617e+00,3.85803021e-01,9.26263345e-02,-1.51566613e-01,-4.56833415e-01,1.59906402e+00,-4.08989539e-03,1.23477987e+00,-3.67033457e-01,-2.55058850e-01],
[-2.24266491,-0.2409359,-1.67136499,0.68490227,1.23226321,-0.27440038,1.18459322,-0.71441247,0.55695765,0.89639819,-0.76263945,1.30521195,0.40062914,0.27930432,0.36216935,-1.40879212,1.13838661,0.30702127,0.82266433,0.85413617,0.38651941,-0.38944524,-1.59303574,-1.1910805,-0.7599056,1.9401969,-0.60342099,-0.95581968,-1.05448808],
[0.11134153,0.61345538,-0.15158221,-0.8254464,-0.31042763,-1.31537698,1.0451789,1.72411976,-0.26464164,0.52895701,-1.21451008,-1.82256795,-1.37057763,0.19355911,-1.09871837,0.72167474,0.23966301,-0.67097991,-0.10255944,1.33354534,-0.14415079,0.42591396,-0.55423862,1.41761763,0.54782096,1.49459462,-0.07030901,-0.59542744,1.32918655],
[2.16638945,-0.12697685,-1.85397584,-0.03561641,-2.13923443,0.0380029,-0.43452207,0.91162757,0.99290106,1.69960268,-1.29378135,1.06608839,-0.90383854,-0.43955339,0.98215172,-1.74247672,0.27170412,-0.09074378,0.2303513,-0.40279042,-0.7643249,-1.64207426,0.42178255,-1.19075931,-1.39917681,-0.8662652,-1.20427789,0.2846784,0.16331207],
[-9.30366966,9.16525386,-11.75245702,10.46730786,-10.93969089,-1.82644795,-0.26540171,-0.66691087,-1.45428969,0.54735256,0.42015275,0.90673232,-0.41176308,0.82683112,-0.86069601,0.3020814,-1.13691264,-0.25579364,-0.83935944,1.29875301,-0.88216788,-1.08881131,-0.68515807,0.90630813,-2.06998661,-0.5852866,1.26511797,0.7981897,-0.15356472],
[-0.66070076,0.47285552,0.63419914,0.33637934,0.44651355,2.05952385,-0.81052429,-0.42985486,-1.64691486,-1.01194343,-1.79238126,-0.33037362,-1.66913165,0.29164368,-0.65218337,-0.53671134,-0.47805636,0.43519724,-0.65011048,-2.14606442,-0.39295628,-1.30909065,-0.88878547,-0.86556157,-0.36388397,0.17253623,-0.71024483,-0.72647382,-0.15805508],
[0.59149015,-0.09890221,-0.02760757,0.29654524,0.7158619,-0.67514777,1.02134504,0.2048458,-0.64792297,0.43486218,-3.06837153,0.48558731,0.47747421,-0.26817258,-2.27901801,-0.99752486,0.10550769,-0.92120234,0.38342914,-1.85867215,1.52862988,-0.11412778,1.65522518,1.77160321,0.23829982,-0.82923448,-0.17426268,-2.0091034,1.59316223],
[1.3586122,1.13957538,0.13990237,-0.26499736,-0.65373059,0.31106158,1.00163451,1.04067534,0.74919303,-0.7853976,0.47290016,-0.81672579,-0.25513592,-0.88941132,0.05292016,-0.97656969,2.49059504,0.79269263,0.04434294,1.35999986,1.62733375,1.05897987,0.99663541,-0.27505351,-1.6651543,0.34986955,0.63185066,1.92322838,-0.22432237],
[-1.21027496e+01,1.07694482e+01,1.04058660e+01,-8.30926416e+00,9.19864406e+00,7.79977187e-02,8.02161253e-01,-1.22608115e+00,-1.81851685e+00,8.93215838e-01,9.19238862e-01,3.29914926e-01,-6.99418403e-01,-1.96805439e+00,-1.76751047e+00,4.69471339e-02,1.60541012e-01,-6.51791157e-01,-1.09971852e+00,6.82106245e-01,6.47113391e-02,-2.91909586e-01,-6.61398654e-01,1.46334789e+00,-1.64817132e+00,1.44088828e+00,-8.82372808e-01,-6.37258014e-03,3.19776921e+00],
[10.60508682,-10.91608648,-11.99341173,9.32592344,-11.09436077,-0.68512632,-0.78198598,-0.12995688,1.05256558,1.36933904,2.45162386,-0.08921662,0.21771121,-1.13724754,-2.45113989,-1.33572947,0.02430087,2.27025327,1.35747958,-1.27495379,-0.96994271,2.07010886,-0.67423838,0.09132555,0.34362361,-0.04387262,-0.60669975,-0.47611703,-1.15734535],
[8.39476481,-11.5035651,-11.5439602,-11.32825873,10.68426516,-0.54735167,0.26539383,-1.13969781,1.08243188,-1.4634073,1.61516887,1.23991303,1.1435144,-1.23643306,1.53455763,0.51222123,-1.03444167,-0.46400376,0.73225941,-2.04863196,-0.04341009,-0.17788083,0.93965364,0.36963431,-1.38159728,-0.4545109,-0.14067629,-2.56830479,-1.99536107],
[0.35720282,0.01255804,-0.60093265,-1.17737818,0.40714236,1.77420179,0.37318619,-0.51613555,0.27311386,-0.59629726,0.87322563,-0.71330027,-0.55469738,-0.41819855,-2.00564484,1.91929629,-0.66826888,-0.73813944,-0.1112053,-0.46824214,-0.44672096,0.15055704,-0.33455193,0.88188929,0.16631045,0.10175393,1.23749959,1.20059932,0.50741694],
[-0.3373404,-0.60467911,0.29657278,-1.60865952,-0.05449572,1.07957267,-0.44259496,-0.46747305,-1.57006839,0.88193026,1.51431523,-2.8855386,-0.0092775,-0.62820394,-0.62223906,0.28575059,0.35529956,-0.25522798,0.11261217,0.45181305,0.98407594,-0.26874992,-0.91074124,0.74595829,-0.06530557,-0.29902803,-0.39287511,1.93864514,1.12139543],
[5.57624184e-01,5.07798065e-01,-4.57079864e-01,1.03233504e+00,7.44381703e-01,1.88220397e-01,1.58437395e-05,-2.12096734e+00,2.44071319e-01,-3.19866935e-01,-2.33207824e-01,6.26281972e-01,1.47614985e+00,-1.38640586e+00,1.71844043e-01,-1.38539861e+00,-8.53673618e-01,3.76021633e-01,-2.35324799e+00,8.40539053e-01,-3.30680801e-01,-7.35856556e-02,1.25246844e-01,-7.20584714e-01,-1.35162051e+00,-4.57864810e-01,1.03644682e+00,3.06352801e-01,-6.54760386e-01],
[-0.90262976,-0.23059186,1.59996006,0.67640445,-0.65014891,-0.31121955,0.10522923,0.49034319,0.1561303,-0.58240542,0.31854794,-1.64307636,0.28810127,-0.78156524,-0.10970558,-0.09387075,-1.94426362,-0.53464579,-0.16412471,-0.07375513,0.29030929,-0.60407317,0.45997017,-0.61526581,-1.45691074,1.08794044,0.42944779,-1.54325918,0.01112296],
[1.0678069,-1.32045286,0.57365198,-1.26045764,-0.17609446,-1.20149875,0.34029088,0.65963478,-0.10494705,-0.94245026,-0.88939562,0.19290118,-0.45535152,0.99560204,-0.59667071,0.45849478,0.85722657,-3.04086861,-0.25424666,-0.79319221,1.3519312,0.47397923,0.03360558,0.32567451,1.2915721,-0.81008176,-1.35331729,-0.59836167,-0.18078212],
[3.93628102e-01,-8.66904700e-01,1.54898735e+00,4.24955761e-01,1.02324360e+00,5.08699901e-02,-5.91984423e-02,-1.87625251e+00,-1.53174701e+00,-8.17220909e-01,-6.06337790e-05,4.30461512e-01,-1.47550314e+00,-9.09196006e-01,-2.96360358e+00,-7.09099857e-01,-1.36146097e+00,1.14287496e+00,4.49295659e-01,1.74974215e+00,-1.57639436e+00,-4.22272251e-01,-4.85946872e-01,6.04353219e-01,-3.19308542e-01,-3.72672662e-01,-1.00954223e-01,2.75214430e+00,1.23924360e+00],
[-0.84160494,0.15865166,1.71032253,1.78565079,0.91834211,-0.501774,-0.24735569,0.71197058,-0.86549087,0.99112166,-0.20936699,1.73757772,-0.0313587,0.24357187,0.50459854,-0.41267218,-0.39264445,0.13699649,-0.73144094,-0.57394048,1.10780464,0.85702069,1.0307899,-1.44820473,-0.32191918,1.19982881,-1.02587108,0.15156051,-0.56235291],
[-1.18491559,-1.25346357,-0.20676353,0.08001424,0.84259913,0.40679059,-0.66603409,-0.7326271,1.61543538,-1.37944287,1.71486032,0.09850226,-0.08916365,-0.28678469,-0.72190018,-0.24903687,-0.84496807,-0.55882937,1.64312333,-1.22421081,1.47466943,-0.89351104,0.69144601,-1.82718019,-1.97538458,-1.02147893,-0.13788783,0.56332835,0.98859669],
[-0.98110402,1.20224718,-1.00182816,-0.31765004,-0.61979168,0.04567309,0.17959209,-0.65484247,-0.40642193,0.14633297,-1.83734006,-2.11638104,0.65470145,-0.39987779,-0.84870582,0.18727373,0.88665454,-1.46068718,-1.74138382,1.51783262,0.78884943,-0.54645898,0.30842824,0.63553916,-0.68929986,-2.30444906,-0.26837193,-0.5614271,0.72609644],
[-0.04710229,-0.42773486,-0.48120918,0.00632554,-0.35884927,0.44473892,-2.30166397,1.60649527,-0.27845612,-1.78299086,0.54243132,0.69504068,0.20646847,0.13631725,-0.79203962,-2.11655997,0.94575575,0.25778911,0.74661589,-2.14429575,-0.50599738,0.08261876,0.69266828,1.52496348,0.09405828,-2.53751102,0.87440308,0.78755263,-1.50341124],
[-0.31577306,-0.23132167,2.62849813,1.55709838,1.40546737,-1.2495606,-0.07376625,0.32669561,-0.45855067,-0.53621337,0.48019818,0.55543994,2.06881346,-0.1181907,0.12005275,0.30289804,0.37363764,-0.71621267,0.72117963,-1.12829335,-0.6489663,1.32244079,0.07020642,-0.76539526,-0.06538354,-0.35823144,0.24720564,0.10921168,0.25345483],
[0.03770344,-0.77847445,0.07062929,-0.18241424,-0.85025602,1.94274745,0.01263611,-1.73254136,-1.65113441,0.73051891,-2.0382934,-0.03382391,0.38319337,1.07425888,0.51098739,0.08927481,0.10014273,1.28958667,-0.29996379,1.50188531,-1.77478207,-1.35897655,1.23128012,-1.57890405,-2.15837646,0.29137198,-1.51766367,1.36713179,0.82841226],
[0.91485378,2.01304097,-0.83898997,0.98477547,-0.98742627,1.56117282,0.03589081,-0.4635825,-0.11189761,-0.74904537,2.18718051,-1.00426444,-1.2030312,-0.05663513,0.58823396,0.07462772,-1.02909071,1.95468707,-1.25550641,-0.56530149,-1.01951661,-0.29935658,1.86009163,0.35276867,-1.97570969,0.61044801,0.76679992,-0.34275693,-0.45313205],
[0.38104981,-0.8590176,-0.05546429,0.97414193,-0.14334016,1.57089712,0.65022567,1.4442118,-1.52942336,-0.06549296,0.38103669,-0.4446545,0.09737153,-3.02132331,-1.94379038,0.42231879,0.16661463,-0.60987731,-0.41472068,-0.46622251,-0.37552765,1.39710713,0.69292197,0.00734218,-1.39570293,-0.6598764,-0.14829552,0.28106114,-0.64356159],
[-1.45819366,-1.09710938,-1.737405,0.12251974,1.7659439,0.71060514,0.31147289,-0.90073698,-1.67528923,-0.76130972,-0.28298339,-0.26685083,-0.24038708,1.25538742,-0.26977254,-0.92312622,-1.19552747,0.03911388,0.12872504,0.22935597,0.92891998,1.23604534,0.64620438,1.04680284,0.26071579,0.61197564,-0.55529869,-0.7176207,-0.81616903],
[1.18660496,1.45757105,1.57098596,-1.17737785,-1.4605916,-1.62132338,0.77370199,-1.04935363,0.5388762,1.22387413,1.14705887,-2.53254505,-0.15155048,-1.12802889,0.99937954,-0.71249513,-0.60379178,0.23135448,0.48967627,1.89948988,-0.57292153,0.07721528,0.31567862,-0.15960425,0.1568898,-0.39622943,-0.74936665,-1.32299303,-0.71760521],
[-1.63929895,0.490942,-0.30357908,-0.75165415,0.36347713,-1.63862338,-0.08772793,-0.59770557,-0.18513217,0.45277693,-0.04031123,-0.98008477,-0.78475229,0.217391,0.41996454,-0.20533262,-0.10718648,-0.30881803,1.21656426,1.20277039,0.00961953,-0.13595633,-2.22639606,0.47370226,-0.45002024,0.50921613,-1.73735308,0.53457107,-0.37371912],
[-1.43817176,0.80564169,0.393289,0.08919115,0.71057617,0.37014793,-0.7819225,0.62086267,0.81716241,0.52783373,1.2195024,-0.76951695,0.40123953,-0.64615164,1.60839411,-0.66358093,-0.01157075,0.37586777,-1.78913951,-0.38887507,2.34130427,-0.47612259,-0.58587365,0.13018024,-0.1618434,0.33506834,-0.13595684,0.89526474,-0.43941027],
[2.59262717,-1.19020615,-0.1841199,-0.09417137,-0.46071238,0.05880731,0.72692286,-1.25828317,-1.69868991,-0.16868134,1.65513348,0.30000484,0.02226336,0.34892416,0.16003256,0.27862515,-1.16067935,0.05016053,0.17215062,-0.30822169,1.06104857,-0.02366219,-1.33103521,-2.12384069,-0.18947777,0.07711915,-0.78418251,-0.41314451,-0.10280286],
[1.71127227,-2.50063294,-1.29868695,0.52493952,-0.08199056,1.7232668,-0.57832848,-0.1267999,0.67266447,-0.11965662,-0.6300787,0.5420147,0.6489974,0.13892155,0.35472478,1.35602196,1.63474435,-1.33392762,1.49885866,0.06462987,-0.53177735,-1.24906188,-0.22002281,0.44464897,2.03237104,-0.43449863,1.15199424,-0.89366867,-0.5366841],
[1.54388033,-0.48508776,-0.16054577,-1.59134964,-1.02469558,-0.15377834,-1.68462788,0.43077498,0.45101659,0.84046125,0.86541964,0.80502248,0.00419074,-0.12495306,1.14509555,-0.98351831,0.08368359,0.53085117,-1.27523649,1.00070472,1.80541104,-0.82062818,-0.58300132,-0.11448366,-2.48829895,-1.41745791,-1.3105132,1.35834865,0.32059342],
[0.05757663,-0.70119794,1.37626085,2.03581361,0.34096824,1.32135389,-0.50123794,0.14737884,-2.24295186,1.41260405,0.88213158,-0.95979396,-1.06281081,0.36230701,1.59149564,2.16084144,-0.85974006,-1.43770123,0.07535144,1.43922958,0.23295515,1.04312418,1.13526137,-0.44887517,0.09634937,0.5757794,0.18262606,-0.86577189,-0.82844315],
[0.38159867,1.12998788,-0.640411,-1.02793884,0.73665644,0.97555501,-0.97170553,-0.18697877,0.76010532,-0.3023721,-0.70288257,-1.91009013,-1.19612277,1.21960562,-0.57998664,0.47964858,0.2231607,0.9945241,1.27582805,0.17407852,-1.36396146,-0.79823471,-1.04462226,2.2225302,-0.04437047,-0.38818202,-0.76908256,-0.36719739,-1.57236828],
[-0.67632541,-0.02868881,0.55389612,0.545192,1.19029605,1.24746298,-1.61458172,1.13732782,-1.13485969,-0.83258526,0.20298699,-0.71769887,0.10210231,0.77702175,1.23177247,0.04689062,1.34757858,-0.10490657,2.02471679,1.22183557,-0.4045857,-0.35245551,-2.52631471,-0.24554681,-1.06916609,0.1169653,-0.47280462,1.49530564,-0.03126008],
[1.21185001,-1.58108736,1.07079313,-0.56944838,-0.31106858,-1.48345536,-0.02069193,0.95838828,0.50154268,0.38141432,-0.94474403,-1.23158208,-0.42699629,-2.02640828,1.55209543,-0.58574322,-0.00955025,0.97762155,-1.03185539,0.58113753,-0.10966996,-0.34426516,0.30107948,-0.59413632,1.94280132,0.8554806,-0.09231342,1.35467359,1.98585531],
[1.39609448,-0.5417321,-1.13280283,2.04111362,-2.41711959,-1.11140004,0.67016494,0.35248877,-0.45735611,1.94581067,-0.02019627,0.51857501,-0.69090497,0.38831018,0.62208674,0.67101712,-0.00672637,-0.0311058,-2.59283202,-0.15974956,0.64589199,-0.26397619,-0.19204728,0.10952593,-0.81836276,-0.7316117,0.59533485,0.89925363,1.7254541],
[-0.57421875,-0.41516557,-1.76651026,-0.12848312,-0.90830197,-1.47389543,0.30478434,0.39089632,-0.83002557,1.10566141,1.84342906,0.14689576,0.60247982,-0.93004836,0.36412894,0.75882738,1.11957914,0.4165307,-0.27832333,-0.16052265,-1.42999982,0.33904669,-1.51501279,-0.46294857,-0.9622147,-0.64060618,0.21485258,-0.0530213,-0.98627457],
[2.27424759,0.65194083,0.05635918,-2.64699508,0.28914101,0.03767654,1.09942748,-0.711071,1.24331881,-0.70601275,-1.52211311,-0.74583547,-0.75399589,-0.4491538,0.59753251,-1.77087887,-0.33673487,-1.68849753,2.55763011,-0.50091462,-1.01224934,0.56238355,0.38407532,-0.59626086,-0.88248481,-1.29193569,1.68568417,0.88885289,1.41493526],
[1.00844062,0.15838175,-1.2485916,0.88127688,0.03303233,1.30739489,0.87552751,-0.46923846,-0.57859405,0.39114323,-1.26030492,-0.38843226,-0.67973979,0.69502441,-1.64185674,0.44983408,1.68154788,0.13538122,-1.09384541,0.01460506,-0.28648409,-0.68709304,-1.48469654,0.3029827,0.0174815,0.54572238,-1.73647237,-1.27009497,0.73636853],
[-1.02605897,-1.01540558,1.19446273,0.03463055,-1.45145004,-0.52576669,0.88922887,0.4622234,0.63982377,-0.53765715,-0.14591455,1.13323653,-0.53498931,-0.72702405,1.0221367,0.63217076,-0.23153126,-0.59149021,1.5780094,-0.41041789,0.33685899,0.10766138,0.90027241,0.11511357,-0.53704521,0.40726422,-0.23166822,1.00266069,-1.59031023],
[-0.06093414,-1.18780429,-1.07788156,-1.14184874,-0.76077039,0.03873635,-0.36298689,0.42845877,0.36429526,0.21533289,0.03015547,0.36407464,0.5086281,1.80010162,-0.09526465,0.50112729,-1.22968609,0.59861308,0.37782581,1.28956287,0.66758539,1.8317911,2.23734019,1.99259423,0.31155271,1.40679714,2.08361426,-0.22529869,0.67871408],
[0.93166184,-0.92490104,1.49701645,0.41117938,0.87906941,0.42305309,1.09227165,1.75514854,-0.07353693,-0.40195851,0.514995,-0.37274667,1.30030006,-0.2452041,-0.67989384,-0.31382332,1.18798749,1.55179489,-0.81554697,0.56927778,0.37499327,0.12121925,0.06794235,-0.8387525,0.41558666,0.48476029,-1.50880402,-0.8531062,1.39910512],
[-0.25705134,-0.50601884,-1.20893917,-0.06921863,0.22123038,-0.40788236,1.98537194,0.09858941,1.4608302,0.41354112,0.36233141,0.66968914,-0.46898415,-0.73751448,-1.06954399,0.41677518,1.09252012,1.11313533,1.01760787,1.20545885,1.35437753,1.05482141,0.31961934,-0.00407365,0.89324911,-0.93094737,0.66516283,-2.10174231,-0.53987153],
[-1.85763289,-0.30594071,-2.72377839,-0.01999002,0.56698842,1.38358106,0.60836752,1.53977577,-0.80167369,-1.91989327,0.56255751,-1.96715505,-0.42082339,-0.89259636,-0.22567651,-0.52055992,0.20682243,-0.68859494,-0.43835288,0.88565555,-1.4730648,1.43706471,-0.1924613,-0.84496385,-1.82056008,-0.10073576,0.4366119,-0.33142822,0.88864989],
[0.15251487,0.30875991,-2.38574507,-0.30725823,-1.24956974,0.65623716,0.40678382,-0.37979121,-0.67068815,0.44812607,-0.63052819,-0.39645105,0.24137021,-1.23894064,1.59791714,1.00230747,-0.58908265,0.99046688,-0.65761429,2.13604697,1.59612162,-1.40067242,-0.72070019,0.55255831,-1.53144375,-2.32598763,-0.8099355,0.55130034,0.49000634],
[2.21810941,-1.36273324,1.08704419,-0.00288413,-0.22156113,-0.47631839,0.67274606,1.05276517,-0.98079689,0.67537302,-1.56189792,-0.35619793,-0.47583417,-1.27897869,-0.57521279,-0.25504057,-1.43721136,0.97126763,0.07431859,-0.50968978,0.85196782,-0.45393017,1.12730045,0.08887469,0.5511533,-0.47875653,-0.18766249,0.97210597,1.30655902],
[-0.36086468,1.48667759,-0.83752639,0.20672039,-0.19407601,-0.36693305,-1.73700783,0.09473567,2.19578111,-0.55581954,-1.17666987,1.53505295,0.41951546,0.96575835,-0.19013221,-0.50705382,-0.15797324,-1.46771446,-0.21504105,-0.25083927,0.25444599,0.23181004,-0.44278301,0.24670274,0.35008626,0.66861292,0.42517778,-0.3245021,-0.09293862],
[1.31412628,0.51741556,-1.89097715,-0.08812894,1.64651184,1.13826021,0.07431352,2.02527806,0.004954,-0.08728868,0.18984758,-0.28956717,0.63796349,0.72967165,0.46042363,-0.21102384,0.68541621,-1.24684196,2.72830712,-0.12492719,1.59537528,-0.52041465,-0.29945706,-0.59943507,-0.26436658,0.50543921,-1.46006033,-2.41904509,-1.19571481],
[1.15447645,-0.06612488,0.40059907,0.95734801,-1.58583742,1.57960187,0.96539096,2.41230345,-0.74013245,0.8887799,2.3077229,-1.99942392,-0.06225805,2.26355914,2.18982844,-0.26169475,1.73422258,1.86809233,0.10793113,0.56761099,0.13523392,-0.10281125,-0.06893848,1.19710958,-0.05051215,1.27795167,0.39922025,0.48315832,-0.05241207],
[-0.38190469,1.66198098,0.4258449,-3.07267062,0.65905127,1.22531848,-0.19130391,1.38086969,2.21092082,-0.06294288,-2.02498347,1.54153501,0.20939315,-1.93275557,0.7989989,-2.85281475,-1.0647722,2.00442675,1.75249555,0.4570314,0.00720152,0.74646252,0.05968966,0.62534415,-0.64766154,0.60179188,-1.15494772,0.73392715,0.47484146],
[-0.32515319,1.13777472,1.98103501,-1.27504084,1.44592465,-0.9377709,-1.36261504,-0.75491765,-0.32174323,-1.50913878,0.1382505,1.48234135,0.61422731,0.85978969,0.38821487,-0.81641581,0.96119907,-0.7432608,0.06878094,-1.25709356,-0.97698632,1.36004677,-0.46085941,0.41366877,-1.67330952,-1.37253686,-0.68796931,0.39110038,-0.63704421],
[0.21998093,-0.43593473,-0.78373343,2.44176005,1.00781485,-0.03885227,-0.14063855,1.59871196,1.35062028,1.07271127,0.02161655,-0.78922512,-0.49984951,0.86133202,-1.36660981,0.23313342,-0.474989,1.11085991,1.2253695,-0.39969619,0.09172827,1.71185428,-0.68935667,0.40140761,0.61830221,-0.5382033,0.16583229,1.44271643,0.68700504],
[-0.94626588,1.13770337,0.27521987,0.41264536,0.23310552,-0.49925711,0.55865867,1.06755875,0.4985469,1.01063933,-1.01950267,-0.69708534,1.68095239,0.11140221,-0.73492147,-1.29534556,-0.7031138,1.99742933,2.00026571,2.0104137,1.11098287,0.31177984,-0.03677364,0.46462292,-2.33903042,1.18400217,-1.12358149,1.16630702,1.56821874],
[-0.62072163,0.84093007,-0.86359131,0.83682248,0.94211858,0.10849308,1.40212407,0.13583486,1.18703933,1.02097997,-0.10461341,0.22243381,-0.27312369,-1.372934,0.03277558,-1.5038757,2.03330224,1.14186733,-0.46468806,-0.03603533,-0.45504972,0.7398997,0.69209404,-1.18980928,0.62481646,-0.12729737,0.2625808,1.7646195,-1.39126187],
[2.31122281e+00,2.26734815e-01,1.50978566e+00,7.54418807e-01,1.59780976e+00,-1.81556976e-01,-7.57896682e-01,-3.88687319e-01,-1.30947103e-02,-6.73884621e-01,8.65502382e-03,9.67054136e-04,1.48944257e-01,6.32038354e-01,1.95471849e+00,5.98490468e-01,1.62909260e+00,4.09015455e-01,6.22740789e-01,1.00884852e+00,-6.67932620e-01,-4.45646065e-01,-4.01491934e-01,-2.06902944e-01,3.70663255e-01,1.89368318e-01,-1.45725430e+00,-1.90461737e+00,-4.02076027e-01],
[0.70615417,0.52097127,-0.96037613,1.67844638,0.0847411,-1.62803951,-2.53810129,-0.69001107,-0.40888169,-0.74897094,0.82581765,-1.01264802,1.2106315,-1.08675145,0.46529851,0.85262257,0.53154889,-2.35832354,-0.73714408,1.24262179,0.26966872,0.92838802,0.89112779,0.14371907,-0.17713103,0.22541703,-0.49245908,1.50165491,1.00366091],
[0.04429258,-0.36966165,-0.36129622,-2.65568138,-0.68455054,0.45015075,-1.41488375,-0.84531069,0.16979025,-0.09020331,0.49945665,-0.67949437,0.02966716,-0.88209456,-0.24157877,1.25457539,0.52163006,-0.52341069,0.46241055,1.34517906,-0.43316412,-0.48685435,-1.47926228,0.53271154,-0.36702452,-0.56905733,0.29877931,-1.00055737,-0.50782359]]
[-0.80087351,0.8549999,-1.39411038,2.11925177,-1.35681351,4.47093049,1.28989372,3.08847474,-0.15028675,-3.38445827,1.0107447,-0.48122161,4.09361691,0.41123268,-1.06593762,3.59944132,0.9509751,-0.44452919,1.05456735,4.44591333,3.34682114,0.97757142,1.13988896,-0.94153935,-1.88032991,-2.07184984,-9.1104396,-2.51727098,0.1787532,-5.07735363,0.05492242,-4.57969937,-1.12552513,-0.61781328,0.48835378,0.13229162,2.83340494,0.24634032,0.48654796,-2.3368562,-1.52580714,1.99297789,1.11275904,-12.99455358,3.30024133,4.01159365,-0.7231553,3.33591694,0.74534034,0.21631304,0.64636661,2.99022125,-3.87753019,-0.51111467,2.7650454,-0.62017341,3.58477367,3.78876269,-0.67419809,-3.14636857,-12.05009288,1.6969806,2.90175943,1.74019273,-1.91488874,-0.03688127,3.15162263,0.39178429,-0.45725829,0.27731275,-3.32405056,-0.4309255,-5.28819883,-3.69124127,1.21497279,4.81858216,-2.23303578,-1.97462605,-0.17679184,-0.70112966,1.24915517,1.40445591,1.66808838,2.47244796,-2.09610747,-5.19444,1.9931525,1.94000449,-0.59640251,0.17704924,-1.57130635,-9.03777004,-12.82470227,-4.22473517,-0.23711891,-1.93109535,-16.06396496,2.61696183,0.6093726,1.29532452,-9.98199351,-16.33592193,-11.62045764,1.23082691,-1.68285665,1.93089003,-0.21611597,-3.40143925,1.86973488,3.33113358,-0.9404333,-2.40329534,-1.35324783,3.78616249,1.15345377,3.15749464,2.72219439,-1.88766992,-0.18000296,-3.57004378,1.73143686,0.87597057,-0.43380165,-2.74029936,4.12903456,1.89773758,2.36597545,-0.40331935,-1.949488,-4.69409362,0.73890064,2.5098501,-3.04754469,-3.82465526,3.2063605,-1.1804496,-2.50231215,-3.46118749,0.67373008,0.37702126,4.28743727,2.0891697,1.50600845,3.58872849,2.94206437,0.7840157,1.45816225,5.96537088,-0.46174857,-3.31014472]