[[-0.8249558,0.25712212,-2.10060347,0.69893247,-0.01725386,1.10655013,0.77841566,-0.82303458,-0.84782367,-0.02836828,0.58957842,1.18598029,1.93788145,0.30534951,-0.96994962,0.66099019,0.26602228,-0.13565385,-1.7627174,1.14274309,0.90269048,-1.55548568,1.0507018,-1.46517363,-0.0465035,-0.21410208,0.13802572,-1.41220264,-1.68069759],
[-0.41374768,-0.75828045,1.06389448,-1.30239961,0.88560549,-0.40717333,-1.04709366,-0.25822105,1.67710569,0.26917517,-0.81234493,-0.3148903,-0.04426787,-0.97436473,1.4384947,-0.21795256,0.28320305,0.59617942,0.01531482,0.05516017,0.51134403,-1.02108743,1.80176945,0.59372306,-1.20800356,0.91464496,-1.43079132,-0.33533427,-1.79267243],
[0.82987748,0.98380388,-1.61901887,-0.02277255,0.54508674,1.16540417,-0.88648056,-2.24499484,1.15499285,0.24941535,0.89633814,0.82569626,-0.19436634,1.60798455,1.55416477,0.46537238,0.44120998,-1.07202827,0.05882925,2.02157197,0.3548349,-0.04245098,0.9798274,-0.97231439,-0.40804984,-0.87063199,-1.53572436,-0.42100902,1.14290956],
[-8.97039830e+00,8.83740811e+00,-1.05769128e+01,9.49848851e+00,1.15504395e+01,-2.56659603e-01,-1.84581439e-01,2.50073980e-01,5.67518004e-01,9.54900641e-01,-5.99362126e-01,1.11345502e+00,-2.03678580e+00,1.19519735e+00,-5.10437633e-02,-1.60932066e-03,8.52945435e-02,-7.52223865e-01,2.95558933e-01,-1.44319268e+00,-6.31529399e-01,1.41142643e+00,-4.65068153e-01,-9.16974718e-01,-5.47672918e-01,-1.34085000e-01,1.69612626e+00,5.95279522e-01,-7.16121042e-01],
[-1.44848105e-01,7.60908619e-05,1.26079859e-01,1.88258007e+00,-6.92738630e-01,-4.00080732e-01,7.53795404e-01,-9.12279186e-01,-4.79339237e-01,-4.00445720e-01,5.83395769e-02,-6.54804541e-01,-1.40725878e+00,-2.54902321e-01,1.26487309e+00,-4.00882593e-01,-6.85622186e-01,-5.64189076e-01,-7.53806618e-01,-7.64617667e-01,-7.46938004e-01,-8.29258670e-01,-2.06136158e+00,7.96813071e-01,-2.95505404e+00,-7.93329841e-01,1.20770592e+00,1.37763193e+00,3.68489830e-02],
[9.97774948,6.77935509,10.85070576,-9.95044598,9.71836695,0.13627079,0.50558249,0.69898049,1.2085062,-1.84379325,0.8172861,0.79377962,0.99925852,-1.97732982,1.23760561,-1.65260137,0.43580487,-0.79470636,0.16356303,1.78525223,-0.95433646,0.12090015,-0.27713644,0.3114955,1.52077386,0.48506064,0.5753151,1.25724741,-0.70837327],
[1.05299721,-2.40317261,-0.33097533,-0.58678832,-1.31232682,-0.60393649,0.67728737,0.16731847,0.95075204,0.06670292,-1.61118277,0.83526605,1.68843554,0.39092505,1.31490172,-1.1805811,0.63382925,-0.48954717,1.42210166,0.05477259,-0.8070747,-2.35638447,0.51572997,-0.6541841,0.5270587,-1.00005427,-0.92294329,-0.91941182,-0.46860504],
[0.53406698,0.69007486,0.02037296,0.37980703,0.01254777,-0.83883434,0.54286292,-0.51208758,0.19446731,-0.50245027,0.78958261,0.16520026,-1.05790257,1.988059,0.23956109,-0.78977604,0.30312753,-1.24370736,0.63497592,-0.40556072,-0.37171638,-1.09811036,0.13186058,-0.21677252,1.04785476,-0.14424159,0.13013482,-0.90380483,-1.0917271],
[-0.39723069,0.18160807,1.08070687,-0.2787955,-0.0548549,2.04059777,0.01673404,0.35924153,-0.35502988,0.39331983,0.24217287,-0.18694918,-1.04012324,-0.54778115,-0.05620632,0.62518366,-0.39265763,-0.09268204,1.8789545,-0.43215211,-1.36215511,-0.95160475,-0.2322044,-1.00788977,1.447359,-2.15291821,1.01364331,-0.60917329,0.39629061],
[-0.30413818,-1.04173606,0.28011175,-1.86915457,-1.04090341,1.26763122,-0.97915376,0.67043951,0.15943001,-0.21201374,-0.32185207,-0.44969865,0.33670738,-1.6044862,-0.27155775,0.13469002,0.7815368,-0.98149423,0.62492549,0.24230944,1.18119478,-0.50747489,0.71995324,-0.39885599,0.67970405,0.74254069,1.80003222,0.86049434,-0.5353319],
[1.459769,0.17940492,-0.96193805,-0.69549247,-1.10439389,-0.71633143,-0.72365423,-1.05531193,0.56075579,-0.03459107,-2.026263,1.75269379,-0.80551092,-0.37317324,-1.15349393,1.83971424,-0.8606366,0.83674205,-0.65924873,-1.55527609,-1.41433309,-0.45761554,0.3742251,0.43138084,-0.41339474,0.29051684,0.89789235,-0.33983279,-0.38635801],
[0.67595838,-0.0776349,-0.33705741,0.59198056,3.23567406,-0.0580774,-0.67343408,-0.84491457,-1.17422699,0.82525704,1.2239553,-0.04856948,-0.96761445,0.01415685,-0.86866007,0.8766195,-0.56926603,1.26874368,-0.49052817,0.34213528,-1.07222101,0.04955993,-0.7929251,-1.90533282,-1.07435461,-0.08197327,-1.6154178,0.6909944,-1.23368355],
[2.04847791,-0.48116214,1.86686991,-0.62223705,-0.52201481,-0.56491548,1.22507648,1.0571129,-0.08862212,-1.75978256,0.22125765,-1.51953611,-1.36813034,-0.26153799,-1.67059444,-1.22716205,1.05659205,-0.51335352,0.19909817,0.46544505,-1.22695586,-0.98669569,-0.08395945,-1.16177052,-0.38333493,0.25798331,1.2439756,0.06411563,1.08252292],
[0.22588642,-0.83922389,-2.20164797,-0.65677499,0.83547644,0.15199681,-0.57955356,1.34887585,0.56960888,-0.73270149,-0.20313262,1.16981943,-0.89987205,0.65543133,-0.80735902,0.44134026,0.80732281,-1.61968291,0.05529619,-0.28871211,-1.92297954,0.04708411,0.8119849,0.13069977,-0.44142461,0.43995094,2.3952617,1.64674125,-1.33503258],
[8.83282373e-01,6.74798599e-01,-8.92891897e-01,9.76212426e-01,-1.08776630e-02,-9.20338416e-02,-2.68107217e-01,-3.03410183e-01,-1.66924602e+00,1.07199100e+00,4.77884822e-01,-1.76384263e-01,-8.19875341e-01,-1.13039918e-02,1.10684400e-03,2.44798171e-01,7.39573926e-01,1.35319189e+00,4.47915934e-01,5.56731731e-02,9.63790649e-01,-3.05731651e-01,-1.14547654e+00,-1.17270231e+00,1.38455030e+00,7.83016378e-01,-2.25755924e+00,4.79378392e-01,3.55284431e-02],
[-8.60906682,-10.40222139,-7.41535233,10.62180961,9.26217357,0.52725587,-0.96480938,1.24201473,0.97236897,-2.33133565,-0.13186349,-0.47815899,0.37515263,1.08553921,1.12718289,-0.62847933,-1.70304479,-0.1959679,0.40721366,0.53053746,-0.28438513,1.39767781,-1.39688262,-0.87455156,1.51320011,-0.92018719,-0.3876235,0.94051774,0.71501721],
[2.07698588,0.28427059,0.54751476,0.07540917,0.64087289,0.82317902,0.88824476,-0.37837872,0.36288045,1.29352547,0.02275218,-3.02307382,1.5853573,-0.48279953,1.92909668,0.79473473,-1.66747269,0.15991815,-0.9743643,-0.53587055,0.26846902,0.82550595,1.09866243,-0.39320638,1.03377436,-0.39566388,-0.40192662,-0.95356073,0.66238106],
[-1.90848204,0.7077638,-0.15271426,0.08373628,1.06462919,-1.15120043,0.96324921,-0.06566278,-1.17748284,0.82435795,-0.11407102,0.60675598,0.25769026,-0.04566938,0.39714065,0.22176791,0.72725544,0.91956815,0.63240979,-0.71751118,1.39120279,0.80243531,-0.2346622,0.52606172,-1.33645611,0.99230175,-0.13386103,0.18260069,0.17326772],
[9.27439891,12.30399618,11.14805785,-10.10024542,-9.69441018,0.37763995,-0.54577782,-2.61473943,-0.74098804,0.14247008,-1.17558173,-1.5125145,-0.75820725,-0.54300201,-0.72417742,-0.22939409,-0.69285275,0.96792192,-1.05697683,1.73269598,-0.68301724,-0.03650612,-1.12438973,0.69725272,-1.00012633,0.04880132,-0.71532176,0.32472028,1.03797949],
[0.10869705,-2.5426236,1.09972732,-0.01081424,-0.62337246,-0.77227921,0.3651185,1.90808025,0.06724548,2.10079431,2.13422661,-1.72869328,-0.50804513,-1.42059458,-0.08843039,-0.08479748,-0.49134593,2.2065953,1.26626445,-0.94076593,-0.69270861,0.54565113,-1.09320245,-0.10024176,2.18997298,-0.04697157,0.41504025,2.13119877,0.6526594],
[0.45293309,-1.50925125,0.68832993,1.06072779,-0.9481333,-0.90490236,3.21099924,0.61567361,-0.41137851,1.00738537,1.28998069,-0.19325348,0.93332424,0.07568399,-0.52756123,-0.2606612,0.61624497,-2.03597804,-0.33397012,0.91532937,0.84093853,-0.90413679,0.7105009,1.48713698,0.35990925,-0.8201286,-0.73519058,0.05574449,-0.52675552],
[0.56967294,-0.90566822,0.06336774,0.45114986,1.75660868,-1.37030249,-1.36316909,0.82450701,0.68952894,-1.5728842,0.85834385,-0.6242547,1.67992452,0.35635403,-0.04520132,2.6873121,-0.90855227,0.46512415,1.69830258,-1.94017514,0.86524478,-2.10164249,-0.23032675,-0.65987416,-0.12381343,0.61910798,-0.49924154,0.60482139,0.00280403],
[0.96162603,0.61007341,-1.1812027,0.39098624,0.9139367,0.38734104,0.46027534,1.19489876,1.42571562,-0.46142703,-0.77856483,0.29988163,-1.33962865,0.45835614,0.05325357,0.2859769,0.67506863,0.55626743,0.85882055,-0.94357703,1.85361993,0.53417267,0.89340881,-1.5968721,-2.91366391,1.18202914,-0.41799877,-0.57754072,-0.14620934],
[-1.07122879,-0.46418535,1.79134711,0.19694415,-0.01211687,-1.7858122,-0.6749977,-1.23601387,-1.25592661,0.61194375,-0.4584823,-1.94694467,0.53887863,0.63610606,0.00526649,0.12855084,0.58280819,-1.05089697,-0.00249392,0.33737328,-0.23702075,-0.8885016,0.71973562,-0.19775412,1.62259927,1.51893964,0.45779801,0.17948577,0.29640843],
[-0.19900941,-3.40154592,0.46868245,-0.76600531,-0.60757128,1.52257144,-0.95670573,0.18683711,1.2389513,-0.21090196,0.8716696,0.75519543,-0.04709967,1.11715249,-0.57369973,-0.07684132,-0.24244943,0.58887272,0.74113732,-1.85695112,-0.17091074,0.38033413,-1.08261773,0.79345203,0.85137898,-0.06771234,-0.40661776,0.67985734,0.0057423],
[0.98025426,-0.09415801,0.07255735,2.07320648,-0.90022452,0.44285628,-0.79538683,0.54356873,-0.0516916,-1.08121652,0.59120223,-0.27765142,0.63285997,1.15397413,1.6669497,0.71469018,0.91381093,-0.1277645,0.15495785,-0.37096515,0.77665424,-0.94218839,0.18427113,0.22663275,0.45893197,0.03250234,0.43273471,1.32519271,0.10088832],
[-0.52293829,1.76742355,0.80104849,-0.17686957,0.33482393,-1.5468982,0.08454474,0.2085764,0.39282472,-0.76248091,0.06214035,-1.00620704,-0.78348676,-0.87037649,-1.10500464,-1.94214633,0.25592834,0.48620835,-1.05667743,0.91768342,-1.34244582,-0.22582583,-0.17044117,1.3887284,-0.53837737,-0.87602183,0.19634325,0.62168389,-0.37439814],
[-0.74001355,-1.74941394,0.32410085,1.0539212,0.33206918,-0.33967598,-1.41411629,0.28480747,-1.20396619,-0.38529022,1.28440867,-0.25911527,0.02392678,-0.47943267,-0.89141797,0.0583502,0.67303368,-0.61887967,-0.20196137,-1.26422444,-2.20597269,-0.23165456,-0.09917349,1.28582613,0.17641438,0.04421053,-0.86701518,1.39322344,-0.54495882],
[-0.00922036,0.63134445,1.1197281,0.95638916,0.64821155,-0.93421222,-1.75080824,-0.38630175,-0.35070964,-0.89684339,-0.28838657,-0.0152546,0.61966145,0.66772623,1.1268386,0.92765341,1.10495132,-1.89601939,-0.08578519,-1.91429184,-1.5992285,-0.11139227,0.25355279,0.44236992,-0.81754036,-0.65225572,-1.6303587,-0.29990631,1.14940949],
[-0.70101148,-0.36476261,0.60563085,0.3726664,1.28884022,0.24567509,2.28928554,-0.11580368,-0.12145235,0.21760807,-0.41171204,-0.43324452,-0.43613706,-0.33164574,1.19551585,-0.3045092,1.5622593,-1.47599011,0.79186815,0.71470537,2.54639783,-0.06486931,-0.32900282,-1.00116091,1.30506832,0.58092066,0.39712864,-0.71567817,1.24792754],
[0.36871905,1.27655639,0.53990002,0.58934288,-1.44064616,0.84843827,1.84987576,0.30151531,0.71650469,-0.39999857,1.24636855,-0.40105224,0.79394487,0.97985665,-0.04487537,-0.39791177,-0.1842359,0.69528653,0.57781138,-0.65317577,1.18259825,-0.34225002,-0.50747294,0.60769184,1.30298255,1.19362063,1.17756477,0.17699164,-0.94221573],
[-0.36703073,1.79426473,-1.43014901,-0.30653076,1.36268986,-0.72095402,0.06476316,-0.47183999,1.90071438,2.45059555,-1.56294951,1.19806424,0.56932464,-0.12897717,0.11202291,1.60336631,-0.28965172,0.64637091,1.29062278,-0.40208903,-0.89777143,-0.02294855,-0.06437599,-1.13531158,-2.40373772,0.60219025,-0.09656018,-0.01791722,0.61276652],
[0.85667033,1.50469938,-1.50728909,-0.30422665,0.36442944,-0.80172151,0.17153828,0.10788688,1.18053472,0.99060368,1.88509174,-0.46561978,0.51001236,0.57279532,-0.67919468,-0.42309352,2.5863685,0.07364346,-0.59838894,-0.6062666,1.47831707,0.77248856,-0.90765717,1.08577195,0.57573822,0.63122594,-0.53363785,-0.18272198,0.05626641],
[-0.46572155,0.18226708,-0.16120769,-0.56243472,0.64074994,-1.0035148,-1.38669673,-0.37364779,0.25755929,-0.15643818,-0.47220578,0.35013363,-0.55929273,0.78463817,0.9391094,1.67415845,0.6795342,1.25045509,1.54110834,-0.21864676,1.79314553,-1.85467577,-1.07075453,-0.49329952,-0.2795178,0.23884778,-0.3810648,0.39110088,-1.395591],
[-0.4625822,-0.59398159,-0.7501618,-1.05685399,1.63457572,-0.46871653,-1.36138072,-0.3908988,-0.06966636,0.85202888,-1.15345216,-0.24492299,-1.61180369,0.1383808,-0.07949281,2.56214272,0.89664751,-1.12663724,0.0309003,1.70857116,0.77470244,-0.50350077,1.2071111,0.01061004,-0.3306077,-1.00689548,-0.40653662,-0.05932221,1.37388031],
[-0.97752891,1.18585424,0.00238194,0.12038938,1.64495726,-0.14427613,-0.86322108,0.69714181,-0.04738919,-0.42536223,0.27202702,-0.50357441,-0.76480984,1.36618696,-0.43165844,-0.47029458,0.34509794,2.0614382,0.05851586,-1.52463992,-0.24723899,0.23485472,1.0743597,-1.49469689,0.22228185,-1.15080959,-1.69881258,0.81742471,0.48208225],
[0.04379955,0.49162404,1.38026012,-0.24956116,1.51392709,0.5895208,-0.62041922,-1.01787141,0.12666441,-0.53460894,-1.72961462,0.42923497,0.71449067,0.37768053,0.71400298,-0.79291132,2.19997919,1.18109999,0.65582512,0.3411113,-2.0843462,-1.41263727,-0.14656136,1.17335028,0.22202702,-0.6422398,1.11898548,1.48142003,-0.45568905],
[-1.22931218,2.00921686,-2.00132516,0.49241348,-1.97786075,0.17294422,-0.17596862,0.73910482,-0.29839746,-1.3071561,0.28377478,-0.65101287,-0.01701122,0.17327454,-0.60927047,-0.69798331,0.14968262,0.63014687,-1.71926069,-1.7489904,0.59404494,-0.80304805,0.86814089,2.58304968,1.23669956,-1.35014776,-0.69466097,-2.79518308,-0.45850429],
[0.08646961,0.74041893,-0.75600783,-0.69299395,0.23970137,0.00930995,0.86885679,-0.70690168,0.81772322,-0.07111956,-0.53910284,1.65109828,-0.85307267,0.07973335,-0.50793927,0.51317498,1.16968404,-0.14591506,0.98878525,-0.23743722,1.96604853,-0.37031052,1.48881788,1.00529693,1.10372729,1.85759191,-1.22522505,1.55384839,-0.42153542],
[1.20969458,0.10992036,0.65567652,0.55828946,-2.07627891,-0.32993206,-1.0889959,-0.60536722,-0.86160798,-0.85589782,-0.6971085,1.39413738,-1.37523641,1.68205537,0.02457665,0.35764327,-0.45261798,0.96348335,-0.37976724,-0.42258298,-0.05618673,0.6244815,-0.38138741,0.89065109,-0.49150633,0.14248714,-1.04136986,-0.27474153,0.26649488],
[0.42219222,2.39174746,0.10326026,0.35063491,-0.82805436,-2.06173559,-0.74563787,-0.08014506,0.17545484,0.39447823,0.82713728,0.87801334,0.39054615,0.17459227,-0.88895389,1.09322737,-0.18200396,-0.13696443,-0.20232005,-0.20428988,0.13188368,-1.019753,-0.08152752,-0.16851953,-1.03743201,0.40650356,1.09994646,-0.207472,-1.17966385],
[1.06741307,-0.9993984,-2.05722893,0.79030207,0.05521799,-1.07583643,0.09336151,0.41531217,-0.07849846,0.4823195,0.30838913,-2.39274955,-3.61638966,0.53274106,0.46119821,0.70824925,-0.26370512,-1.24284616,-0.08135504,2.38401082,0.14114504,0.33817198,-0.4515973,-0.57053162,-1.54571081,0.82570956,-0.710577,0.14947414,1.44410627],
[6.12065165e-01,2.20802211e+00,-1.17551048e+00,1.15494906e+00,8.28196350e-01,-2.31002084e+00,-2.29526659e+00,-6.88075716e-01,8.96527432e-01,-6.11179251e-02,2.98086099e-01,8.56483825e-01,1.88881954e+00,8.88454776e-01,-4.76767665e-01,-4.86454798e-01,-1.82758672e+00,4.51636830e-01,5.36554054e-04,8.22263778e-01,8.18947330e-01,4.82543941e-01,-2.83563233e-01,3.71593217e-01,-1.48248411e+00,5.22917298e-01,-8.62570553e-01,7.41190176e-01,-5.63251960e-01],
[1.11600425,0.51730376,1.11612101,-0.57283599,0.20693018,0.9108764,-1.67952935,-0.14958494,-1.0884079,-0.00371184,0.90948515,-0.46078687,0.43692491,0.83570987,1.43793308,0.47574877,-2.24546775,-0.67731988,-1.27248752,-0.64080884,-0.96417223,0.27877087,0.87608853,-0.27261993,1.11925477,1.26091082,-0.39411827,0.08706819,2.23321957],
[11.05677433,9.16544178,13.29162197,-11.35077947,-8.87747589,0.22342933,1.09860414,-1.64865552,1.09312499,-0.34620305,-0.29819508,0.31334272,1.58818542,1.43050921,-0.86893839,-0.77670922,-0.90199896,-0.40234079,-0.32749338,-0.64740745,0.10533999,0.73122041,2.07188182,0.87819749,0.89017314,0.71702711,0.39485503,0.23497276,0.66398618],
[0.0976804,-0.55587368,-1.45364907,0.08604241,-0.20232527,-0.31067986,-0.05333117,-0.29399427,0.20681264,-0.19511094,-0.54007675,0.02530674,0.32434566,-0.97278692,-0.34465305,-0.71358444,-0.41813354,0.64962838,0.48794196,-0.12518193,1.99668709,-0.48829208,0.99701068,-0.14522968,-0.77743775,-0.65589834,-1.04237053,1.19542749,-0.21563893],
[0.5962819,1.27517882,0.37749338,-0.48921572,-0.16116824,-0.56982116,-0.4672047,-1.90214247,-0.18766702,0.85645455,0.52832594,-1.23287855,0.35128256,-1.02478763,1.14295149,-0.30896334,-0.10194157,-0.2173232,1.81244737,-1.18015172,-1.49286399,-0.92342398,-0.65018449,0.6417906,-1.69455385,0.34667001,-0.6346536,0.16879187,-0.94268427],
[-0.31291024,0.23376263,0.43931813,0.08829783,0.71186393,-0.48877078,-0.1324868,0.25130318,-0.42538217,0.23167685,3.27104807,0.0313747,-0.14273343,1.08542593,0.87261734,1.40724375,-0.15334532,1.63098084,-1.43697424,-0.70030079,-0.0719682,-0.28752703,0.56707237,-0.28813378,1.36090494,-0.51205102,-2.26196202,-0.53416994,-0.53663821],
[2.15789621,-0.89542987,0.89393951,-0.33984232,-1.82081877,1.30057769,0.72276721,-0.95877118,-0.42922077,-0.54990034,1.50245204,-0.85158756,0.73300657,-1.25390278,-0.47309432,1.34418922,-0.96633205,0.11930935,-0.69526192,0.00922236,0.81081096,0.39225951,0.02852615,-0.94395045,-0.55450628,0.75089589,-0.22424402,1.83991616,0.60836609],
[-1.12828651,-0.828583,-0.86534638,-2.08051951,0.74514001,-2.41125272,0.06585511,-0.3793233,1.37313611,-1.29321099,1.03882814,1.06484788,-0.27286995,0.47309488,0.14854242,-0.59541349,2.01069693,-1.79867823,1.03914522,0.49853939,0.05728496,1.03536532,-0.14044212,-1.23272259,-0.77634782,0.20078698,0.07354314,-0.53858732,-0.30731699],
[3.25214027e-01,-2.88861916e-01,-1.57532529e+00,4.12384464e-01,1.87966357e+00,-1.80816852e+00,-1.18356886e+00,1.79107806e-01,2.17078618e-01,3.08926662e-01,7.26594178e-02,1.21993693e+00,-1.07491985e+00,1.51066380e-01,-3.64090240e-04,-3.69070598e-01,4.57842982e-01,6.96529635e-01,7.70401453e-01,1.87506401e-01,1.61000026e-01,5.19613605e-01,6.00167844e-01,1.72362216e+00,-2.73090966e-01,3.49061176e-01,-4.23495608e-01,1.72637716e-01,7.41645338e-01],
[8.53676212e-01,1.67165419e-01,-4.17720240e-01,5.47725880e-01,-9.73271936e-01,4.22115261e-01,-1.74620704e+00,-1.04666874e-01,9.18241139e-01,7.20977694e-01,-1.63373423e-01,-8.84280263e-02,2.72416860e-01,-5.62615825e-01,-6.93122015e-01,5.80267315e-02,6.77429314e-02,5.74832003e-01,9.58734500e-01,1.65455773e+00,3.58938890e-04,3.11743595e-01,-1.38757127e+00,-6.20108131e-02,1.03909476e-01,-7.31597795e-01,-2.50237595e+00,2.62059946e+00,-4.89576638e-01],
[0.89054624,0.07571778,0.4115468,-0.64805341,0.02352996,-1.01121232,1.34879496,-1.2969973,0.685158,1.16455316,1.59649251,0.58652955,-0.62522783,0.75195478,1.04491308,-0.07093841,0.10345459,-0.31975687,0.23649338,-0.71595613,0.6907762,-0.60107173,-0.49510133,-1.31501663,0.26930861,-0.54344684,0.93454552,-2.43985788,2.44958777],
[-0.36455243,0.57875426,-0.30085402,0.53415852,-2.6768385,2.09772737,0.66106038,-1.57637589,0.43014364,-0.71835939,-1.02028289,1.10385098,-1.09697878,-0.207315,0.48081106,1.2597624,-0.33479801,0.30625183,0.34051398,1.35859111,-1.30174664,0.51278451,-0.11367558,-0.24723672,0.98492794,0.17787865,-0.78792835,1.39873769,1.86382674],
[-0.16807353,-1.17214618,-1.24768092,2.06305322,-0.96848625,-0.46203006,-0.80420692,-0.52469119,0.69983685,0.16306469,0.18941425,0.0688704,0.12067321,-0.54883444,-0.08825744,1.02494229,-0.53799697,0.76686267,-0.04091738,-1.84601827,1.50159913,1.54500147,0.14840503,-0.26838415,-2.00750428,-1.21569145,-0.96743576,0.09463006,1.55972842],
[-1.1487767,0.57866489,-0.30748786,0.85727803,0.08428568,0.76905808,1.593733,1.53243647,-1.06654684,1.05626515,-1.35515138,1.61479369,-0.04078437,-0.494962,-1.30177678,-0.34843075,-0.83791347,0.60551943,0.39243708,-0.80534961,1.45284135,0.46172877,0.31817763,0.55172162,-0.16493331,-0.823917,-0.38594958,0.1229754,1.58929742],
[0.31259008,0.87074878,1.02798871,1.35725291,1.89396708,-0.79833665,1.08539119,0.21552275,-0.99083664,-0.30256282,-0.6393645,-0.55133732,-0.63226943,-0.24084418,0.31678087,0.0173613,-0.15750232,1.01020527,0.61513769,-2.28929676,1.03836533,-0.35630417,0.1627341,0.70284387,0.18808739,-0.97067847,-0.44743066,0.35895648,-1.71764418],
[-0.18277515,-0.63065233,0.27768892,0.70221416,-0.59700364,-1.37040692,-0.07827272,2.06294446,-0.46084771,-0.12202541,0.56969574,1.47168195,1.11045241,-1.6887156,-0.42866679,-0.91064139,-0.44099509,-1.28398169,-0.4783582,-1.73504215,-2.79105474,-0.71258258,-0.33862571,-1.7676608,-0.67835741,0.4778418,-0.10206517,0.03617235,0.07853651],
[-0.68762432,-0.55652526,-0.59979348,-0.45835572,1.37017138,0.03709966,-1.00529852,-0.04629374,-2.90004921,-0.53239689,-0.06778349,0.82644366,1.0527779,-0.90750235,-1.09051326,0.16338007,1.10720926,0.66543435,1.60699868,-0.46169909,-0.24129949,-1.18097486,1.31942703,-0.93461863,0.82968424,0.15502576,-0.72895025,2.02824701,-0.17799043],
[0.62764943,-0.4487103,-0.29197617,1.5691836,-0.09668415,0.79705063,1.12492914,0.21684857,0.70703447,0.19930616,-0.73416403,1.51941945,-0.9721304,-1.20198263,0.58562764,1.28172342,0.91868806,-0.00317241,0.1175259,0.03089819,-1.29273572,1.19711719,0.39901677,1.55777852,0.13911845,0.28164011,-0.07230517,-1.19836523,1.18138149],
[-0.15969569,-0.58625484,0.15161751,0.82681142,1.0829992,-0.99013712,-1.37418672,0.73640282,-0.77962074,0.16387053,-0.61927339,0.44376719,-1.05036092,-0.38910248,1.79635792,1.34415166,-0.08032112,-0.49344944,0.3976178,3.50390497,0.39160108,-0.44023031,0.31982993,-0.68753936,0.18831797,-0.37399522,0.20965075,-0.11937858,0.24409315],
[0.63778994,-0.37281217,0.47892496,0.19271752,0.59173059,0.20518816,-1.81867817,0.14124299,-0.02014933,-0.49316364,-0.27583594,0.2545909,-0.98520918,0.98170039,0.84540312,-0.29743027,-0.73339477,-1.41187361,-2.12557468,-0.05516943,0.62805319,0.18762321,-0.33765776,-0.14212545,-0.09307543,-0.04928543,1.28831875,1.03293131,0.4228116],
[0.53149122,-0.37072648,-1.07627031,-0.81960643,-1.70524344,-1.19051252,-0.22000254,1.23400742,0.80913352,2.0210327,0.66485962,0.35184964,-0.82320837,-0.28893498,1.25204926,0.47238167,-0.99154533,-0.11909393,-1.1993995,0.00721939,-1.38460809,0.95101977,-1.67341154,-0.40368934,1.00710709,0.02541666,-1.60568356,-1.03680601,1.49357764],
[0.29288875,1.15441753,-1.14588008,-0.63418027,1.40950408,0.74675779,-1.20388655,1.10640987,-1.05641165,1.42125976,-0.06223087,-1.08351327,0.41186442,-0.3747285,-0.00381115,-0.38431773,-1.52260125,-0.11793566,0.72900163,-0.50181575,1.63493319,-1.46724847,2.16473651,-2.12141652,0.78175032,-1.20055248,0.5739559,-0.52687285,-1.68605141],
[-0.65963669,0.8088386,0.73920146,1.72757776,1.78136198,-0.34018605,-0.29610216,0.26642664,0.59688609,-0.41106566,0.09780885,0.67075036,-0.09792957,0.74735474,0.42505721,0.60770784,1.18332048,0.2930322,-0.41748109,-1.13705297,0.47253366,-0.52962006,0.95567055,-0.02744674,0.36990357,0.49425535,-0.84893826,0.91604047,-0.03894922],
[-1.34404844,1.00376134,-0.01679096,0.21368463,-0.25209832,-0.7674034,-0.17130435,0.90379133,-0.22092669,-1.73842418,0.54116329,-0.10563209,-0.18585561,-0.20397461,-1.06418519,0.00395432,1.59496809,0.78503898,-0.99152629,-0.1520516,-0.16117134,1.29916642,0.5611515,-0.75025378,-0.56029899,-0.08521645,-0.26374454,-0.02637434,0.94957855],
[-0.23431563,-0.5930767,1.28846087,-0.46866203,0.83576243,0.47189561,2.22449652,-0.19697686,-2.28507017,0.53814804,-0.04597396,1.04721586,-1.02406461,0.45887513,-0.5426201,-0.26515896,0.23721092,-0.56548873,-0.87297834,0.60789825,-0.91227486,-0.3198426,2.3918377,-0.12911692,0.25311223,1.91722154,-0.70529052,-0.43713179,-2.01577992],
[-1.10122522,-0.8786138,0.03093346,-1.38849562,-0.63959891,0.17301964,0.9355021,1.75306442,-2.04073002,-0.83755875,0.76785207,0.34360911,-0.6749927,1.01038805,-0.19662265,0.82130205,-0.39603342,-0.68866403,-0.49398756,0.90448786,0.54170275,-0.32959686,0.01570474,-0.1893682,-1.40062783,-0.1073583,1.17057997,-0.39303416,0.11075973],
[0.51076039,-1.1366995,0.60369158,0.26618319,-0.6832222,-0.46014698,2.09671216,-2.13382549,1.79001026,-0.96711699,-1.07576431,-1.54722325,0.59232931,0.90064175,0.62352613,0.55415812,-1.07589591,2.04491941,-2.14679481,0.41905325,-2.03841325,-0.6128033,1.15868218,1.95826693,-2.2048953,0.41896988,-1.06515858,1.05787699,-0.29156104],
[-0.66315364,-0.95370248,1.39980361,0.7613906,-0.18008791,0.9463439,-0.11239593,0.25710319,-1.30875348,0.52095405,-1.62855006,2.46135349,1.20045253,2.02557251,0.59980115,-0.10628212,1.42458636,-0.06361306,1.19271692,-0.10817968,-0.41745118,-0.8613825,1.62180667,-0.14439008,-0.08872703,1.18041571,-0.11329527,-0.88601367,-1.04709235],
[-1.50311275,-0.59942841,0.50327424,-0.27003362,-0.44888659,0.20176608,-0.53769962,-0.99993116,3.28846834,-1.86978224,-0.83276408,-2.49729441,-0.03357803,-1.88183629,-0.26234937,-1.90002768,2.11170193,-1.21039357,1.43079364,-1.16588428,-0.46264024,0.00937507,0.37412901,-0.94599952,1.65026077,-0.19351167,0.33374979,0.33615884,0.05987698],
[0.74586283,0.07151461,-1.1460706,-0.13643712,-1.52741738,0.5006141,1.17857253,-0.55251523,0.06549278,0.14455307,-0.99612399,-2.38663484,1.18322685,0.91982871,1.05899898,-0.14122388,1.13116804,-0.01665093,0.13608545,-3.27236064,-1.19585864,1.05630034,-0.59576422,-1.50219826,1.53938133,0.68913543,0.28566838,0.14376807,-0.76413287],
[-2.58002719,1.14302842,0.52339855,-1.0254687,0.15387187,-1.31015692,0.65191201,-0.80663667,-1.11141211,0.35795931,2.21242128,-0.53388796,2.65757518,-0.64993235,-0.24946071,-0.84374907,-0.4731565,0.11336127,-0.50169467,-0.82304197,0.43499382,0.83441648,-0.2196903,0.24564705,0.15093043,1.0749773,0.83939916,-0.46337239,1.57122628],
[-0.6281771,2.0971329,-1.11476566,1.58157431,-0.30032672,0.81863616,2.02389113,0.32815222,-0.88309846,-0.10220061,-0.34127481,0.49555425,-0.72740693,-0.84849763,0.80811105,-0.06757815,0.47093896,-0.7146672,0.47252137,0.79074115,0.52567083,0.85985604,1.05444934,-0.51317769,-0.02082123,0.23298176,1.76377116,0.34455148,1.63614658],
[-1.9836133,1.14970787,-0.33544773,1.68658721,-0.72120492,0.51922373,-0.93439927,0.22510286,-0.12698116,-0.33346647,-1.01898072,0.0029228,0.51454879,0.39609331,-0.02706069,-0.7132136,-0.98239211,0.33327442,0.07086884,0.98887959,2.28171161,-0.18418782,-1.56031053,0.88489791,1.49734624,-0.47152404,0.28130418,-0.13689544,-0.61632256],
[0.57951767,-1.34724889,0.06872829,-0.64448871,-0.12769491,-1.25085664,-1.08704255,1.1966576,-0.32126889,1.78702272,1.62268803,0.2193236,0.52197239,0.15821904,-2.25784077,-0.16085965,-0.0932434,0.15804257,0.52521608,-0.65634615,-1.29885722,0.57828849,2.66463458,1.57321407,0.10801808,-0.11644381,0.24161471,-0.86758982,-1.93957918],
[0.10305449,-0.55925807,-0.61760844,0.92235927,-1.51704215,0.01093297,-1.49981157,-0.47500426,1.47920225,-0.06376033,0.81094209,-0.69100604,-0.44896287,1.07619225,0.23654873,1.08048654,0.08613133,0.26808616,-0.08146113,-0.11965547,-0.42338486,-1.82668995,-1.00929357,0.64428538,0.00781052,-0.44977458,-0.96555859,-0.47295231,0.3186549],
[4.25205840e-01,-1.84767720e+00,-1.84654067e-02,-1.84147107e-01,3.87064970e-01,1.48538057e-02,-1.88104822e+00,-1.38820917e+00,1.60190940e+00,-7.04948935e-01,-5.48583406e-01,-1.12393268e-01,2.01060502e+00,-4.75197273e-01,1.44135058e+00,-1.31152346e+00,6.54228233e-01,7.34595782e-01,3.06603212e-02,-1.04307092e-03,-9.90495067e-01,9.39869030e-01,2.15192137e-01,-8.46729292e-01,6.86983408e-02,-8.30792950e-01,-1.67281330e-01,6.92557712e-01,-2.50011636e-01],
[-0.05876962,0.60518451,-1.92411707,0.4217402,2.12174265,0.10030568,0.00214647,-0.36888962,-0.43230422,1.33189308,1.18888593,-0.24265173,2.11991051,0.22863194,-1.77139705,0.10898233,0.98796344,0.13010417,-0.24043513,1.41011135,-0.13117327,-1.00300717,1.19312981,1.41836261,-1.12438975,0.44736348,-0.15439478,1.08410367,0.00360758],
[10.95392322,8.13911699,-9.34493885,10.79534839,-10.91843562,0.25761673,-0.49275207,-1.3733389,-1.21285914,0.56836781,-0.22109025,1.10855403,1.77499792,0.74770582,-1.74281355,0.70153284,-1.20327257,1.0584957,0.64683558,0.06307262,-1.80209543,-0.42191464,-0.17170688,1.1779999,-1.34007072,1.07697252,-1.31445068,-0.85154704,0.05498224],
[0.75208633,-2.07200762,0.80082637,-0.03031229,0.248614,0.34391462,1.11983145,0.48852293,-0.51586089,0.2332588,-1.01445913,-1.16579176,-2.2702763,0.31559581,-1.34027994,0.08003859,-0.03890071,0.30315391,-1.1909802,1.17847911,1.3235347,0.81841736,-0.11407496,0.45803481,0.32480086,-0.25424954,0.14175791,-0.54467438,-0.71972166],
[-0.25513013,0.08723138,-2.19647886,0.34672338,1.51014408,-0.27598621,-1.13133847,0.71469672,1.16413424,0.7757833,-1.22545916,-0.50831986,-0.16251985,0.17417172,0.50396738,-0.53443126,1.08133453,0.33820345,-0.02930873,0.23278041,-1.57257115,-1.33945207,-1.3591016,0.3156186,2.61293488,0.11767353,-1.21533083,-0.40565318,0.72796754],
[-0.59601193,1.21412876,-2.07991304,1.16842752,-0.34828351,0.32117732,-1.10131452,0.5217832,0.03253596,1.5250311,0.59096077,1.8264645,-0.59863669,-0.54339249,-0.32338602,-0.57247038,1.23779482,-0.77924211,0.14843351,-1.14897286,-0.54295201,-0.1261402,0.83326683,0.95049482,-0.05812192,0.90805487,-0.87088522,-0.12374291,-0.38813176],
[-11.187786,-11.44750697,-9.92611434,8.28278694,-9.36151536,0.03348366,-3.4139328,0.31045993,-0.67546148,-0.5064846,1.01078164,0.62015115,-1.65067512,-0.32476135,0.61517116,-2.65060804,-1.03347128,0.02344963,0.28523861,-0.49370711,-0.7619025,-1.02026037,1.16485192,-1.49555646,-0.37865988,-2.51530112,1.18029945,0.44958815,-0.10813103],
[0.72098176,1.04923689,0.74770364,-0.00286224,1.25652224,0.50832186,0.54404442,0.80700673,0.66410242,-0.78707923,-0.85660697,0.9381827,-0.01952595,0.59865337,-0.2310472,-0.16962042,1.34337797,-0.36531559,1.78894191,-0.77764701,-0.68567923,-0.48624735,1.66906711,1.25558647,1.15152352,0.00911471,-1.03850335,-0.48738309,-0.89740988],
[1.16487642,-0.8764554,-1.06406435,-1.02580134,-0.09677589,-0.48131572,0.69250054,1.0863722,-0.13166282,-0.6442801,1.6942824,1.93337917,-0.0929885,-0.90181707,-1.56882589,-0.51728879,-0.58026381,-0.59020299,1.34938419,0.51524429,0.13250915,-0.54257855,0.18414525,-0.5680476,0.55497347,-0.02728208,-0.20755718,-0.56607945,0.12953536],
[-0.99843287,0.53261441,0.01683441,-1.57554316,1.04493335,1.13056225,1.98072348,0.43975022,0.70559221,0.23085796,0.54125249,0.57711901,-0.96997924,0.72231337,0.24790111,-0.17480392,-0.46073596,1.28395412,-0.791019,-0.02224354,-0.94991663,-0.08436675,2.03766404,-0.67568919,-0.75470256,0.50096748,0.84391886,1.09866745,2.53568981],
[1.29818095e-01,2.27954239e+00,-4.53628851e-04,-9.06458707e-02,3.54267410e-01,-1.08040968e+00,-1.49483682e-01,-1.15674983e+00,2.06955223e+00,1.47052553e-01,1.06293565e+00,1.39031944e+00,1.61171439e+00,-3.64279374e-01,6.63528260e-01,-5.29313062e-01,5.75255016e-01,7.42158245e-01,2.51753068e-01,-8.35211979e-01,-3.89729866e-01,-8.12958991e-01,1.93845118e-01,1.70069155e+00,-1.54525622e+00,8.13570634e-01,1.97574117e-02,3.67435540e-01,-5.41977644e-01],
[0.11485735,2.03485235,-0.57620897,1.06065804,-1.52999872,0.39480361,-1.06383842,0.23509449,-0.46559945,1.8788699,0.88873418,0.02863434,0.6000427,0.33271389,-0.74888204,0.15727505,-1.78549626,0.68965783,-0.99125995,1.45801382,-0.59433144,-1.17478276,-0.02488336,-0.96580351,-0.11042047,1.31752576,-1.25978387,-0.30546389,-0.5727969],
[0.02970453,0.84545901,0.77441962,0.71041051,-1.96397248,0.80530529,-0.06482169,-0.95775212,-0.0892542,0.58921889,-1.66529788,0.16120732,0.89068251,1.15504311,0.47420792,0.59171218,-1.09391425,-2.70838503,2.15727759,-1.01357274,-0.06094208,-1.38240587,0.80199219,0.19029652,0.41877196,0.41414155,-0.16668657,-0.11048196,0.78028567],
[1.59162831,0.86626528,1.87895506,-1.39880576,-0.40568362,-0.52977147,-0.41625539,2.21179076,-0.3174095,0.85421151,-2.22115396,2.0904773,-0.12343198,0.95868376,-0.62501901,-0.18565559,-0.2092188,-0.41333786,0.423702,0.6519896,-1.64117512,1.64020253,-1.43592588,0.98825727,-0.5266164,-1.3717908,1.11332281,0.05295139,0.00687359],
[2.51910878,1.83598975,0.97171912,0.52267982,-0.20430689,-1.28124142,0.03118917,-1.53211565,-1.30341759,0.65371938,0.22929042,0.23947068,-0.7450284,-1.15304088,-0.42213876,-0.50837126,-0.01525934,0.51850643,1.23248885,1.30906382,-0.318631,1.3531294,0.23273088,-0.12297267,0.45716124,-2.10600438,0.01843509,0.39662409,0.32864417],
[-0.39940072,-0.03532638,0.19995126,1.93006164,0.56905628,-0.09989954,0.94988577,-0.17481024,-1.53024201,0.79360542,-0.18285521,0.67414409,1.00716203,-0.9614829,0.81025496,-1.34673648,0.15211659,0.50513733,2.01873731,1.73632043,-2.13040437,-0.77171473,-0.06764394,-1.7719361,0.4438578,-1.11834953,-0.17857073,1.58454949,-0.73535128],
[0.70856451,-2.06746075,0.56562905,-1.12392113,-2.43066504,0.59133121,-0.89330937,0.38814629,0.70459601,-0.45206531,-0.593478,-0.49970548,0.34649922,-1.37570094,1.60546973,-0.02932621,-0.37294031,-0.41918045,-0.45456025,-0.03979616,-0.23576542,-1.37425499,0.82539799,0.55647298,-1.40081411,0.2139868,1.15147087,0.62513766,-0.40935886],
[-0.190441,-0.26582506,-0.43023196,-0.48043902,0.725548,1.04617954,0.04411339,-0.29398423,-0.63900891,-0.19767109,-0.55509489,0.54312408,1.92972511,0.11976576,0.51914139,0.01207719,0.22025483,-1.07411048,0.66671276,0.44149502,-0.50863867,-0.42455745,0.04971032,-1.18720143,-0.22299856,0.62251326,-0.041792,-1.673406,0.32461325],
[-9.98420841e+00,1.32773318e+01,1.01264254e+01,1.02778412e+01,-1.10276529e+01,-4.16487807e-01,-2.12866020e-01,-1.03540586e-01,-1.04393835e+00,-1.77936851e+00,-1.79433226e-03,-5.12911420e-01,-1.80892789e+00,1.86622747e-01,1.65142864e+00,-5.66900120e-01,9.80830154e-01,1.44465871e+00,1.27340985e+00,-4.35945713e-01,-9.91566865e-01,1.57486878e-01,8.82422950e-01,-1.44791661e+00,-8.82722805e-01,6.31249954e-01,1.15323226e+00,1.13955358e+00,-1.00502805e+00],
[0.35393942,2.42575054,1.53779476,-0.43180586,0.58048201,-0.41353806,1.97078281,0.18210813,-0.22575026,0.68856959,0.11088511,-0.5849154,0.45800424,-0.05867762,0.76484496,0.02157213,0.29316106,-0.59284094,-1.67502322,0.99724675,-0.92263703,-1.50563385,0.33478309,-1.0338542,-0.52485088,-0.35669179,-1.6678072,0.73554734,-0.07376837],
[1.21482433,0.4319643,0.82047376,-0.02982895,0.49159559,-0.12886487,-0.71478752,0.66887561,0.67522411,-0.37070178,0.42471272,0.12421779,-0.30537388,1.18638212,-0.49713935,0.88831654,-0.71067612,-0.97779414,-1.12302456,0.19541035,-0.01041584,-0.58622129,-1.94225758,1.00157404,1.41146408,0.06585098,-1.75113856,-0.09627724,-0.40072235],
[-0.55192365,-1.39211762,0.72447832,1.06972018,-0.84269673,-0.37454958,0.60780374,0.07932615,0.45743168,0.74786326,-0.34095967,-0.72125424,-0.07563516,1.33400618,0.52703516,-0.80496134,-0.11531946,-1.21807458,-0.43118004,1.8531701,-0.39574319,0.52372928,0.33105996,-1.54481711,0.5585742,-0.81708901,-0.57542985,1.26918044,1.08247554],
[-0.45188887,-0.89957878,-1.13452475,1.12901715,-1.22731786,0.40353243,-0.59341519,-0.5768856,-0.8480001,-0.40894539,0.21217822,2.40186893,0.80926825,-1.29059948,0.30160948,0.54629708,-1.0540673,-0.10141429,0.65151534,-0.83129222,-0.21852215,0.03101015,-0.48152921,-1.45928202,1.92678293,-0.31847986,0.19296914,-2.42931072,-0.98246528],
[0.55637795,-0.22878993,2.7283766,-0.2076363,-2.96378836,1.15151843,0.10811895,1.63636461,0.66741018,0.98413063,-1.97241239,0.59297894,0.75711326,0.22449086,-2.73694164,1.35341591,-0.21744441,1.11511751,1.16073199,0.03233756,0.29971293,-0.26026197,-2.1508013,-0.07411045,0.67004059,0.7004127,0.00689421,-0.6907436,0.81877442],
[9.18217196,11.66603006,9.69231208,-9.95889702,10.36819515,-0.42339393,-0.85896133,-0.23144876,1.8206086,0.51986159,-1.66757754,-1.80617652,-1.04087661,-2.17819861,1.29978369,0.53917425,-1.10164548,-0.82061325,0.92757896,-1.0386208,1.18016171,-0.45824815,2.72032762,1.01749891,-1.04570765,-0.24305274,-0.68391283,1.23608587,-1.51186875],
[2.13257852,-0.23606182,0.04742418,-1.65512579,-1.08452606,0.72105172,-1.68679803,0.7394267,0.43068991,-0.35610175,0.38542813,0.22878057,-2.04828938,1.23904548,2.57233344,-0.78370678,-0.25399904,-0.08789921,-0.49875377,-0.37130403,-0.08982448,0.04946699,-0.78100508,-0.2769736,0.28377441,2.75705467,0.36942575,-0.7428543,0.645349],
[-1.18755411e+01,1.02702173e+01,-1.03576992e+01,1.15638058e+01,8.50156195e+00,2.94202432e-01,1.62180844e-03,-6.90669469e-01,2.19308806e-01,-3.16406366e-01,-6.01518478e-01,-4.54420763e-01,5.03350726e-01,3.42299741e-01,-4.07129554e-01,1.93393910e+00,3.04433840e-01,3.28216277e-01,8.10829158e-01,8.80812332e-02,3.81753646e-01,-2.60257398e+00,5.99706789e-01,-1.26612562e+00,4.37490483e-01,1.14046921e+00,2.38985860e-01,1.01235989e+00,-2.93461303e-02],
[0.20370503,-0.09129357,0.8194946,-1.8347323,-1.83129412,-1.20238075,-0.79027464,-1.17217415,1.65961001,-1.11542655,-1.3559366,-1.3061298,-2.30208683,0.18084088,-1.98871638,-0.06009945,-1.37310343,-2.82841122,0.61549814,0.02641473,0.43661931,-0.95470284,2.83536775,-0.66581067,0.76091716,-1.11345529,1.56451817,-0.04458567,-0.32648114],
[0.69275758,1.81161653,0.59450108,-0.323021,-0.58351792,0.44340146,0.10855322,-2.05629524,0.07514169,-1.43559419,0.583831,0.66190767,-0.06134762,0.27437232,-0.46188375,0.65596865,0.28997674,-1.05352462,-0.4671448,1.1821149,-0.93227328,-0.29871245,0.2015948,-0.29761558,0.35852916,1.58605134,0.55048238,0.51564631,-0.16215695],
[0.75607351,-1.54356392,-0.572887,0.89313319,-0.39030307,0.33805405,0.52270164,-0.02902958,-0.43587872,-1.17337313,-0.95466019,-1.42842908,0.65543995,-0.90920388,-1.38117011,-0.59448967,0.30583401,1.46551523,-0.84021276,-0.02407162,-0.31332633,-1.80664418,-1.34414026,-0.19528828,2.14059923,-1.06812845,1.10955759,-0.25930695,0.45929816],
[-0.07850062,-1.17744593,-0.35235855,0.6564492,0.94305502,1.9814702,-0.39265361,-0.53325938,0.58721471,-0.20243359,0.31364352,1.39146709,0.19782983,1.11166927,0.08351153,1.94597287,-0.30285776,-0.11288538,-1.33219438,0.39494667,-0.14427233,1.25376531,0.02511778,-0.1579168,-1.52664587,0.44894837,-0.55405392,0.58614795,0.64992401],
[0.62703122,0.39313416,0.92200349,-2.42485664,-1.33025376,0.82252018,-0.69377374,-1.77272455,0.39547857,-0.29787251,0.47720595,0.23487731,1.74185481,-0.21243832,-0.08324034,1.16205369,-1.14413121,-1.69868267,0.4503372,0.02981009,-1.6617386,-0.40777941,-0.22473852,0.7048812,-0.13595393,1.19462128,-0.83028386,-0.42024996,-0.35803363],
[-2.29250908e-03,7.62865292e-01,8.65039967e-01,-7.88288693e-01,-1.03399893e+00,6.75066506e-01,1.42462098e+00,-4.04313438e-01,2.55943212e+00,-9.76491130e-01,-7.33145922e-01,-1.14512684e+00,-1.17630239e+00,3.78498498e-01,-1.26001642e+00,-5.17333164e-01,-4.20015533e-01,4.32701303e-01,-2.91705195e-01,-2.33739970e-01,2.62719560e+00,9.36700714e-01,-7.21334097e-01,-1.95593330e+00,4.92095998e-01,-2.72170306e+00,7.57316026e-01,8.51448712e-01,-5.22078718e-01],
[0.9938707,-1.33810063,-0.23433525,-1.61659816,0.32973599,0.20556763,0.46365434,1.39952786,0.37801748,-0.73078886,0.88150332,-0.10897062,0.6834613,0.03983701,-0.29514886,1.62188652,-0.52117072,0.86256661,0.12812416,1.42440315,0.10383559,-1.01218935,-0.16773677,1.06501762,2.05818492,-2.25322001,-0.32674722,-1.10180595,-0.04728385],
[0.91871356,-0.41739728,-1.8376351,-0.83525206,-0.01245975,-1.23140453,-0.06988164,-3.10777502,0.21374856,0.17527731,-0.64230707,-1.78926459,0.18438,-0.12971787,-1.07983379,-0.29019303,-0.26706985,-0.2981337,-0.274158,0.26138894,-0.86094875,-1.41652967,0.22005203,0.19947679,-1.11084087,0.47907735,0.20030456,1.1850683,0.08013283],
[-0.34355327,0.06716154,0.30826344,1.40166507,-0.89250538,-0.1683161,0.70307153,-3.22993455,-0.10646305,1.13692006,-2.31613546,1.22120793,-0.01266899,2.28717268,-0.05579798,-1.53668229,1.09777375,0.61016183,-0.27955794,-0.03977605,0.23722587,-0.86111837,0.94184848,0.62637052,1.34420477,-1.34451051,-0.7509956,1.09686833,0.74658864],
[-0.04235051,0.37578522,-0.67086183,-1.13951522,-0.66425881,-0.06563561,-1.57010708,0.44116868,-1.08621791,-1.01324903,-0.96426187,2.02738574,0.28410611,0.91293219,-0.79876848,0.03805947,0.37037226,0.5567562,-0.03289654,-0.17800812,-2.44287189,0.14146552,-2.46959021,0.84764086,-0.20336012,-0.93382755,-1.17644072,-1.13599306,0.30265808],
[-1.19909336,-0.79732894,0.71535989,0.79810145,-1.71598807,-0.18440026,-0.16834026,-0.13828318,-1.17388113,0.51652969,-0.60222377,2.08873434,-1.49523676,-0.4787663,0.41329357,1.54257502,-0.57466715,0.42174408,-1.174434,-2.91557739,1.31087546,0.52625067,0.98283076,-1.52310005,-0.17084416,-0.55191481,0.46987494,-0.20944124,1.89518813],
[0.07433602,0.33552554,1.03022541,1.00865601,0.92541866,-1.9078239,-0.22226831,-0.43008618,-0.89853458,1.64618366,0.92555424,0.98721684,-0.83250868,0.32163212,-0.78431865,0.69629564,-0.12875488,0.19031673,-0.27466835,-0.6396514,0.5343167,0.87922357,-0.20066669,0.43810733,0.40760378,-2.64176795,0.14300035,-0.34011247,-1.0004658],
[0.85489764,0.23453474,-1.72776025,2.08675288,-1.01124582,1.06361206,1.36835381,0.17892277,-0.07209188,1.10426115,-0.91667874,-0.23622439,-1.08797519,0.12889428,0.6774495,-0.19222527,0.12138359,0.20596912,0.81642145,-1.12610156,0.185112,0.46035665,1.40698715,-0.46083096,-1.76428443,1.22802741,-0.57540586,0.52772465,0.36117373],
[-0.99084367,1.0507929,-1.84355729,0.10180416,1.65414561,0.66139496,-0.72044587,-1.04479515,1.70530744,-0.11970664,-0.79632294,-0.35935854,-1.00301506,-0.74638979,0.36274682,-0.75167216,1.01163297,-0.44500983,-0.95461233,1.90897549,-0.97661458,-0.13619808,0.58521592,-0.26027785,-1.0544764,-2.46958312,-0.61135195,0.52730313,-3.87015928],
[2.85804941,-0.30426553,-0.7866112,0.36207858,-0.06284158,1.45439114,-0.5774448,1.24263322,-0.11410658,-1.73346832,0.81920627,0.5336374,-0.39880188,0.74222386,-0.68422099,-1.40806941,0.53037424,-0.83453218,0.95005885,-0.75553653,1.06270115,-0.41954428,0.95665829,0.5610504,0.01609577,-0.20072772,0.37076121,1.00197731,-0.40074128],
[0.36608132,-0.60936158,-0.16038501,0.70518293,-0.12414642,-1.24835861,-1.22905625,-1.75004847,-0.65305066,-0.90756108,-0.96595497,-0.85914913,-1.00392177,0.38515484,-2.18155163,0.89721538,-0.44547676,-1.52726293,-0.29807289,-0.96632361,0.84197258,2.0319464,-1.5694325,0.25215813,0.41428349,-0.24254173,0.36623792,-0.74537357,-0.5601023],
[-1.11748728,0.54619775,-0.24281373,-1.2037765,0.19694341,-0.25504953,-0.78243697,0.66145203,0.59630214,0.91112401,0.45640666,-1.93181843,1.12546309,-0.65943161,0.53098839,-1.24045043,0.46846395,1.89679689,0.29247442,-0.46113272,-1.06675387,1.13547146,1.8412549,0.1886192,-1.70310617,-0.10488443,0.55148958,0.83066293,1.31657246],
[2.37068322,0.11334515,2.44232069,0.1674513,-0.26876425,0.31588863,1.33371397,-0.17366147,1.57769973,-2.00599483,-1.58225846,0.03126899,0.66993803,-1.0172386,-1.35752916,0.90639996,1.02814941,0.78260909,1.26392877,-1.52313019,0.30409552,-0.65860835,1.60600131,-0.94347462,-2.68379263,-0.31675442,-0.6470676,0.01932141,1.64868],
[-0.00921579,-0.9938694,0.80853605,-0.48018254,-1.57483619,0.71475198,0.12312325,0.04256902,-1.44155081,-1.31817432,-0.35318061,-0.63152745,-2.17989335,0.7072957,-1.10989903,0.31792024,0.49571506,-0.63836886,-0.80757434,-0.35437269,0.31298332,0.23251715,1.32444604,-0.06133323,-0.07991524,-0.21152515,2.14065675,-0.56515719,0.72189452],
[0.85437855,-1.76492349,-1.47280009,0.20695366,1.04510096,-0.23660128,0.49525297,-0.15446082,0.23687345,-1.29258827,-0.25503269,0.65786914,0.96376779,-1.02112447,-0.74821164,-0.95750188,-0.17994803,-0.26222148,0.03030961,-0.49919739,1.5241762,1.09556849,-0.12658342,-0.81919119,-0.51456771,-0.0518347,-0.79364409,-0.44450952,-0.56525496],
[0.59982547,-1.48681069,0.66228954,-1.03122847,-1.26392498,-0.66878121,-0.33010576,0.17090971,-0.4863627,-0.40746145,0.06057116,0.65456955,0.19690523,1.69538963,-0.39026631,1.25888709,-0.97336459,1.25811691,-0.54432244,-0.13277278,-0.75729456,-1.76676663,0.91329767,-0.27435675,1.09768334,-0.74610859,1.67598663,1.04924755,1.21232728],
[-1.05830937,-0.49745623,0.31789464,-1.65951396,-0.40298495,-1.71376451,-0.95293039,-0.78779528,0.11369382,-0.55842905,-0.23304417,-0.44371335,-1.50547918,-0.29218626,0.25942666,-0.015897,0.75222635,-1.13952463,1.20083675,-0.30777777,-0.69526389,-0.78545911,1.16552362,-0.43977258,-0.97412186,-0.99119971,-0.07377605,0.17274223,-0.19809821],
[0.88180674,-0.70699558,-0.29540431,-1.33069566,0.39484242,0.21105853,-0.08580085,-0.88551928,-1.78547821,0.6368869,1.18608554,-1.43635548,0.23028466,0.36312483,-0.75298017,1.62235879,-3.04553967,-0.10063531,1.96795099,-0.52936529,-0.72199125,-1.06902018,0.83408764,-0.1559119,-0.06624824,-0.56512934,-0.43476111,-0.02789351,-0.15253531],
[-0.40747572,-1.3441072,-0.40240371,0.70733218,-1.46231167,-0.37316021,-0.02785941,-0.63682948,-0.18169004,0.92248404,-0.52032926,-0.22927408,0.38984419,-0.87794066,-0.60506021,1.80755555,-0.92194629,-0.46364548,-0.53986484,-0.04903122,-0.12717226,1.84712802,-0.07272831,-1.2345931,0.23315555,-0.34888048,-1.42995249,2.00927917,0.90577191],
[-2.01067734,0.20400414,0.13406672,-0.43966192,-0.59059504,-1.40898786,0.43194376,-0.00356115,0.13226953,1.21735773,-1.36518016,-0.79909281,0.37267531,0.63421239,-1.62467819,-0.23229249,-0.17438059,0.71728014,-0.18944409,0.55897133,0.30418826,0.14512886,0.20926225,1.0427794,-1.30094689,-0.08076042,0.76198985,0.13219159,-0.57035042],
[-0.33051343,1.6262709,-1.38330922,0.85952804,0.75088428,0.03400281,-1.79988079,0.85186706,-1.5602981,1.33979216,1.0684969,-0.58103048,0.06144977,2.20219884,0.48941927,-0.60484089,-0.99813009,0.08992026,-1.56208803,0.35340398,-1.55173316,0.53782665,-1.51720642,-0.02940869,-0.7118057,-1.07101147,-1.32033539,0.00610389,-0.13842187],
[-0.27664942,0.21623068,0.60525268,-0.1430789,0.73213717,-0.14190321,-0.86607792,-0.18804111,-1.26764773,1.11822458,-0.00787022,0.26067582,1.49631247,-0.3318221,0.11272315,-0.40824944,-2.04753707,-0.13554758,0.49599418,0.72108765,0.32728733,-1.88788774,-1.05862213,1.35532504,-1.02535259,0.37840151,-0.99843129,-0.30416894,0.49975226],
[-1.87787233e-01,1.51560041e+00,1.32717363e-01,2.68888625e-01,1.08440929e+00,-1.42208764e+00,1.62378537e+00,-1.26324469e+00,-1.95114690e-01,-5.87074711e-01,-1.36180705e-03,-8.70588157e-01,-1.02324771e+00,1.08397530e+00,-1.71363947e+00,-4.29320493e-01,2.78242822e-01,-1.36338355e+00,8.83536765e-01,7.97410484e-01,1.03709423e+00,1.60048760e+00,-1.01268193e-02,-3.62842207e-01,-1.34898815e+00,-7.76779180e-01,-3.58047658e-01,-1.51702465e-01,-1.08813174e+00],
[-0.7169187,0.29336503,-0.59931669,0.24756794,-1.04742792,-0.84248687,0.30687625,0.61420439,0.48151382,0.76856159,-0.91024393,1.36252262,0.37852743,1.45037824,-0.10809773,-0.21433414,-0.44511559,-1.1920821,-0.58103559,0.0241279,0.90214202,0.58793762,-0.68649494,0.60821262,-0.25703777,-1.01268081,0.26472699,0.28949053,-0.26403436],
[0.38033896,-0.31188622,0.48787803,-0.09435131,1.10132931,0.57131986,1.59330263,2.22503972,0.02956854,0.48983483,0.84932575,0.19991204,1.60294945,-0.87134044,-0.94298172,1.11325655,-0.3048372,0.4718014,-1.02188505,-0.79165135,-0.78009063,-1.02300731,-1.79834661,-0.03761959,1.20507424,0.63970758,-0.49411541,-2.11849273,1.0694804],
[-0.32034242,0.1064347,0.92206804,1.63426994,1.10208077,0.85273799,1.59010327,0.4257493,0.0818073,0.37563807,-0.67375641,-0.67843029,-0.14534412,0.47203814,-0.47554977,1.48298721,0.27144181,-0.75835248,-0.4677265,1.88410211,-1.0691454,1.67371891,0.24042857,-0.08791465,-0.33453198,-0.99665939,1.92668391,0.55735006,-0.53403094],
[0.88506933,-0.61737208,-0.35454044,0.65491185,-0.06898237,-1.08481908,0.16566659,0.05064682,-0.29285144,-0.09423577,1.12047433,-0.72478155,-1.25459598,-1.9016569,-0.20516836,-1.82791064,0.46911822,0.37611752,-1.13309079,0.45988067,-0.32022975,-0.88369397,-1.4444573,-0.58617207,-0.20869051,1.37639596,-1.36775693,-1.6792329,0.14529695],
[-0.39734109,-0.86646469,-1.34467818,-1.07621893,-0.00258187,-0.17476585,0.75259012,0.61493993,-0.46059501,-0.57301659,0.66791256,0.01256994,0.43179019,-0.66847972,-0.5095917,0.2098135,-0.5627672,1.84265961,-0.5238822,-1.26605259,0.93121408,0.02046922,-0.25893382,-0.06449594,-0.88885587,1.48895566,0.25512537,1.21213992,-0.18073618],
[-2.66129955,0.53399581,0.69848091,-0.48148077,0.75322599,-0.08310767,1.40174797,-1.19368211,0.39885225,-1.07574492,-0.54279987,0.45382914,-1.08295888,-0.95672257,-0.40240811,-0.39064675,1.15663664,-0.15364273,-1.74225493,0.88012408,-0.12562201,-1.38144302,-1.41284459,0.17798952,-1.73749262,0.57885706,-0.2627113,0.15685371,-0.26171798],
[0.72526551,-1.6344617,-1.90011891,0.95533125,0.64713026,1.85439707,-0.24039335,-1.41693558,-1.38019775,-0.75363279,-1.21801142,-1.220333,-0.50118152,0.08518146,-0.36480565,-0.25219927,-1.09425845,2.01774777,-0.74610233,0.24916318,-1.39959251,-0.60748014,0.92208346,0.33474003,-0.47513083,-0.31555935,1.66217056,-1.52963326,-0.5691611],
[1.09990736e+00,8.61403465e-01,1.49403861e+00,3.97078982e-01,4.32248473e-02,5.14676985e-01,1.30934865e+00,-3.36195786e-01,-9.41098957e-01,-1.12336928e+00,-1.53876022e-03,-1.56258068e+00,3.15009052e-01,1.52473987e-03,-1.91097798e+00,1.35090832e+00,8.78171594e-01,-2.58542745e-01,-1.64318150e+00,2.16509909e-01,6.98643572e-01,-8.17671250e-02,9.75384223e-01,-4.73573544e-01,7.00234550e-01,1.25573853e-01,-1.52448934e+00,1.09797753e+00,4.36956447e-01],
[-0.20758985,1.62114955,0.16374836,0.21535522,0.77336446,0.29024443,-1.42695025,1.0738655,-0.05531061,-0.32621525,-0.29088842,1.29554763,-1.34280847,-0.96282239,-1.57742955,0.98692906,-0.49113631,0.90359119,-0.16538412,0.21775073,0.79923785,-0.32973224,-0.34402493,-0.64565112,-0.92225754,-0.39298066,-0.08899472,-0.37517518,2.13853892],
[0.62765749,-0.06718411,0.30320406,-0.37868542,0.20511398,-0.48317647,0.1413633,0.10685746,-0.72446278,0.45512515,-0.16538894,-0.1923675,0.9675839,0.01806117,2.48391453,-0.19546377,-0.42613639,1.34313142,-0.62475316,0.70717722,0.85010316,1.52758011,-0.63224342,0.71622639,-1.01959497,0.91791767,0.68999001,-0.79729419,0.61403022],
[0.08897203,-0.65632591,-0.43655752,-0.45643675,-1.04452892,0.26278363,-2.73039568,-1.26120705,0.66530044,0.07137941,-0.62727971,0.65030543,-1.56418733,0.39270183,-1.43921178,0.10956212,1.5275637,1.84625862,0.10261275,-1.10455757,-0.68877532,0.67820315,0.5047373,1.09358214,0.50476939,-0.18250138,0.92653129,2.07171935,-0.96326619],
[-0.34314091,0.04103259,0.78902577,-0.34368156,0.01368521,3.01272539,1.05023907,-0.29767003,-0.64139356,-0.74119198,1.42594423,-0.46851899,1.50533187,-0.9582391,1.5912044,0.27253652,-1.57631872,-0.95651258,0.54802826,0.43173256,-0.81645228,0.80982297,-1.5285858,-0.27910345,-1.1973933,0.14684082,0.87858895,-0.6973351,1.30871771],
[-1.87845113,-0.13108771,1.79613643,0.69619135,0.87775131,0.29291322,0.89282412,-0.3603179,-0.08710737,0.40284278,-0.39199691,1.0444874,0.16429398,-1.31732051,1.16606749,0.15543644,1.78665699,1.77964692,0.20399191,0.4967688,2.32577088,2.15486704,1.40814187,1.828252,0.993422,0.36355585,0.74988911,0.57264251,0.65332986],
[-1.02123275,0.70694611,-0.40010247,1.82074925,-0.49381188,-0.85488614,-0.58250118,-0.87276193,-0.61114489,-0.24121931,2.00931398,0.00388157,-0.4364786,1.46194928,0.56055045,-0.34869528,-0.3988604,-0.19836339,1.19625485,-0.6055318,1.39834458,-0.32890621,-0.88698262,-0.85233092,0.52856347,-0.81188686,-1.23516907,-0.04161301,0.83348754],
[0.90240195,0.29518953,-0.14370521,-1.89876474,-0.81259004,-0.46544848,0.80904476,0.66344701,1.1586325,-1.5737664,0.21485113,0.32903841,-0.30924299,-0.55350644,0.55140429,2.30819019,0.11472844,0.71818988,-1.9100893,0.95706249,-0.29711369,0.76481426,1.10410141,-0.69304025,0.44716688,2.7494483,-1.40597047,1.6176464,-0.83950694],
[-1.89628597,-0.13622354,-1.49563747,-0.48879103,0.26791539,0.4595071,0.39522283,2.16698747,-0.38293552,0.70748102,-2.02791907,-1.23634195,-1.75339839,1.38706423,1.51128322,-1.5198844,0.95506793,-1.2412408,-1.53584087,-1.29976238,0.32229641,-0.74923673,-0.50252884,-0.46866855,-1.29122951,-0.07822841,0.35426228,-0.73762662,1.46783485],
[0.69608252,-0.94686161,-1.26420824,0.00377471,-0.08595063,0.01633297,0.09006395,0.57704749,1.23072509,-0.90478518,-0.64047702,-0.57727316,-0.35027911,0.92099764,-0.0332124,-0.22240451,-3.07660671,-2.08533638,-0.61932459,2.08926714,-0.01307825,-0.06598198,0.13634565,1.93847391,1.52500614,-0.38968086,1.1058773,0.58490895,-0.8466188],
[-0.39548608,1.21145838,1.04649804,1.54622556,-0.02710324,-0.57368441,0.86992111,-1.45978435,-0.67442651,1.26190747,1.15472153,0.08022131,-1.26598438,2.24159704,0.02159482,0.8762583,0.91869537,-0.53547932,0.60844818,-0.9429183,0.48466071,0.94689797,-0.46052097,-0.1616778,1.40677779,-0.04270556,0.81183768,0.05944559,0.03442201]]
[-7.45026290e-01,-7.69353484e-01,2.93747742e+00,-9.95238214e+00,1.31307898e+00,-8.21278004e+00,-3.80762659e+00,9.02712566e-01,2.46783849e+00,-2.15119686e+00,-2.06860946e+00,4.04096949e+00,1.81820840e+00,-1.75730697e+00,1.83087757e+00,-9.26369230e+00,4.87712201e+00,-1.76560943e+00,-4.87786397e+00,-3.06294564e+00,-1.45690620e+00,2.70150569e-01,2.74972250e+00,-4.24957727e-01,-3.21840461e+00,2.77402213e+00,6.37695117e-01,-1.58999174e+00,4.82000598e+00,3.27693660e+00,9.31865449e-01,-7.06596264e-01,1.82288880e+00,-2.90337139e-01,-2.56818537e+00,2.39801034e+00,4.00081005e+00,-2.97391582e+00,-4.93054751e-01,4.66569223e-01,7.84578892e-01,-1.65589874e+00,6.90661012e-01,3.88357556e+00,-7.40805990e+00,-2.46606316e+00,9.22408348e-01,2.35242373e+00,1.83659746e+00,-6.92637890e+00,-1.97145490e+00,-4.43348966e-01,-9.00049815e-01,-8.49971455e-01,-1.83848936e+00,1.54035666e-01,5.17685752e+00,-1.43853237e+00,-1.50897764e+00,2.09920949e+00,-4.39242287e-01,6.63776501e-01,-3.39705575e+00,1.99378048e+00,3.43098996e+00,3.04237989e-02,1.05762161e+00,-4.10177866e+00,-1.80035555e-01,2.16680032e-01,-2.38956250e+00,-2.67352067e+00,-3.30242275e+00,2.98726984e+00,7.02972180e-01,-1.41806514e+00,-1.89906009e+00,-1.15188762e+00,1.23760331e+00,-9.81003367e+00,1.32708495e+00,-8.27481432e-02,-9.63453335e-01,-1.05147311e+01,5.11220376e+00,-2.21157864e+00,-1.07626054e+00,1.40802899e+00,1.77328032e+00,8.16827615e-01,2.60331520e+00,4.94645467e+00,1.97404985e+00,-2.61629562e+00,-5.60736215e-01,-7.49225886e+00,3.78881506e+00,3.51512213e+00,-8.61815640e-01,-3.23444295e+00,1.81987576e+00,-8.72816077e+00,6.64500643e-01,-1.40900174e+01,-3.75199169e+00,2.00283359e+00,-4.85713336e-01,1.14306566e+00,-1.10699060e-01,7.04119161e-01,-8.33587469e-01,-3.55164927e+00,-2.12554758e+00,-1.97082655e+00,-1.91130909e-01,1.22418588e+00,3.54385817e-02,1.13044680e+00,3.88302650e+00,-6.60564767e-03,-2.87827801e+00,3.23462728e+00,-4.58414697e-01,-9.79588355e-01,-3.75243627e+00,-4.57590016e+00,-2.13814923e+00,-3.85269530e+00,-3.87283324e+00,8.74022897e-01,4.75506246e-01,1.68367139e+00,-4.41754541e+00,1.18569016e+00,3.43868737e+00,3.41513630e-02,-4.13052303e+00,-2.23090780e+00,6.94796854e-01,4.40303330e+00,4.21937376e+00,-3.21266431e-01,-2.99940916e+00,3.68406949e+00,2.00622057e+00,-6.87607961e-01,-3.07602770e+00,-2.29819609e+00,-1.51111453e+00,1.98209143e+00]