[[-0.67176102,0.11793776,0.7062215,1.31747823,0.28571487,1.1441264,2.00603043,0.64128463,-0.28009571,-0.13920914,-1.19159468,-0.82565083,0.96739382,0.44102162,-0.22304474,0.62237921,-0.45173958,-0.20145458,-0.26048659,0.15716599,-0.36584695,-0.47922279,-2.0816766,0.78061951,1.16576478,0.16648795,-0.9422345,0.68182927,0.94820576],
[-0.88733469,0.80455238,-0.33722927,0.33509849,-0.34047995,0.3981555,-0.35022183,-0.64334144,-2.13512639,1.37339282,2.09683002,-1.43009009,-0.98576996,-2.25467067,1.06837368,-1.80994764,0.69771379,0.27406726,-0.02086904,0.86201436,2.50866523,1.14857693,0.48310277,0.52357273,0.44365799,-0.57023615,-1.02125973,-0.62977407,-0.69643841],
[-1.40958877,-0.79694161,0.90374782,0.50610107,0.13131533,-1.02083959,0.36771312,0.96594929,1.05857452,0.84638855,0.4260446,0.95651563,-0.66136364,-1.89665298,-0.37169988,0.10689008,-1.62724971,0.48495476,-0.42036992,0.92428054,-0.5261261,0.64223441,2.65148849,1.86149993,1.13872585,-0.2424871,-2.13097859,1.49544212,1.19333562],
[-0.45278042,-0.67177976,0.29502112,1.26118528,-0.19379789,0.92546114,-0.62531654,0.16655679,-0.59077942,0.00291221,1.30676526,0.46683855,-0.72811743,-0.31589088,-0.30272474,-1.3401663,0.42484842,-0.71689515,-0.03436033,0.5599034,-1.59908379,-1.00920842,-0.65646156,-0.2567155,-1.18236803,2.14220015,0.19944306,-1.1750647,1.51869144],
[0.82191731,-0.97978675,0.48510054,-0.50998072,-1.78517274,0.54312367,-0.52076868,0.07702075,0.32810342,-1.73579794,1.50937408,0.64344989,-0.54285253,-0.31223843,-0.11735306,0.20398581,0.10751828,0.70037242,0.32198428,0.02782044,-2.39877647,-0.34100379,0.19409939,-1.41169398,-1.37340665,0.81128452,-0.34805579,0.67692862,0.24210477],
[0.1725429,0.04429214,-1.36963911,1.15891451,1.20096891,1.58897924,0.60702043,0.17390003,-1.56087112,1.64766767,-0.05945925,-0.05864009,0.05470393,-1.21691909,1.73866969,-0.86037229,-0.90888342,1.45427854,2.14071357,-1.80456805,-1.03440837,0.33239107,0.0699701,-0.26611103,-0.83950094,-0.23093715,-1.33663006,-0.82172522,0.73500083],
[-0.84616565,0.78902847,0.82608521,1.30775313,-0.73209217,-0.96208694,-0.20984908,-0.01905424,1.07412951,-0.42954808,-1.52963478,0.85828154,0.69255848,0.65810841,1.10307122,0.43879376,0.25948055,-0.57528022,-0.20962665,-0.02463867,0.41543974,-0.22881682,-0.22958318,-0.82336793,-1.93627859,-1.88900793,0.16172319,-1.58988221,-0.88230727],
[-0.89333059,-0.35707743,-1.41259887,1.33503306,0.12454093,-0.30274372,-0.58037009,0.97317823,-0.37622591,0.70137011,-1.52554478,1.51771625,0.69815291,1.73782693,0.04666945,-0.41900482,0.17904073,-0.24959459,3.29139638,0.70829753,-1.24966342,-0.72349642,-0.5385051,1.01772246,-0.03039926,1.11514654,-1.11959677,1.36828781,0.4964189],
[-0.0649646,-0.39436432,-0.64297064,0.01947343,0.48273196,1.04346777,0.13321135,0.32846023,-1.30753358,-0.62252168,0.84388939,0.85944074,-0.64899636,-0.31986548,0.07412774,-0.57781142,-0.57935037,0.79263979,0.56551296,0.6223735,-0.7982938,0.09659457,-1.84052894,0.28619989,-1.25806081,-0.69604213,-0.03182344,0.82200181,0.65293132],
[1.61292884,-0.81445857,-0.78365929,0.40600108,-0.61565918,0.17866254,-1.15660286,-1.26203719,1.1927298,1.03040088,0.49077764,-1.37895914,0.66506506,-1.8699609,-0.9569444,-0.75530715,-0.82220663,-1.12669078,-1.87072553,0.10177858,0.47998674,-0.31334011,-1.1333195,0.66754042,-0.21728942,0.38217122,-0.34040286,-0.65444549,-1.66171506],
[-0.69091265,2.64750133,1.87094262,-0.57357329,-1.15479068,-1.47179178,-0.44877011,-0.11775339,-0.84959271,-0.11299959,-0.0579165,-0.60830381,1.43782592,-0.56693094,-1.0952113,0.41918325,0.1569598,-1.54969825,0.52144746,-0.99475725,1.45461709,0.30952541,0.42162863,0.42975864,-1.22178772,-1.37267439,0.2041366,1.41784708,-0.70177048],
[0.33228762,0.00908834,0.1176937,-0.35434991,1.15729429,0.73807391,-1.40025948,-1.36835271,-0.09804749,-1.14708084,0.73728026,0.35818921,-1.31454246,-0.898409,0.71760788,-1.10847665,1.1397088,-0.19702175,0.73940511,0.90001143,-0.27122972,-2.44119216,-0.71640802,0.77494116,1.12981263,0.77985878,1.16620991,-0.9524431,-2.01863408],
[1.00041686,-0.092552,-0.4060674,0.5300425,1.61176385,-0.50592152,0.11323693,0.54975517,0.07873044,-0.49611279,1.08431368,-1.36589782,-0.01525036,0.84520273,-0.13580895,0.73308928,0.47436436,0.95234324,2.64113608,0.39242778,-0.68411047,0.39471371,0.37497863,0.12092258,0.62252082,1.284243,1.08222259,-0.49220835,0.26404301],
[-10.50597254,-9.70661076,-9.57270543,8.72495691,12.88260994,-0.7688007,-0.08114034,2.4822017,-1.52872211,-0.0836108,2.03486436,0.19290403,0.14660312,-0.86383733,-0.58565195,1.57530937,-0.475908,-0.92213442,1.59023385,0.6342193,0.35205915,-1.18618338,1.8910933,-1.06982637,-1.75711281,0.36353508,2.51456308,1.41411078,-0.87561083],
[7.77163294,11.64900812,10.57593886,-10.09936727,-8.65133081,-0.20779153,-0.15334896,1.81844107,-2.70850773,-0.49421193,-0.81975382,0.10219233,-0.21967482,-0.06066598,0.85589808,1.56026272,-0.77256768,-2.74642164,0.74456547,0.94745728,0.24441536,0.50558184,1.09159704,1.48547742,-1.18764887,-0.15605063,0.27459091,0.56996901,0.62522174],
[1.31119307,-1.42370834,0.32136591,0.59377374,-0.14693986,1.01082159,0.59711821,-1.02088409,0.19124546,-1.39279975,0.81997349,0.00256289,2.23482184,0.16917559,-0.72382022,1.91318773,-0.55870906,-0.46633908,-0.58138314,0.3700643,0.40696658,-0.00607313,1.1662601,-0.22327978,-0.68002159,1.26788688,-0.92425578,1.02793355,-1.59949439],
[-12.20916352,-10.11900171,-7.6841819,-9.13760289,10.71359858,1.27610446,-0.2283906,0.41538481,-0.29688065,-0.09908213,-2.21468016,-0.2450036,0.9764018,0.47875586,0.48209348,0.79072846,-0.06478851,-0.54153707,0.84477652,-0.32526291,0.10953955,-1.07186445,0.39054521,0.70340672,-0.41561009,-0.86656737,0.82954436,0.72679913,-1.0950117],
[10.89809507,11.49528921,-7.22132707,10.46359974,11.33634472,-0.36244889,-1.15650082,0.06677834,1.70891333,1.3639226,-0.99800276,-0.77546466,-0.45731105,-0.61704446,0.5894361,-0.53880824,0.85637434,0.15272429,-0.6365109,-0.29924741,1.36533393,-0.65728769,-1.08685498,1.16271416,0.26021354,0.89151816,-0.56662101,-0.5444906,-0.84049776],
[-0.15933281,0.90044542,0.49725188,-0.68827537,0.80789659,-0.68613418,-0.41419647,0.0243802,-1.20949222,-1.64680698,-3.00571957,-0.56044698,1.37285989,-0.07200978,-1.23489872,0.15539437,-0.91365004,0.34222636,0.42907085,0.61776743,0.2355526,-1.46651418,-0.32915155,-0.36420108,-2.39155616,-0.22188039,-1.28972637,1.62430363,0.9942828],
[-8.22976563,10.57054751,11.90288006,-8.13464521,8.27998255,1.50326472,0.67688971,1.57474925,-0.37353544,1.04521897,-1.42552429,0.85703447,-0.5771809,-1.30778023,-1.19747583,-0.95202142,0.52384977,0.51294002,-1.19279374,-0.93902197,1.0408187,0.20122765,0.15866491,0.73224645,-1.36191755,-0.69364831,-0.06812665,0.71317943,-0.37859189],
[-0.26181177,-0.342406,0.28341685,-0.12701557,-1.56321757,-1.05752956,-0.03663787,-0.97093636,-0.05705302,0.47091734,0.29569869,1.0411029,-0.22578567,-0.54006179,-0.12186773,1.10615108,-0.26906142,-1.3286283,0.63978395,0.33226115,0.13689533,-0.71273569,0.30686693,1.74712639,0.13100594,0.21533162,-0.1892336,1.3590028,1.45631379],
[9.41601488,-9.79551335,7.90808818,-11.10459765,12.97572501,0.66951622,-0.17139746,-0.29059507,-1.55489466,0.65569336,1.83906115,-0.43815334,-2.76358538,-0.62098779,-0.60334866,-0.75228674,0.78155591,1.33665262,-1.02801717,2.69585091,0.17638403,0.03328906,-0.36483336,0.60613262,-0.27768693,1.04745436,1.19603927,-0.64831323,1.3568665],
[0.38532989,0.62892212,0.38239393,0.11864108,0.32065837,-1.09694205,1.6903524,1.37487017,-1.52425334,0.93366138,1.60797845,0.39741434,0.50379158,1.61991304,0.09055657,-1.44836373,-0.4913898,-1.06058703,-0.57330183,-2.05492341,0.89027142,1.78401302,-0.92070156,-0.72965037,-0.38578428,1.33162057,1.34086941,0.07542991,0.46470925],
[-0.42038531,0.24332091,0.14459403,0.50867294,0.48156188,-0.35328202,0.71424545,-1.94665964,-2.03050003,-0.50981319,-0.83537833,-0.32517777,1.4390681,-0.46645183,-1.40212886,-1.00917046,-0.63942718,0.8735259,-1.04123128,0.01578113,-0.82800523,-0.75955735,-0.36590721,-0.89857121,-0.95455524,1.13869262,0.81276107,0.32419091,2.14058035],
[2.04550021,0.39023881,-0.42458902,0.45290546,-1.94550816,0.82373822,-0.44732522,0.94899799,-0.55377133,-1.63809257,-0.11986464,-0.25201051,-0.25560611,-0.54446604,0.09880196,0.91612109,-1.10060048,0.04219871,-0.44330057,0.50608696,-1.80340963,1.31219101,0.09571407,0.66617919,-1.88428176,0.97183593,-0.10478874,-1.46916867,0.01476623],
[-0.56005767,-0.72830172,-1.53201829,0.57012059,-1.54599353,-0.0206476,0.98303612,-0.96502358,-0.78540172,-1.1845674,0.01917364,-0.05906738,-0.05244969,0.1315959,-1.20366292,0.64108907,-0.53606171,-2.58109244,-2.09609665,-0.07007308,0.57396384,-0.81526126,0.22485951,1.48376615,-0.884136,1.01008949,-0.16078737,-0.7390771,1.22881554],
[0.93734144,1.13887934,-0.10673159,-0.60619327,1.54744654,0.31717566,0.51992799,1.14212571,0.01448988,-0.71999631,-0.2410335,-0.84091314,-1.29184264,0.116034,2.58907567,0.29470981,-1.06132587,1.28547343,-0.64673526,1.73519716,-0.47609501,-2.01281237,-0.44909803,-0.76175633,-0.56013712,0.09945695,0.51529666,0.56818002,-0.55823943],
[-0.67443955,-2.06477319,0.98936875,0.12193415,0.29308811,-1.06019444,-1.36266462,-1.69799769,1.47651136,-0.11616414,-1.67962541,-0.04976689,-0.93515126,0.78787435,0.2994396,-1.07577598,-1.14157667,-0.42881666,-0.15450247,-0.58222985,0.47670434,0.31913892,0.52405903,-0.56346205,0.38554321,-0.58907682,1.25508195,0.52589323,0.89403735],
[1.02274129e+00,-8.80039233e-01,-2.03304837e-03,-3.29244359e-01,4.29701096e-01,-1.02014920e+00,-1.19360072e+00,3.57870111e-01,3.96227809e-01,-8.63927924e-01,-8.20763423e-01,-1.42871927e-01,7.00079396e-01,-2.10225387e+00,-1.17219774e+00,-1.66709831e-01,-6.21465392e-01,-1.52850726e+00,3.29867718e-01,1.40420766e+00,2.18132720e-01,-1.77532238e+00,-1.04038583e-01,-1.14382065e+00,-5.74300312e-01,1.52940169e+00,-3.80633084e-01,-1.56676741e+00,1.34477446e-01],
[1.00462599,0.82858051,1.58584656,1.19697266,-0.15552765,0.84796188,-1.33407784,-0.49430071,0.78064101,0.42144806,-1.17970499,-0.70045775,0.99607588,0.11663541,1.37233059,0.36463938,-0.10368716,0.00684019,-0.22647519,-1.57350039,1.05108051,0.48192965,-1.17927931,1.6081002,0.84926686,-0.67627317,0.63769769,0.08781928,0.41529194],
[0.79515059,1.28690528,0.17143968,1.94539186,0.08876533,1.48022759,-1.00449633,-0.62977374,-1.31413264,-0.35813479,-0.81922433,0.50143757,-0.94018432,0.79683401,-1.00570503,-0.51913409,2.01500552,0.47664879,-0.97863297,-0.26859529,1.16600492,0.24690222,1.1926069,-1.53577423,-1.5827551,0.00719771,-0.38027757,1.35851523,0.36295891],
[1.10404039,0.84426854,0.51234856,-1.36525234,-1.54931853,1.05612086,0.76783293,0.73598758,-1.71033809,1.18831916,-1.44573782,-0.08585559,0.39311684,0.49962656,-0.46909607,-0.43862438,0.35444753,0.32096887,0.51227784,-0.76088968,-0.05703337,-0.34619234,-1.67253034,-0.09770345,1.20851501,-0.06763808,0.17800963,0.66183078,-0.70661146],
[0.96568659,1.40793505,-0.38014767,-1.16433097,-0.13614766,0.525043,1.07933388,0.00981058,-0.41731638,-0.55341006,0.90776434,0.14547621,0.18735212,-0.03067548,-0.30807405,-1.60106592,-0.78357777,0.77216635,-1.17378996,-0.87538908,-0.79226589,-0.94586662,0.0733251,0.38896691,-0.48860107,-0.58548955,-1.06052815,1.5985247,0.41152032],
[0.51594315,-0.43965889,-0.33790935,-0.76481633,-0.12815755,-0.38991883,-1.52523259,-1.95188807,1.80742967,0.86748234,0.63522025,0.20008307,0.30715149,0.93392228,0.21262826,-1.27989042,0.23745796,-0.19984918,0.95891753,-0.56536601,-1.38433056,-0.89721063,-0.95723078,-0.59451961,0.54377669,-0.64916766,0.56740292,-0.32134696,-0.35842269],
[-1.26767243e+00,-3.43397174e-01,-3.26119980e-01,-1.10212224e+00,-5.03352971e-01,-1.30255733e+00,2.56911556e-01,-6.37377186e-01,9.23944117e-01,-6.93351161e-01,-1.50608299e+00,1.42778166e+00,4.07159785e-01,2.15683607e-01,-1.10936506e+00,8.40975571e-02,-1.00775361e-01,-6.20704423e-01,-5.58198017e-01,2.05691417e-02,-4.04620705e-01,-1.66941850e-03,-7.10424394e-01,-1.31722017e+00,-1.28938673e+00,9.72633044e-01,-1.96230709e+00,-1.21607768e+00,-1.04317386e+00],
[0.42878504,-0.45328751,1.77744923,0.44177762,0.22257266,-0.10855189,-0.70515341,-0.91983609,-0.16083277,-1.29122858,0.50496583,1.09581811,-0.46693688,-0.04752305,-1.19665211,0.96214718,0.83738405,0.27625043,-0.07436097,0.53511193,-0.94717459,-0.25225452,-1.01969167,-0.7283377,-1.260945,0.29698434,-0.69986361,1.20696628,0.65169296],
[-0.47531455,0.15138919,0.02787012,-0.27843622,0.01360874,0.01542892,-0.46035694,1.57914305,-1.76742808,-1.22111677,1.11228962,0.49058793,0.93133393,1.0640631,-1.10364508,-1.42220188,-0.30715201,0.74820093,0.20034779,1.2393899,0.71273626,1.5621268,-0.45455836,-1.03821532,0.62403916,-0.31405071,-0.01655153,-0.37067261,-2.43929766],
[0.62254682,0.04953462,0.28430427,0.35216856,-0.43058572,-0.41535853,-0.16076254,1.84277904,-0.21307863,-0.59745491,0.00354396,-1.05387745,1.21943022,0.5279403,0.82217926,-1.08043838,1.6285686,0.9300926,-1.62769713,-0.82794222,0.49456036,-0.66248149,-0.73998568,1.56788052,1.96376738,1.27947137,0.75552544,1.75860311,-0.35373578],
[-2.39773947,0.19035586,-0.8901434,2.02605979,0.37492629,-1.41135449,1.51647776,0.25917695,0.45510703,-0.44741415,-0.83202749,1.12014861,0.47594004,0.91261909,-1.24403976,0.09147166,0.95109431,0.1402582,0.17998728,-0.75404895,-0.55533802,-0.47337881,1.76402497,-1.23103581,0.29835985,0.15793839,-2.23366174,-0.09796977,0.8541759],
[0.77653955,-1.1916374,-0.48961369,-0.47952075,0.52844246,-0.07911566,0.7593966,-0.4064475,1.13318693,-1.17338573,0.97509733,0.69171133,0.61391494,-0.55402558,2.36009377,0.80297972,0.79516585,0.24591211,0.23609723,0.02553276,1.5987442,3.15843338,-0.17539324,0.37073477,1.15870851,0.00504829,1.097728,-1.36782813,1.58411346],
[-1.59467,0.11329767,1.02511639,0.7889874,-0.87349494,-1.40076659,-0.03660166,0.64368113,-0.57579223,0.3758824,0.56910151,-0.43183765,0.49675875,0.78121744,-1.55119151,-0.22322347,1.30995832,-0.58138828,-0.4885297,-1.69557633,0.32411475,1.51657145,-0.28429421,0.70435251,0.73702486,0.06891305,0.26442696,-0.04512536,-0.11493489],
[-0.92197453,-0.3132978,0.60620182,0.28321096,0.11687236,-1.09645062,1.1982301,0.65327738,-0.12029435,-1.68601407,0.36844004,-0.85712153,0.47605012,0.14158255,-0.02103719,-1.10302186,0.48980029,0.21375858,-1.21044343,-0.63849417,0.94660751,-0.23312477,0.24898767,-0.15461107,-1.19983891,1.48098504,0.30952643,-1.53187575,-0.09821867],
[0.87873206,0.31735014,-0.7600252,1.65728959,0.41151443,0.60424847,-1.59711369,0.19218796,-0.32303271,-1.03995897,0.79141569,1.0595376,-1.27903118,-1.0387291,1.68182015,0.13997856,0.92073406,-2.16445833,-0.59880675,-0.18694087,-0.4415597,0.83057817,-1.54921887,1.45116123,0.38420816,0.90040907,-0.88465231,0.25465954,-1.13581659],
[-2.01683002,-0.59404982,2.70265205,-0.54930449,1.73924822,-0.5555977,1.37210909,0.15339052,1.48235798,-0.73235614,0.5746345,-0.20219076,-1.89786011,1.43333239,-1.07745416,-1.0467063,-0.36033447,0.51306266,-2.0129721,-0.97623816,0.30657103,1.03003711,1.97106301,0.8779021,-0.77678686,0.21528522,-0.06992318,2.17703899,1.93904445],
[0.27444497,-0.2814532,-1.56078932,0.35249029,0.25016452,0.95519889,-1.36037717,-0.08685655,2.06074467,0.26482197,2.22585089,-0.12696686,0.07087785,0.12526005,1.92382875,0.86498255,0.43710349,0.45922992,-0.444874,1.3185198,-0.55068424,0.30508488,1.060678,1.05948682,-0.07580134,1.80857351,-0.34285676,-1.44906488,-0.33312037],
[0.3524642,1.20128469,-0.61824257,0.00352367,0.57487492,0.15305829,-0.96245361,0.65099431,0.66720761,-1.81638738,-1.0699454,1.34051925,-0.86607522,-0.32334907,-0.24760284,0.09659557,-0.62814259,-1.00941404,1.41774527,-2.06079463,-0.0577293,1.24233254,0.05536883,-0.8095943,-2.68263276,0.93606016,-0.94814146,0.52474054,-1.37902728],
[1.60817112,0.31686038,-1.30931287,1.36727952,-0.04052211,-1.98170139,-0.70660142,-1.49600078,-0.98824051,0.04554617,-0.52289055,1.04867805,-0.75905749,-0.03912511,1.2929847,-0.32637356,-1.77624378,0.10719448,1.61290562,0.24993707,0.31150572,1.0830944,-0.63644857,0.35212654,-0.57907383,-0.79276346,1.77086346,1.9299595,-1.88261996],
[-0.0308084,-0.35059222,0.82288698,2.12261778,-1.41060134,-1.10235939,1.09512388,1.69910313,0.80516504,-0.52089171,0.53834892,-0.77517471,-2.42147682,0.78302392,-0.58014833,0.39890847,0.82231921,0.82707941,-0.45761165,-0.39844849,-0.52950593,-0.18829772,2.10394343,0.33241305,-0.20981605,1.12240405,-1.80638318,-0.81549254,0.41938919],
[-9.62516366,-8.93585344,-9.68164455,-9.74322834,9.10423499,-0.0994437,0.04191513,-0.2474251,1.22294426,0.98659632,1.58612571,-1.68482083,0.85752726,-0.61858841,-0.9957245,-0.10603423,-1.17611188,-0.83574443,0.2882791,0.96779005,0.26291352,0.70368221,-0.09521894,0.30048313,0.52157041,-0.91971693,1.34080388,0.60182475,-0.13894564],
[0.57766982,-0.3492771,1.42791276,-0.98643464,-1.10332247,0.51296927,-0.17052155,-0.89970595,-0.51954299,-2.12008416,-0.62927858,-1.07810716,2.54335573,0.85015739,-0.60002387,1.00360219,-1.32294704,-0.57572937,1.48974859,1.27356436,-1.4230563,1.64735827,0.12726127,0.00980003,1.62768487,0.2280567,0.098986,-1.55774738,0.89622583],
[-8.51844935e-04,-7.14536388e-01,-8.56892630e-01,-2.16183012e-02,-3.99129356e-01,-1.01853057e+00,3.05719455e-01,7.89248101e-01,-7.04099757e-01,1.13303534e+00,-1.68827023e+00,4.10420860e-01,2.37913423e-01,8.18139480e-01,-1.45314130e-01,1.18036537e+00,-6.10029499e-03,9.62758716e-01,-9.83878255e-01,-3.50046874e-01,-8.97000173e-01,-1.42149381e+00,-9.46606097e-01,-9.29575970e-01,1.13432314e+00,1.07670740e-01,3.23512121e-01,1.28742519e+00,1.62900731e+00],
[0.86106937,-0.35962962,0.67657276,0.41768399,-1.1426945,3.29896608,1.47789077,-1.10675836,0.55369856,-0.07563502,1.02992152,-1.63831401,1.41891921,-0.40368386,1.13342456,0.51613751,1.37509531,1.05247848,0.36075956,-1.1180291,-1.07669505,-0.3650297,0.99329612,2.55496513,0.90679468,-0.22068565,0.0684207,-0.7439765,-0.78943709],
[0.76505093,-0.89497845,-1.22602495,0.19973588,1.06399583,-0.80147217,-0.13978627,0.70323761,0.02311665,-0.01914319,-0.59588661,0.25677316,0.2021599,-1.44940542,-0.18457444,-0.15174401,0.18391793,0.08422094,0.55321062,-0.18390098,0.58387875,-0.32393191,0.19104964,-0.73385159,-0.38372768,-0.80327495,-1.75801252,0.38044249,1.14735306],
[0.30483146,-1.29710344,-1.10517962,-0.53264689,0.67649599,1.61038051,0.72880301,0.99174092,-0.38843232,-0.24751618,-0.76586382,-0.48386465,0.97530824,-0.17741753,1.57853824,0.28354423,0.5456885,0.89453583,0.30540761,-0.63003546,-0.15731941,0.96612867,0.50434992,-0.08089127,0.60716408,-0.79560303,1.23214954,0.15811411,0.22991217],
[-0.82155375,-0.12396916,1.74158563,0.2144977,0.53033893,-0.40152813,0.83408042,0.89679157,2.78469943,1.49880809,0.45512528,-0.03205854,-1.03220728,-0.90766679,-0.19533741,0.39661819,1.10458283,-0.49004594,0.83018363,0.41272293,-0.95495008,1.12049082,-1.18187721,-2.54321096,-1.52319004,1.40378415,-0.22097189,-0.89214255,0.52237951],
[-1.17665061,0.45548053,0.02215977,0.94203574,-0.7183345,0.09034844,-0.45818368,1.64586228,0.42628918,-0.42640278,-0.55899872,-1.37669275,-1.02114178,-0.70941259,-1.30043374,1.26467577,-0.09972983,0.17251895,0.35891432,0.39235583,0.66102108,0.895496,-1.02595896,-1.07931651,0.17166875,0.4948548,-0.36862068,-0.81176335,0.81635874],
[0.40295733,1.19216537,-0.0127002,-0.56304697,-0.66685943,-0.098464,0.50971471,0.28108119,0.16283746,0.05949866,1.40959984,-0.19336605,1.20192378,2.11526565,-0.04939377,1.18252014,1.51576977,1.34999396,0.23393325,-0.84476974,0.36126464,0.41783346,0.67920239,0.05590826,-0.22682899,-0.41833249,0.60525737,0.79570364,0.62430497],
[1.55881361,-0.11693277,-1.6394332,0.53450392,-0.33577447,-0.10644745,1.42336489,0.78771088,-0.48352549,0.07781514,-0.69195982,0.87882843,-0.55106308,-0.16655903,2.45814262,0.58917295,0.28403969,-0.38164958,0.56603463,0.06201711,-0.14489709,0.75174301,0.97440723,0.21237017,-0.1123852,1.13768401,-1.13755574,1.34916293,0.21925691],
[11.15725998,-8.73120583,10.40084891,12.07552192,-9.99676162,-0.08007901,-1.55198676,1.65020527,-0.04380919,-0.1637844,-0.36828533,0.808953,0.22422421,1.28777054,-0.66735743,-0.78316426,-0.02917346,1.89437297,-0.69489124,1.22253237,0.16780634,0.28489107,-0.99571645,-2.22931233,0.10728169,-1.186935,-0.30143986,-1.15313306,-0.89151389],
[2.13012375,-0.28720213,-0.90778258,-1.03139705,0.87641787,-0.45175489,0.25570483,1.97467226,-0.96477427,0.01439992,-0.79927394,-0.81058885,-0.66058997,0.80668457,-0.21416948,-0.92788162,1.4600855,1.83019814,0.44270359,-1.40149888,1.09345507,-1.43265864,0.77021731,0.04788602,0.4683729,0.09787167,0.27647186,-0.1904591,-1.10917588],
[1.10169748,-0.60410969,0.3252437,0.33090774,0.72156673,-1.38882125,0.37274009,-0.575719,2.3193629,-0.74202005,-0.00717675,0.62663642,1.88769781,-0.43104384,2.96457833,-0.22586812,-0.05520793,-1.01766038,0.12881101,1.17200169,0.38996775,1.59114327,-0.48022276,1.28676179,1.21708725,-0.58410388,-0.71205693,-1.2652847,1.68937633],
[-0.29634974,1.14224358,1.32275369,1.45368672,0.19184077,-1.0731179,-0.070462,0.67785591,1.09750219,-2.11677263,0.79394663,-0.48624925,-0.05598197,0.07238953,1.47994137,1.82450673,1.015374,1.28103031,-0.57982031,1.4912135,0.07557101,0.23492903,0.49231382,-0.78981013,-1.00020901,0.80717517,0.08034889,-0.03965294,-0.89545375],
[0.85858766,0.26982284,0.90464144,-0.53586285,-0.56006303,0.07905232,0.93366559,-1.50812553,0.59067807,0.87701461,-0.10800481,0.01962294,0.01315697,-1.21960774,-0.40183054,-1.07864258,-0.78831928,0.86432585,-1.851483,-0.07567483,-0.48283976,1.2585586,-0.75943006,-0.08493535,-2.32507697,0.85125149,-0.69283387,-0.40757416,0.95650773],
[1.01306044,-0.7917834,0.13220611,-0.09694289,-0.85958127,-0.79283838,1.73649928,0.31802121,-0.57390533,-0.18977584,1.81351439,0.19220186,-0.86357819,-0.24517707,1.53507825,0.20640493,-0.49659647,0.920315,-0.35070175,-0.74472763,0.38466823,-2.45735799,0.0512104,-0.96658445,-0.55689076,-0.63265412,0.93926798,-0.80415875,0.56504845],
[1.21438922,2.08946332,1.58499359,1.2806515,-1.10563487,-1.43252594,-1.38495845,-0.13377133,-0.33776424,-0.23363871,-0.85115935,0.94245341,-0.21226782,-0.96666761,1.25470854,1.43829601,-0.29174826,-0.24933883,1.3482384,0.71573531,-0.56262277,-0.46012072,1.24831212,0.5047573,1.41780293,0.47238256,-1.7253802,1.56414258,-0.77656544],
[0.2171361,1.64395641,-0.74400793,-1.25125587,-0.68070642,-1.44767782,-0.64604995,-2.16282098,-1.14539688,-1.16890879,0.58368354,0.2292783,0.21430918,-1.22075399,1.58285312,0.16113221,0.09705631,-0.04369721,0.71325802,0.72525286,-0.55336365,-0.11430465,0.88832744,1.15655195,-1.1637962,-0.19435863,0.22854368,0.384003,-0.54225113],
[-1.84830782,-0.18066792,1.95697966,-0.65674546,-1.22948331,0.7245272,-0.1628777,-0.48741535,-0.34382139,-0.38340945,-0.23478704,-0.55955819,0.33046927,1.76447299,0.64281692,-0.40580757,2.24458075,0.33553642,1.3599702,-1.77907788,1.20396071,-0.24100753,-0.00981351,-0.37746847,-0.71148245,1.77354914,-1.03491143,0.14506204,-0.84270248],
[-0.41070538,0.65484107,-2.55114722,0.53195284,-0.77188333,0.02984854,1.04024871,-1.32852738,0.25805542,-0.7137187,0.5791478,-1.92055224,-0.49875723,0.24206334,1.77155482,-0.24525263,-2.22259859,-0.48793858,2.25847186,0.28042083,-0.08366102,-0.43302166,0.78141455,1.56706195,0.23166736,-0.19224892,-1.53576455,-0.24000867,-0.02766351],
[-0.32408195,0.6613214,1.75359549,-0.13685968,-0.68036595,-2.79814512,-0.05443768,-0.45260011,-0.1960441,0.99388035,0.05136764,-0.80802934,1.72268401,1.39006898,0.02006411,0.66099858,-0.05583613,-0.49250617,0.35360089,0.95363093,0.62906627,0.17756961,-0.41961051,-0.87726167,1.5418215,-0.54436557,0.7262749,-0.12923115,-0.4894728],
[0.73613372,-0.24853416,0.07580715,-0.20297944,0.6760067,0.07563954,-0.10265199,-0.92527492,-0.5122438,1.71504856,1.54921048,0.18938331,0.56831274,-0.36927312,-0.0313999,-0.13711536,1.3153523,-0.82598259,-1.41139872,1.26718693,1.20309071,0.61306339,0.315173,-0.1623863,-0.70502236,0.52126634,0.02091764,-0.24426747,-1.67006834],
[-0.35840241,-1.21316034,0.38273288,0.85941581,-0.11434866,0.11994766,0.21369424,0.57507079,-0.7953227,0.57385845,-0.05215748,-1.28398766,0.46478209,-0.50153703,0.80247651,-1.44425122,0.64148665,-0.45620775,0.3831131,-1.05893621,-1.56956506,2.34683918,-1.05520795,-1.14717667,-0.22113006,-1.68595771,-0.14749824,-0.59886818,0.36252105],
[-1.43306871,-0.76000624,-2.29956569,-0.17534204,1.11479531,-0.41096873,-0.57732855,-0.5129337,-0.14387275,0.15872868,0.19022367,0.95731125,0.67473526,1.65438262,-0.50341013,-0.64998366,-1.64232675,-2.06369205,1.37151048,0.36713654,-0.72668273,-0.4439543,1.64035402,-1.90156681,1.97459476,-1.10819031,0.84145072,0.27510769,0.58597986],
[0.54411408,0.40537777,1.72314851,-0.24225707,1.82313266,0.15020415,0.02643095,-0.21288473,-1.3952605,0.95332669,0.17128223,2.12926531,1.90067464,-0.49312511,0.24250013,0.57185374,0.65220034,0.29119964,1.12520266,0.80878121,-0.75498112,1.8781124,-0.64785871,0.70780581,1.06382234,1.48060202,0.61097319,0.12666375,0.71715847],
[-0.67776783,-0.09771567,-0.72942691,1.47426235,-1.56174374,-0.84543451,-0.11490306,-1.17407364,-0.0060533,-0.39836257,0.20766481,-0.9062787,0.55386733,-1.03581477,0.00569849,-0.54629331,-0.28156692,-1.72018225,0.38761869,-0.08979172,0.09795188,1.90864435,0.48752888,-1.79033067,-0.72230483,-0.58899515,-0.04314572,-0.27309471,1.37630375],
[0.51142388,0.00757132,0.48650387,0.90293455,-0.32467489,-0.17880578,-1.23741776,-0.270963,-0.37412434,-2.12637005,-0.17843127,1.91245852,0.90260037,-1.25918367,-0.35964133,-1.51821572,-2.63910152,-0.09435411,-0.4184684,1.49519248,-1.39119704,0.71092619,1.66479491,1.33521978,-0.85689628,1.65526897,0.28494795,-0.24128471,-0.62517785],
[1.05063836,-0.1815324,-0.09076047,-0.25673536,0.15842972,0.38846569,1.18133978,2.03046683,-0.65403511,1.29297641,0.09182051,-1.31108956,0.89079002,0.16448227,0.01405308,-0.5062072,-0.04889838,0.25540045,1.66945864,-0.25223562,-0.09429302,0.34265436,-0.94537601,0.35503368,-0.0682615,-1.10615513,-1.45413982,-0.38142059,2.07929507],
[0.07890705,-0.03444698,0.32961462,-1.53966824,0.14997282,1.38622255,0.65601087,-0.89217782,-0.74918472,-0.31248088,0.77386106,0.14826689,1.23477674,-0.26576888,0.6035429,-0.81104971,0.17843939,1.27044233,-1.23422535,2.92011434,2.42355204,0.95052704,-0.46134272,-1.14571693,-0.5555676,-0.24036849,-1.07905084,0.76398085,0.03874853],
[-0.19467426,0.67790991,1.87138604,-0.95917462,0.49097597,0.64146178,0.96534669,-0.38953776,0.2409195,0.97531989,0.4416102,-1.41801125,0.16382511,-0.30712375,-0.79300656,-0.11270591,-1.18746896,1.13378306,1.1173706,-0.4083965,0.64747821,0.45518292,-0.68866362,-1.14133153,-2.20827204,1.69884299,1.01083238,-0.30156577,-1.42574528],
[-1.11021722,0.39590276,0.59442551,0.58788301,1.18518982,-0.27422081,-0.01406591,-0.66644322,-1.15194342,0.58749657,-0.20503276,-1.3243651,0.35894631,-0.05635617,-0.0513174,0.46534915,0.43458519,0.83888229,0.7138523,0.92116363,-2.34637616,0.30693822,-0.22614385,0.86397196,-0.47572791,1.01049872,1.16598918,0.14733416,0.65410431],
[-1.16469801,0.22658965,1.98318081,-0.82410229,0.43674968,-0.85154952,0.24232764,1.18420488,1.73505987,0.34237946,-0.0992641,-0.07695873,-1.4053478,1.00279266,-0.65268849,-1.66855119,0.0661291,-0.89025074,1.18099367,-0.65303236,-0.44298568,0.10781444,-0.87516293,2.51758883,0.47197331,-0.34146256,-1.55080404,1.25373567,-0.08795653],
[2.0631223,-0.20936797,0.62132261,-0.72524977,-0.24606338,-0.05921991,-0.29915876,0.25131036,1.60699639,-0.21130318,0.88357258,1.12635256,0.76679534,0.53867986,0.45107461,-0.7389175,-1.20615496,0.53613286,1.903437,-0.69924101,0.57980552,-0.95364126,1.23276372,-0.73885835,-1.1456098,-0.86964953,-1.03713631,-0.69371408,-1.26191303],
[-0.72294375,0.35147145,1.7114508,0.71801047,-0.82400946,0.17073912,0.54774902,0.33201026,-0.08465701,2.83508671,0.74729979,-1.70481297,-0.53370208,-1.30239336,-0.42567438,0.70299201,-0.2099885,-2.21398628,-0.2528663,-0.03601804,-1.3202512,-1.05005673,0.82591577,-0.34213745,0.2538474,-1.22760601,1.7468669,1.16699622,-1.49791709],
[2.97494206,0.50132466,-0.37649755,0.40206677,0.47762209,-0.61675082,-1.79528184,0.49394855,-0.06914055,-0.62055744,-0.5014341,-1.59255628,0.75076941,1.12559398,1.26613387,-0.2567816,0.84445679,-0.98238779,-1.25698733,0.9417168,-0.02736955,0.83025631,0.37293043,1.90740963,-1.27160471,-0.12212622,0.27403219,-3.28933039,-1.21007501],
[-1.66925706,-1.4604134,0.83284585,0.01127654,2.02874559,2.66423664,0.43094152,0.18021829,-0.17435253,-1.51817574,-0.21755684,-0.39192617,0.34911581,-1.360569,0.8654552,0.63959759,0.75800131,-0.80833639,-2.11041843,0.7197337,-0.63724857,-0.73638735,0.23451129,0.61568571,0.20873509,-0.15475774,-1.06119079,0.29717874,0.03081891],
[-0.58696957,0.0918258,-1.35196588,1.2796748,0.40970481,-1.63121898,-0.27970377,-1.01005001,-0.24909739,0.2048553,-0.15121505,0.27447968,0.55701921,0.13501146,0.16225639,0.42134673,-1.76968865,1.57077816,-1.25097755,0.9131037,-0.74180498,1.61084571,1.5457959,1.5744738,-1.98537707,0.04438838,0.41578201,-0.99809507,-0.59420075],
[-1.78031189e+00,-1.83365154e+00,-1.79195310e-04,8.31958294e-02,1.61075959e+00,-7.05675539e-01,-3.02134878e-01,-7.11203888e-02,-1.31204656e+00,-5.40116852e-01,1.65696933e+00,-2.81142361e+00,-6.28382727e-01,9.18726459e-01,-1.26753596e+00,-6.33409986e-01,-8.83147933e-01,6.59521329e-01,4.55909648e-01,-1.59774390e+00,5.66524340e-01,-1.10847792e+00,2.66742155e-01,-2.63553574e+00,-7.64830668e-01,-1.89479265e+00,5.98000685e-01,-3.69317480e-02,-1.40911308e+00],
[1.16140686,0.00794989,0.01319947,-0.15827253,-1.3743455,-0.22945497,-0.07080631,0.23937042,-1.07011631,-0.04770449,0.96774612,-0.38181494,0.37402591,0.64004635,1.08432255,1.38587768,-0.95295763,1.36988161,-0.65238865,-0.95934384,-1.85104402,-2.09076474,-0.51562885,0.92783042,0.39107403,0.09665593,1.15300329,0.03434484,-0.62129522],
[1.95268268,-0.69471443,-0.16745054,-1.09797801,1.73409182,0.80611508,1.08907587,1.11825972,-0.83007693,-0.12423131,-0.79181095,-0.43192119,-1.97253081,0.0296794,0.48162949,-1.6685847,-0.54170985,-2.35142552,-0.76001545,1.99990811,-1.0119045,-1.52193402,0.88969592,0.2413349,0.53495364,0.30573469,-0.24931625,0.66727807,0.50739557],
[0.07356513,-2.25151606,0.53804633,-1.15458266,-0.87112983,-0.54501353,-1.22733709,1.63797596,0.08544619,-0.78019336,-0.53065689,0.38374705,1.20951899,0.56857019,0.31604344,0.40486306,-0.30969668,0.55923397,-0.43141161,-0.80970814,0.89972288,-0.11116507,-0.79739894,2.95627594,-1.41043155,0.61819124,1.40959973,2.2700302,0.51176807],
[-0.23640222,-0.65343678,-2.31675044,-0.26784225,1.46122639,0.87234037,0.26036211,-0.94684263,-0.78753343,0.91057517,0.43437538,-0.42331104,-0.56970845,2.89623401,-0.88398542,2.20463897,-0.34741886,1.51103852,0.23389867,-1.6173816,1.11782143,-1.43173086,0.72641948,1.38798631,-0.03971516,1.22856231,1.3588978,0.75036003,0.84347839],
[0.74157381,0.30909272,-0.3702109,0.30502174,1.08506842,-0.6087445,-0.18210474,-0.71446123,-0.83161267,-2.00747985,-0.98860971,0.23168207,-0.57093919,-0.00515195,-1.16096979,0.29117067,0.07295579,1.53390284,-1.51615376,-0.20866726,-0.56264141,-0.08327106,-0.37902271,0.18652438,1.27207357,0.0898806,0.02830519,-2.88681047,1.52777321],
[-0.05832748,0.75983394,0.50291261,-0.64509095,-0.76224981,-1.45470943,1.05895826,0.96744485,0.14875567,-1.57850686,0.66273397,0.98730283,-2.19167763,-0.25956919,-0.3679117,-1.34113734,2.0139542,-1.36622173,0.28712198,2.20691224,0.89755966,-1.28561922,-0.92100658,-0.41181688,-0.67257591,-1.25204851,-0.37022187,0.38790274,1.42201399],
[-1.03616104,2.58576188,1.27958193,-0.67512283,0.45211164,-1.49228523,0.73215648,-0.77288532,-0.33582241,-0.74631986,0.25410521,-1.42590794,-0.66275675,0.66457873,-0.34497656,0.91221492,0.59064353,-0.287078,-0.43084228,1.06995218,0.10247907,-0.87735457,0.32468306,-1.45184903,0.64142468,0.98965249,-1.17330591,1.79754341,-0.5369043],
[0.62040888,1.16012657,-0.82698783,1.31575403,1.07368721,0.2697697,0.83237021,0.7512226,1.93524727,0.59882517,-0.73073022,1.05930927,0.26324638,0.90637724,1.05110652,-0.33124178,0.54714199,-0.59164799,2.04889908,0.96281788,2.06315029,1.89715013,-0.2184918,-1.02629578,1.10876207,1.34112533,-0.68607202,-1.15719905,-0.69849981],
[-1.0117868,0.3745714,1.25164432,0.69184113,0.25669513,0.17716611,0.09492517,-0.7897924,-0.20959157,-0.35147698,0.37859474,0.65199045,1.02735425,-0.22097236,-2.0351688,-0.67724,-1.83288281,-0.29451607,0.06847331,-0.86805133,1.49038368,0.59056105,0.76954941,-1.52715956,-0.47693059,-0.2885458,0.34104367,-0.00970308,1.4670891],
[0.04960124,-1.96588739,1.88567904,-0.30295057,-0.94290179,1.486196,-0.15479299,0.53041594,1.31489179,-0.48592634,-1.95437101,0.22458843,-0.64182917,1.1510048,0.2010835,-1.34591431,-0.48167176,1.02804669,2.74795914,0.16408873,0.71689663,0.72737181,0.68506088,-1.19474951,-1.34752453,0.3468903,-1.37219873,-0.78007572,-1.54364447],
[-0.03704773,0.38866814,-1.00709965,-0.79680283,0.87285694,-0.21181596,-0.71271167,0.34648855,-0.14915121,1.58590381,-0.34899903,-0.76306077,0.0565071,-1.04739853,-0.76142103,-0.28304273,-0.71758221,0.57976945,0.74504245,-0.92523038,-0.14389997,-0.3958642,-0.95851361,-0.72100994,0.81514629,0.12226499,0.076247,0.835503,0.75222334],
[0.52840962,0.07532145,1.71994295,-1.75760427,-0.50363189,0.05487791,-0.66542282,-0.07298107,-0.7135439,-0.01306967,-1.03079667,-0.10905258,-0.12278499,-0.72474163,0.2901477,-1.26152079,-0.64641865,-0.09603044,-0.62418211,0.10307923,0.27563634,0.83487364,-1.90983927,2.17317262,0.38992641,0.58774485,0.11425664,-1.08971141,-0.4904472],
[-0.34603949,1.36733408,-0.73426674,-0.55537792,-1.29694522,0.0688218,-0.16718029,1.56323655,-0.29225462,1.21574105,-0.47914582,-0.39977996,0.5127486,-1.08357626,-0.38766314,0.31941166,0.06686013,1.51998496,0.20932345,-0.14569312,-0.35957467,-0.94861447,0.07203227,0.26656041,0.06820805,1.22943648,0.63748919,-1.91485737,0.43572579],
[8.12019597,9.29969911,-8.99379534,8.71836578,8.88673523,0.90354491,-0.95750337,0.25158277,1.87684827,2.04041056,-0.99882599,0.33471709,-2.09265314,0.50967914,1.41996002,-0.68779833,1.11277389,-0.25214253,-0.82362693,0.38230671,-0.0825402,0.19951289,0.91019204,-1.45144308,0.78886222,1.18943938,0.34847229,0.52873089,-1.66623963],
[-0.92169595,0.38954551,-1.09669162,-1.04845486,1.01685033,-1.43741124,0.33992707,1.1775632,0.84160581,-1.59677182,-1.66945544,-0.07450265,-0.32294526,-0.18370531,1.24564395,-0.35336614,1.7059246,-0.58235974,-1.17057608,0.51416117,-0.43093287,-1.35914444,-0.82746441,-0.43639917,-0.03950759,0.28459371,-0.60994081,-1.83989209,0.67845511],
[10.73987537,-10.4497129,10.1154882,8.85369255,-10.85006461,-0.84562026,-1.24343521,0.58802015,1.17004561,-1.59813875,-0.5659697,0.48815982,0.16347756,0.20449406,-0.12479164,0.84487159,0.31824128,-0.64424342,-0.13506695,-1.25980731,0.400192,-0.90534315,-0.70353533,0.83445139,-0.82820208,-0.5024463,-1.68107694,-0.84494448,-0.76659592],
[1.37845829,-1.1495952,-0.89149144,-0.97961462,0.54818972,0.72074091,1.54669306,0.16217283,-0.25820267,-0.52184452,0.65481949,1.2655151,-0.08136549,-0.74144828,0.39965869,0.45263557,-0.09595414,0.62852529,-1.56093487,0.07623574,0.31106798,0.27132906,-1.89476144,-0.55262152,-0.87685984,1.61756682,0.13097089,1.45674346,1.06208993],
[1.00908032,-0.72628632,-0.68221378,-1.50844416,0.86741755,1.81944728,-0.19515365,0.53864732,0.21186209,-1.31251922,-1.03054478,-0.78701564,2.23058426,0.33561689,0.34236515,-1.01751895,0.84483251,1.32810264,0.45838653,1.18396385,-0.39979109,0.2908289,-0.60042553,1.41814571,0.40210799,-1.62417874,1.66475489,0.09925766,1.86649427],
[0.955998,0.26256213,-1.13588325,0.35693416,-0.4144839,0.47905493,-1.80925827,-0.60784263,-0.63430298,0.20461518,-1.75334527,0.40844354,0.66729934,0.06579296,1.47664622,2.02091089,2.23678342,1.40106775,0.83361172,-1.57989836,0.66381806,1.30652745,0.34695236,0.5344713,2.10010458,0.7689143,0.62580631,-0.09709686,-0.38410069],
[0.57245788,0.57361995,-0.28271631,-0.81832976,1.00340969,1.18428842,0.48692607,0.86801392,-0.28747994,0.04949223,1.25267105,-1.48640165,-0.34808093,-0.90886895,0.25551676,0.20702983,-0.06767626,-0.53256121,1.73274588,-0.46449088,1.47855175,0.13367279,0.23096475,0.58522714,-0.85145549,0.27341559,0.57205822,1.2564149,-1.09529342],
[0.60322187,0.35853472,0.05438948,1.21129194,0.66382472,-1.10334866,-0.18438692,0.2255993,0.64886092,0.40120218,-1.30001604,0.05103535,2.2786409,0.79484741,-0.31338497,-1.34725969,-0.27285001,0.72873669,-0.73408163,-1.5924248,-0.74969597,0.68419145,1.61111714,1.67677011,0.09973131,-1.88364653,-0.1091137,-0.82266935,-0.54194884],
[0.73465468,-0.32575948,2.09942429,-0.81599888,-0.88972382,-0.2620295,-0.773644,-1.47728552,-0.53930511,2.05682138,0.76940577,-0.56393733,1.30783869,-1.37590494,-0.35710136,-0.69645768,-0.44359964,1.00826355,-1.26836363,-1.25186836,0.97827504,0.00430399,0.96198322,-1.24579904,0.002631,-0.35417486,-0.12934419,-0.07209702,0.70206888],
[5.41658430e-01,5.18624289e-02,-1.65539509e+00,-1.27388870e+00,-1.09679705e+00,1.28288798e-01,-4.86761519e-01,6.71119545e-02,5.59122110e-01,-1.11377531e+00,2.66515474e-01,-3.92421646e-01,-5.74981598e-01,5.05521798e-01,-8.10072445e-01,-9.25864849e-01,1.51186304e+00,-1.80487990e-01,-2.44456465e-01,4.08101606e-01,-6.10742500e-04,-1.41707614e+00,-1.52942940e+00,2.62877025e-01,-1.13820411e+00,-3.12065946e-01,-7.37565549e-01,1.11987023e+00,1.70023705e+00],
[-0.22150269,-1.78258874,0.34301473,-2.28417554,0.91745778,-0.23757298,-0.06941957,-0.42023484,0.54234792,1.41526388,-0.82313177,1.05118649,0.23227811,-2.05099547,0.08682169,0.70213012,1.51357237,0.39241549,0.08150901,1.88325662,1.27079093,-0.25470319,0.74823639,0.65016473,0.74857684,1.77746368,0.52814754,-1.7027225,0.50166258],
[-0.22098412,0.14779847,-2.48500099,-0.529878,1.70493482,-0.55278744,0.48860651,-0.81347738,0.51876804,2.07740192,-0.43761401,-1.24537675,2.06287459,0.08609357,-1.01201337,1.14135182,0.3346397,2.22758114,-0.12643113,-0.77565163,0.14899987,-1.07135065,2.03604417,-1.78453172,-0.16678361,0.23390903,0.63743416,0.09064853,0.92553346],
[0.55342189,1.11586448,0.39268648,0.76703045,0.34741741,-0.37446628,1.19984664,-1.65137767,-1.42056426,-0.83559978,1.46536411,-1.17036731,-0.81287391,0.37372403,0.7921228,0.18770146,0.81431338,0.33771759,0.76717131,-0.32746509,-1.08119375,-1.4347968,0.62588503,0.4192732,-1.31609376,0.01966,0.26454414,-0.10997552,0.12233521],
[2.78626238,0.82281581,0.58021483,0.14892812,-0.74975518,-0.06258258,2.04217257,-0.68279003,0.84208644,0.36995516,0.06876885,0.26257358,0.34716152,-0.29141148,0.94399482,-0.42909328,-0.18139021,1.15773426,-0.30261406,-0.87786584,-0.68286085,1.2961268,-0.40409006,-0.88281414,-0.56415907,-0.47205618,1.1793723,-0.61204492,-0.62374264],
[-1.17794777,0.08549108,-2.74070027,0.21990252,0.95350826,-1.03830536,1.36376172,1.24753004,-0.30875955,1.09964496,-1.20334466,-1.17176885,-1.12321127,1.43304792,-0.69193815,0.80443653,0.24591273,-0.37223715,2.34818112,-0.7113175,0.18045931,1.45563752,0.54566237,0.03702009,1.01083657,0.27422283,0.14185664,-0.78611101,0.86479091],
[0.24219055,-0.10663725,1.84548749,-1.08687023,-1.50005279,1.08456669,-0.96764555,-0.08547431,1.64170849,-1.86309223,-0.20681646,0.36187536,-1.2150043,-0.41900737,1.6332293,-0.22256454,0.58866756,1.26060689,-0.67471669,0.38214227,-0.90308846,0.09870199,0.73759681,-0.9228245,-1.8494054,-1.60274072,-1.16214692,-0.21537462,-0.42753182],
[-0.56631495,0.86880605,-0.84338485,1.48175341,-0.86559805,2.02758246,-1.00784219,-1.25212024,1.84772017,0.77064117,-0.7506878,-1.14212274,-0.42438634,-0.05150185,-0.61539545,0.70097137,1.24344788,1.8573233,1.34431202,-0.45240093,1.24653279,1.20048698,-1.16031001,0.0559094,-0.35661231,-1.8593011,-1.11201012,0.97467983,-0.99842289],
[1.14837527e+00,-1.14724626e+00,-2.12364714e-01,4.49289456e-01,-4.08713161e-02,-5.43133030e-01,7.11003287e-02,1.21697501e+00,-7.86144930e-01,-2.00296673e-01,2.15255382e+00,6.25684186e-01,-8.10957527e-01,3.14221410e-01,9.46913159e-01,-1.03500497e+00,-1.67731199e-01,-9.83727500e-01,-2.46574646e+00,1.02421216e+00,-1.27288040e+00,1.13472792e+00,4.12840481e-01,1.39360426e+00,1.07481178e+00,1.91698235e-03,-3.36821165e-01,-1.27324890e+00,2.01863487e-01],
[-1.47251307,-0.71447212,1.56498983,-0.98916629,0.8615539,-0.88642128,-0.89667784,0.23923317,0.55726054,-1.21490579,0.56694567,1.62769411,1.759858,-0.64716384,-1.77094159,-1.37072517,-0.0214411,-0.25276529,0.1744209,0.66170406,0.38182606,0.14568898,-1.24890858,0.23443328,1.55151473,0.83531572,0.788606,0.08197248,0.48081386],
[1.10100384,-0.11762448,-2.97422314,0.26279331,-1.28244062,1.21123578,1.6169776,-0.0351647,-1.89324258,0.75433763,-0.73160168,0.58087466,0.9750485,0.04091724,1.35535911,-0.64614391,-2.12287443,-0.28006386,0.89823542,-1.40562475,-0.15491566,-0.24563441,-0.77682559,0.54024126,-0.44704084,0.87482823,-0.75528908,1.22306922,-1.77387121],
[1.61668156,1.38586504,-0.32054395,-0.85369424,-1.13949108,1.48143814,-1.53664308,0.46019675,-0.21241901,-2.24342205,-1.52383194,-0.14156895,0.03264697,-1.53740569,-0.97097429,1.43400083,-1.22260907,0.24167462,-0.29424847,-1.26463915,1.01249356,0.57391271,-0.8773258,1.26463461,-0.6553585,-0.14160543,-0.24962616,0.59318147,0.61025555],
[-0.4091811,-0.40472386,0.47984025,0.18383958,0.59525892,-0.60303303,-0.93143807,-0.07022095,1.53175018,-1.24671711,-0.34028623,0.23854302,-2.2507687,-0.52540858,-0.24116627,-0.20347422,0.67044854,0.12469244,-0.15943201,-0.37536862,-0.50644945,0.32769287,1.30857507,-0.44247284,0.94041907,0.53088988,0.54574745,-0.53566301,-0.70028256],
[-0.28374868,-1.72712557,0.23156413,1.55737923,0.54446467,1.29652138,-0.69834204,-1.69450938,-0.19982456,0.26279155,-0.5955578,-0.7957483,-0.44917384,0.98943314,-1.5507175,0.46226624,0.61674129,0.10306235,-0.53346376,-0.38543743,0.15938148,0.98612469,-1.09717679,-3.07739025,-0.56419568,-0.61052417,0.33287703,1.61644695,-2.66945282],
[-0.10597523,1.86183729,-0.73727079,2.20562637,-2.32596614,-1.37107544,-0.6937137,-0.36794718,2.28598045,3.08605036,-1.01391174,-1.21741397,1.45469814,-0.42693015,-0.20362371,0.48352473,-0.00337526,-0.07157624,-1.27703407,0.77389105,0.46540663,-1.00768239,-0.57462346,-0.08132727,1.39221028,0.35366061,0.75751172,-0.44339296,-0.66867765],
[3.20276738,1.46429273,-0.2264518,-0.70341822,0.71321932,1.13822328,0.81518711,-0.63500649,-0.68122815,-1.63841879,-0.94290716,1.20480387,0.24132928,0.68045,1.43229976,1.18067336,-1.26051367,0.73051205,0.13052105,-0.45729489,0.80231147,-1.30681022,1.3391976,-0.23373919,0.07351352,-1.91240907,-0.2494979,-1.98080296,-0.46035413],
[-1.26753479,-1.94411154,0.61315824,0.66453526,0.18769488,-0.20122696,-0.5360617,0.33235357,0.50776052,-0.06085382,3.08902362,0.88856955,-0.40498612,0.38996592,0.02622467,1.14780364,0.81613967,1.4388653,1.29912674,-0.51552358,-0.33495581,0.78288447,-0.35146984,-2.20486212,-0.22066507,0.70037735,1.48711782,0.99987435,-0.08156696],
[-0.29464308,0.16918171,-1.19045715,-2.56541771,0.89979979,-1.48517342,-1.40573608,-1.36553713,0.56190687,0.25897491,-0.11732377,0.06312583,-0.63072754,1.50565982,-1.30804571,0.63546861,0.02832256,0.85857945,-1.50998553,-0.58065357,-0.80369711,-0.60243854,-0.87296237,-0.01735635,0.37444593,-0.36716032,-1.34547395,-1.55773452,0.53336777],
[-2.09758825,-0.67709883,-0.88815858,-0.11183741,0.65780484,0.0740113,-2.14041668,-0.64231196,0.36629787,0.03617155,-0.44293555,0.50864491,0.41371316,-1.57229926,-1.71197623,1.2603547,0.24269699,1.42938964,1.94286731,0.30048449,1.34998204,1.05175621,0.77694283,1.07039135,-0.6098051,1.12294185,1.5940672,0.22440871,2.23000399],
[-0.27900699,1.71736874,1.68598214,-0.03764373,0.1048014,1.23492802,0.77982061,-0.58709734,1.24790324,-0.90387904,-0.03547176,0.2305564,-0.06112753,-0.05480684,-0.24802415,-0.7816705,-0.11561614,0.94040959,-0.3727019,0.49888813,0.47105053,0.74922837,-1.04624686,-2.25368871,0.45926113,0.05320049,-1.28725545,0.51911555,-1.16912034],
[1.70825632,0.64860079,-1.00732968,0.24669658,-1.75298957,0.20202639,0.37561552,-1.14762522,1.47255927,-0.32926026,-1.99135224,0.45988451,-0.17475158,-0.66997539,0.776001,-2.92351304,1.93256763,1.24736913,-0.00519632,0.56295253,-0.03756157,1.01000328,-0.05513638,-1.2025061,-1.48993655,-1.38678876,-0.17085546,0.78089531,-0.03201775],
[-0.71243748,-1.6732255,0.07447943,-0.91208026,0.05037105,-0.40264123,-0.01442751,-0.46656944,-0.24179047,1.03830996,-0.23837417,1.98381883,-0.58333457,1.54922857,0.81880156,1.64942385,-1.08707996,-0.2826908,0.77253248,-0.72524068,0.52544088,-2.01015132,-0.27206455,0.49450979,1.31346572,0.23611261,0.56959189,1.07892873,-0.67954802],
[0.46037656,0.19809083,-0.13536823,-0.28098503,1.17291767,-0.36410112,-0.35322748,-1.04944635,-0.98858534,-0.08486247,-0.45590846,-0.82765099,0.73289843,-0.54310522,0.45364284,-1.21044445,-0.0836429,-2.20843576,-0.39383646,0.29116653,0.45566218,0.7229442,0.34391278,-1.35758312,0.50258256,-1.70441016,-0.0742642,-0.22409784,1.20306572],
[1.44679012,1.00945129,2.13079102,-1.07842501,0.33838798,0.73481911,0.19607146,1.27612961,-0.35532841,-1.08239137,-1.12261564,0.22075745,1.56115214,0.87573914,0.14739601,-1.24163609,0.22125597,0.48987151,0.13711785,0.90656351,0.09596895,-0.6450436,-1.1641462,1.75420538,2.46249537,-0.67430242,1.45237332,1.50427954,-0.18867514],
[-0.73477012,-0.43323589,-1.37979222,-0.59864718,-0.28122928,-0.67923054,-1.09219398,-0.65501214,0.19566825,0.10242567,-0.25743918,-0.64387494,-1.71405971,-0.15642595,-0.01032296,-0.60387863,1.14810284,-1.62053664,-0.32770455,-1.11909362,1.92815941,-2.62601617,-0.56585491,-0.53041973,1.20820833,1.33608527,-1.7029781,-0.44566172,-1.10559088],
[0.66043969,-0.08004581,0.38402522,-0.95955507,-1.11151985,-0.25633368,-1.35578469,-0.82182421,-1.50435791,-0.00531591,-1.17543188,0.83143146,-0.81869505,0.00273142,1.71047713,1.11862384,0.60190481,-0.25048921,-1.5891883,0.48764263,-1.75713545,0.99482878,-0.81235147,0.79046568,0.35735403,-0.58829642,-0.08148225,0.06919193,-0.08026554],
[1.80358973,0.6152465,-1.80766044,0.24100739,1.58316383,1.62725316,0.52351771,-2.56018922,0.94536492,-0.80752323,0.68419769,-0.45239184,1.3418195,-0.34918993,0.67887035,0.62232074,0.84818072,1.48836007,1.84012399,0.7729238,-0.17608699,-1.58927556,1.62100949,0.02652807,-0.41674402,0.71449244,-0.87816912,-0.41145065,-1.62494501],
[-0.00811006,-0.11249807,1.32905561,1.57897354,0.75482619,-0.07097721,1.33088917,0.05443041,0.43724985,-1.35131035,0.01259131,0.0141434,1.03498446,-0.91069839,0.67703708,-0.26143076,-2.391865,-0.57149216,-0.77208096,0.63314819,0.34309726,0.54331426,-1.41193265,-0.92434692,-1.2930285,-0.67152737,0.04056454,-1.22238872,0.6604296],
[-1.67726728,0.99952449,0.56817976,0.64178791,2.26469317,-1.15064807,1.85037061,-0.19677925,1.03821773,-1.06124676,0.16356627,1.51280841,1.14795665,-0.01116492,-0.72574301,-0.30029931,1.10563627,-1.15237259,-0.10136191,-0.44964954,-0.55344745,-0.4176341,0.60840362,0.60373028,-1.19426773,0.42819643,1.33275731,-0.14678027,1.3671047],
[-2.237468,-0.03168369,-2.1455888,1.35979782,1.10400859,0.82027583,0.31516466,0.98473468,0.24062725,0.65157755,-0.75290229,-0.40422069,-1.22929196,1.08392464,0.05305184,1.14184504,1.15422704,0.34434198,0.60537852,1.37294676,1.17489439,-2.55685459,0.46781378,-1.96999959,0.48904635,0.13806235,-0.5015578,-0.93656161,0.11463817],
[0.02128008,2.16180706,-1.68300335,-2.16660775,0.16279886,0.07949564,-0.73722567,0.74725482,-0.15018368,-1.30391035,0.91233022,1.05884883,0.82599758,0.05658037,-1.14606786,-0.52763118,1.0546812,-0.56782456,0.20193325,0.59944852,0.77895652,1.31458388,0.92350223,-0.35419957,-0.12724739,-0.57452117,-0.06426562,-1.52830179,-0.00586233],
[1.58811121,1.37503817,0.85127409,-0.75111994,0.5411563,0.7509161,0.29667348,0.10500422,0.62338322,0.59473352,0.59010077,0.24478377,0.57634633,-0.46736378,-0.87387167,-1.62487373,-2.30844756,-1.99528044,-0.17106,-0.03585535,0.61487271,1.21459007,-0.94374022,-1.25546131,2.22866449,0.90501426,0.87599571,0.41326677,0.59495893],
[1.03117963,-1.11180718,-1.49088744,-0.0486481,0.67438416,0.52535983,-0.59349553,1.60512868,0.54103961,-0.96381922,1.44061634,0.64285491,0.30700801,0.14769156,1.29623293,-0.6819784,-1.36120735,1.03651394,-0.34443772,0.23127219,-0.00721463,0.13241993,-0.95023202,-1.67965594,0.72810063,0.91146766,0.30477638,0.56694154,-0.64625061],
[0.00716282,1.23785227,0.47266418,-1.38917707,0.60654003,0.95838604,0.86488943,0.9262235,0.34492729,0.729856,0.28708415,-0.02151759,-0.50682374,-0.48037594,0.34886276,0.0904754,0.83762294,-1.63002283,1.72680029,-0.18471581,-0.16353815,0.31993881,0.38478577,0.67037646,1.01711263,-0.33880778,0.21662242,-0.73642548,-0.14550848],
[-2.28963666,0.44451192,0.81681168,1.30897478,0.80712297,-0.29347954,0.6505193,-1.80790459,-1.39593655,0.44086808,-0.36703401,-0.71875005,1.00785438,-1.43362558,0.88782486,-0.07623904,0.96477862,0.10446687,0.44076779,0.42727774,-1.02700898,0.27598211,-1.68234061,1.15308615,0.12076658,1.22477009,0.04581097,-0.20107343,-0.96165376],
[-0.45218618,-1.66945473,-1.84584025,-0.42443359,1.63767333,2.35587896,-1.47733155,2.27091273,0.45950705,0.26975258,0.16154857,-0.57069795,0.53463477,0.34726443,-0.68008198,-0.70033067,-0.79787594,-0.40521874,-0.15723927,-0.66184511,-0.65176775,-1.84713053,-1.03518025,-0.73308706,-0.1889526,0.81745427,-0.54797823,1.17815225,-0.98193629],
[1.37171851,1.38262982,-0.27496851,0.64825759,1.01432246,0.73447839,0.53498597,0.40019648,0.59636397,0.28499709,-0.44781068,0.28194749,1.38324042,1.59615523,1.89357911,0.36331781,-0.48522522,0.67821605,0.88546022,0.14094825,0.18637906,1.02592027,0.49307267,0.46015917,0.52694099,-0.37420878,0.33224725,2.18796509,-0.38318034],
[-10.15749547,-9.97238081,-11.68710352,-9.19353988,9.98704958,-0.09417575,0.52419374,0.75583147,3.40591391,0.60303208,0.03795186,-0.19055186,0.09197345,0.2328849,0.34011693,-0.41356421,-0.51480243,-0.25859944,-1.48353954,-0.70888042,-2.77270993,3.09781806,0.0955318,-1.04862942,0.31888623,-0.16433879,0.63984827,-0.15074369,-1.73168059],
[-0.56730158,0.50105582,0.38264974,1.99596967,-0.41360883,-0.96159892,-1.12271788,0.723604,0.91410391,0.82738091,1.21805198,-0.51469283,-1.19839201,0.76440517,-0.60421155,-0.02561371,-1.52538188,-0.49730433,0.29697699,-0.5765534,0.1865099,0.53160176,-0.90904243,1.33902584,0.81895981,-0.3143193,1.03017973,0.48901441,0.67685052],
[0.49093892,0.79538419,1.53930468,1.49234965,-0.20988402,-0.9172359,0.9148302,-2.17611698,1.79344612,-0.46119535,-0.43010208,-0.76120563,-1.56137303,-0.0787361,-0.50247823,-0.37046987,0.57163561,-0.38824125,0.67460834,-1.91061961,0.28707915,-1.41774912,0.10026389,-1.09838732,0.66521926,-0.49042133,0.57436987,0.72009096,0.16768136],
[1.60278846,-0.13883058,-0.66336,-0.66565429,0.79925953,-1.85761572,-0.68904526,0.52798587,-0.30245208,0.08409454,0.36031154,-0.13677836,0.44213109,-0.39661373,-0.57265947,0.30637939,-0.76580102,0.205553,-0.91418858,1.14269182,-0.38024375,-0.19526757,-1.60166644,-0.73478152,1.43788521,-1.4282122,-1.23718012,-1.29437229,-0.44584802],
[-1.00394114e+01,1.04583933e+01,-9.90204105e+00,1.30843811e+01,1.16855404e+01,9.57644226e-01,-3.33118999e-01,1.89356666e+00,4.37146250e-02,5.82785605e-01,-1.94365782e-01,-4.48458693e-01,5.83260818e-01,-5.17145506e-01,8.13964683e-01,2.34540092e+00,-3.62371046e-01,-1.39212916e+00,-5.54317480e-01,-7.55431907e-01,2.98753099e-01,8.63020361e-04,4.09879676e-01,-6.66445711e-01,-3.95506940e-01,2.82172968e-01,-6.11465643e-01,9.07133846e-01,2.68141042e-01]]
[5.13117181,-0.04846991,-2.38568338,1.55974559,-1.77744159,2.64148418,0.18132392,-2.90294299,0.70622726,0.11372091,0.22364043,3.66650503,2.46601917,-5.19466733,-7.84376582,0.90245979,-7.85301404,-7.6544318,1.54631619,-5.61313625,-3.42909386,-7.37346783,0.18064309,0.0191036,2.35801788,-2.87867588,1.72437439,-2.38101814,-0.52416682,5.11244807,6.84699264,1.2947699,1.40382041,-1.36425775,-4.63886944,1.75762263,-0.78248066,0.18712415,-2.65372172,0.15355327,-2.30924565,-0.47184861,2.88365946,1.42734099,-0.26038585,2.61799876,-0.02165598,-1.40126823,-7.69855191,-0.1545667,-2.32218572,3.51058452,-0.6691873,-1.0390419,0.35332187,-1.65371503,-0.65723563,0.76794097,-8.86297704,0.67960379,0.73944553,3.20478728,1.12075403,-0.67054136,3.94379329,-2.54128846,-1.15657188,-3.05767332,-1.48367541,1.30168363,-0.12700684,-3.8574941,4.26146192,-4.14416572,1.38136995,0.17818116,-0.09307849,2.4915084,2.30713186,0.18822035,2.0382372,1.58116361,3.03923746,1.92075384,-1.17646244,-2.95877765,-0.93059858,2.67974777,-4.1034615,0.05026443,0.7110132,-2.34319499,1.42068394,3.70088714,2.0907208,-0.12955816,-0.84456817,-0.16494849,-2.24521474,-8.80290792,-1.39423985,-12.13705524,0.80349922,0.62335519,-0.06152161,2.11065929,1.06838068,-0.9337882,-3.4996453,-4.49422819,-2.41395782,3.23665121,3.10469814,-2.70661083,-0.47878519,2.02716533,-0.31965079,-2.29180418,-1.74298265,2.26225843,-0.35627595,2.73245867,0.6725058,5.86687772,-1.19428385,-4.61510244,-2.1119941,3.30614123,-0.83842112,-4.13722827,1.29883834,3.43778046,-4.15560424,-1.66092554,3.78033258,3.34483167,0.5161584,-0.25204208,-1.67228771,3.68352107,0.26522493,0.86107964,1.98444928,0.29607401,4.94904376,-10.56491676,0.52634319,5.05715079,-0.3747327,-8.25182895]