[[1.81605394,0.89159529,0.91479448,0.34611907,1.04410303,-0.89389296,-0.53823482,-0.33002019,2.30048329],
[0.00520884,-1.66033787,0.17143681,-0.1041012,1.3338668,0.20162931,0.49154567,0.82139199,0.81346257],
[0.35807357,0.51131672,0.05996668,-0.06367297,-1.98653203,0.95137379,0.56579749,0.02609784,1.25601373],
[0.42438601,-0.13371904,1.50486045,-1.83977162,0.03952178,-0.70366125,0.62626017,-0.41014829,1.16987866],
[2.10957654,-0.54555279,-0.35943057,-0.49424576,-1.38779037,0.17945837,1.93565836,-1.50529655,0.96415808],
[-9.70059966,-8.6117806,-7.0822303,-10.36385965,-7.68418728,0.44609731,-1.60152217,0.10042238,1.08341312],
[-0.21586233,-1.40231027,0.56934907,-0.21146944,-0.14111278,0.41026127,2.42756631,0.09306723,1.5164971],
[-12.69944196,-10.46158852,-10.13369439,-10.05834491,-8.60278163,0.45708658,0.38894586,0.8493421,1.91496713],
[-0.01773681,-0.64331556,-0.38302057,1.17082571,0.28982407,-0.01722287,0.66192964,0.23619037,-0.33699979],
[-1.49695098,1.15257713,-0.80405008,1.37933272,-0.68051912,-0.20830185,0.03182953,-0.07744839,0.91885807],
[-0.20301269,-0.32985254,0.31886679,-1.26289578,-1.19134738,0.66270492,1.96696459,-1.2498491,-0.70629748],
[9.80677472,10.57446658,-9.95819545,-11.83813753,-9.50889126,-1.34449709,-0.01469391,-0.33035926,0.71188311],
[3.00767941e-01,6.47003160e-02,4.79338995e-01,-3.60456979e-03,-2.74405724e-04,-1.91730958e-01,-8.37558325e-01,1.26863625e+00,-5.00004332e-02],
[0.77262054,-1.00318922,-0.22892045,-0.15128214,1.35304154,-0.36844798,0.21395296,0.25588163,-0.38514559],
[-1.67518768,1.46558484,-0.53710756,0.09758357,-0.31931064,-0.26145309,-0.31964085,0.02777243,2.12275226],
[0.14653685,0.58391217,2.78144227,0.19551461,-1.18952476,-0.60410681,-0.69751108,0.43556172,-0.01100877],
[-0.57243814,0.93802529,-1.74713177,-1.75606526,0.21808189,0.01168538,0.02286638,-1.54985547,0.04883344],
[0.56867772,-1.27282739,1.6042457,-1.45853695,1.23140775,0.67273818,-0.25566721,-0.20469835,-0.20730606],
[-0.6183179,0.88924683,-1.13440286,-0.26590333,-0.63687233,-1.43753626,-0.38973214,-2.02729546,-0.23253673],
[0.49269892,0.0304145,1.53144221,-0.97122367,0.37122674,-0.92972723,0.25636677,-1.51421447,0.39344853],
[0.07133313,0.38203657,-1.2898891,0.46845747,-0.92237412,-0.59264379,1.04343298,-2.46659615,0.97944185],
[0.19096531,0.20049128,-0.2998323,0.70608062,0.22931224,-0.71693584,-0.10953087,-0.53803914,0.46904631],
[-1.25342216,0.97770047,-1.1000112,2.42901338,0.23301925,-0.3226794,-0.19969022,1.02307303,0.44066926],
[1.07515427,-0.19424825,-1.40922265,1.99159438,-0.39019544,-1.09592601,0.57777764,0.31614482,0.30296175],
[-1.12011783,-0.07611638,0.12910052,0.0192554,1.45971255,-0.1307565,0.72036099,0.96772453,2.1085406],
[-0.57940668,-0.28518502,-1.17854876,-1.12600688,-1.20593553,-1.06485386,1.59602782,0.06017414,0.24159893],
[0.35699154,-0.87976305,0.1530107,0.17536257,0.25528071,0.6902169,0.3747265,-0.14993058,1.29539931],
[0.08229842,1.9443358,-0.77078008,1.40582576,1.2160803,-0.43746762,0.17276978,1.75853515,1.08313094],
[-0.30243849,-1.73960972,-0.75070083,0.90327134,0.51871445,1.49392361,-1.22969334,-1.30352999,-3.58829997],
[-0.09325823,-1.1254022,0.56481681,-1.60354835,-0.39373782,1.15790941,-0.4217193,0.29544165,-0.56312426],
[0.43564729,0.55891783,0.18510897,-1.19805326,1.03638907,-0.1279664,0.94782826,0.26482835,0.07019202],
[-0.09594523,0.14172223,0.19847289,0.56024712,-0.32950259,0.70450102,0.5032847,-2.40327107,-0.78611757],
[-0.47911951,0.71180106,-0.39493762,-1.31777348,1.92306092,-0.80554891,-1.00337305,0.44683682,-2.17365612],
[-0.09944191,-1.54884538,-0.2211692,0.43695284,-0.47815302,-1.68842875,-0.80350726,-0.16304156,0.03395481],
[-0.88479156,0.54633452,-0.58955306,1.68337533,-1.91072321,0.35165032,-0.19307368,0.19638405,-0.80453121],
[-0.47116355,1.49757865,-0.37505118,-0.41523729,-0.08898493,0.24914582,-1.23242498,-0.55832327,0.07041501],
[-11.47245925,-7.61276225,-12.7375971,10.20949,10.52434691,1.16602728,0.16070889,0.40728529,-0.38800476],
[-0.88649468,1.25919376,1.92212273,1.07777056,-0.86316284,-1.06510429,0.68111005,1.76147258,-1.92988559],
[2.02663826,-0.77389521,-0.10736137,0.3337285,0.90860432,0.06104264,-0.96632709,-0.19152244,-0.73062434],
[-0.28703174,-0.44746701,-0.44956337,-1.0336164,0.96783081,0.3796714,0.05993374,1.24642592,-1.53409744],
[-0.61806238,-1.40366997,-0.17617913,0.31405417,-0.06007997,2.2473794,-1.08191263,0.65074216,-0.34149184],
[-0.71513615,-1.10607126,0.48841908,-0.20286303,-0.04881405,-0.66573891,1.27180123,-0.39632134,-1.62236332],
[0.53754065,-0.15593489,0.62368652,-0.57663836,-0.80553679,0.6605987,1.31854792,-1.28408061,-0.47721512],
[10.35241272,-10.36044306,-11.50355277,10.47114966,-9.83748154,0.93866107,-1.09535883,-1.95559697,0.0808135],
[0.05026679,0.01022431,-1.52078449,0.22137453,0.81536178,-0.75519971,0.35473118,1.55388959,-0.90625428],
[0.48781806,0.31162547,1.06531558,0.05595693,1.55061421,0.85038183,1.44386951,1.0601842,1.16679854],
[1.63321147,-0.66328331,2.07551808,1.79985576,0.73938184,0.32614894,-0.18197854,0.7468023,-1.42564096],
[0.91120244,1.52283428,-1.47603552,-0.11679473,1.26033153,-1.03630926,0.22119744,-0.62013389,0.77604244],
[-0.53646862,0.2857259,1.38385231,-0.12438791,-0.30227716,-0.83194744,1.21278273,0.45549037,1.13211617],
[0.7987809,-1.03372788,-1.11449187,0.51569891,1.88549311,-1.69208153,-0.47165593,0.1521238,-1.61390082],
[-8.43815643,11.36902197,7.85822301,8.25585103,-11.2688029,2.01425228,0.90417563,2.23567464,-0.15522342],
[-0.53522315,0.0274802,0.37072764,0.76506773,0.25413051,0.57203037,1.05196617,-0.48718851,-1.13372623],
[1.70454414,0.56648642,-0.27668411,0.81693787,0.86113757,0.56855435,-0.13053262,0.43573768,0.32558211],
[0.96147814,0.43751675,-0.34156652,0.03853204,-0.53312269,0.57015107,-0.80344187,1.04398925,0.35347833],
[-0.08027755,1.39122762,0.00510209,0.32763385,-1.45095,1.61952012,-0.43783983,-0.68038111,-2.65185952],
[-0.56111327,1.49814996,0.33462781,-1.78326252,0.38884518,-0.96279227,0.96419163,0.36104812,-0.57255243],
[1.12009276,-0.66992837,-0.17868267,0.1583825,0.37836966,-0.89485714,-0.83045985,1.41996819,-0.65220092],
[0.70095429,0.82664515,0.834011,0.01060318,-0.23041226,-2.01147196,1.20344514,-1.29041687,1.15365099],
[-0.66037959,-0.42565552,2.21076938,0.14202827,0.22842963,0.18062745,0.9224236,-0.82997621,0.17129428],
[-0.30405649,-0.34990467,0.22273523,0.55913058,0.18586471,-0.08094658,-0.66203235,-0.88176407,-0.1056841],
[-1.47582288,1.32271693,-0.1136501,-0.51864318,-1.47120717,-1.01276976,-1.04499446,2.26673675,-0.16449295],
[-0.09457891,0.12006624,1.25156405,-0.03487218,0.17193624,-0.9231281,0.70897904,-0.14668251,-1.21912943],
[0.56680563,0.09182124,0.42411311,-0.51529901,-0.85596919,0.56307933,0.13184945,0.12472793,1.20640237],
[-0.20459484,1.12642142,0.99025619,-0.51032928,-1.80981438,0.16554498,0.01223187,1.67864284,-0.20742818],
[-1.52837268,0.94510015,-0.42061246,-0.8826391,-0.87071846,-0.4610028,-0.97077644,-1.41264302,0.53940936],
[1.44915161,-0.34484656,-0.10168043,0.28965175,-1.98497489,-0.99592942,-0.35331574,-1.23103127,0.36941195],
[10.97322048,12.77020183,10.00975789,-10.84349538,-10.19828688,-0.87905167,0.96531288,-0.63021275,-0.40829081],
[1.23676619,1.28490768,-0.10534579,0.27115437,0.79692512,-0.58457376,-1.79947972,0.26559755,0.30354822],
[0.63767777,-0.28969813,1.49908659,0.16284473,0.0884339,0.26852369,-0.43090798,-0.59404349,0.98348417],
[0.24647538,0.27736354,-0.85645088,0.46238834,0.97653728,0.13588662,-0.60846547,-0.4901259,-0.35841393],
[-1.6376289,-0.21018613,-1.42250675,2.42874009,1.05160126,0.37707678,-1.25967768,1.24736678,-1.2016118],
[10.04929302,-11.97620178,9.14226859,-11.60930762,11.42840232,-1.76238262,0.31338896,-1.58157227,-0.04537802],
[-1.30115853,-0.59281698,-1.01168772,-1.54021745,0.43395379,-0.08358611,-0.34540623,-0.64278594,-0.73454824],
[0.10924912,1.5492433,0.28479238,1.46208182,-0.8444575,1.26541567,-0.54572414,0.7583146,-0.52759092],
[0.51465407,-1.05268509,1.0985856,-0.37917317,-0.59880317,-1.10774109,0.43547154,1.32954845,-0.34593729],
[-1.74415644,1.22183115,0.48344564,-0.63976388,-0.19017784,-0.31511074,0.43173859,1.19292655,-0.19509517],
[-0.57145695,-1.43901935,-0.85549016,0.71718826,0.10765255,-0.03175637,-1.97527542,-0.15946797,-0.00708393],
[-8.78497996,7.23140191,9.87190649,-10.50092006,6.49810534,-0.97375232,-1.0671488,0.95098903,-0.4660794],
[-0.14176663,-1.39024545,-0.04989291,0.73226031,-0.10036496,-0.12874322,0.69476902,0.55378035,-1.09607753],
[0.09921941,1.27419409,-3.26440467,0.29351753,-0.14251074,0.17048177,-0.75854545,-0.15680263,-0.10501826],
[1.07953824,1.34693364,0.19957301,-0.55387989,-0.5416676,0.94915383,0.02365133,0.87372723,-1.17287498],
[0.18979726,0.35406013,1.020609,0.9800811,1.15891147,0.91739481,-0.98354287,-1.4875456,-0.42375],
[0.52544073,-0.49384057,-0.53683799,-1.72726093,0.33387881,0.51676023,-0.85088222,0.97682044,-1.20957752],
[-11.59631178,12.84755006,-10.39718011,8.5506499,7.71174583,0.24702158,1.41447465,-1.05779533,-0.53129934],
[0.07623966,0.74984957,1.31834459,1.76445205,0.17312756,0.00206975,1.53156685,0.91403443,0.49979888],
[-0.14224145,-0.11514109,1.10203767,0.82781378,-0.0023607,1.06274582,0.61401042,1.11085246,-0.0214769],
[2.15291755,-0.86079523,1.42692894,0.85237124,2.48138243,-1.11921707,-1.27945367,0.60762067,0.03447104],
[1.05796566,-0.81631352,-0.43591742,0.3047162,0.15861965,0.79758405,-0.43392584,-0.33802136,0.5166197],
[0.43742268,-0.05599935,1.47500223,1.90165499,1.47608401,2.99111019,0.54953506,-2.3234812,-0.70917293],
[-0.16646914,-0.87706701,0.63098157,-0.9726689,1.07194409,-0.93195097,2.15227415,-0.07142684,1.13470975],
[0.61797303,-0.88460401,0.74636911,-0.82247232,-0.19718326,0.33271771,-0.44615602,-1.30359638,1.26548515],
[-0.89478978,0.43271889,0.20447425,0.20085532,0.20449569,1.63651112,-0.24585511,1.00592837,-1.39453077],
[11.31316684,12.60188751,7.3051485,-8.91650072,10.35009837,-1.0889901,-1.33591303,1.5599114,0.79259499],
[0.69543338,0.55512041,-0.6847359,0.13027195,-0.58549376,0.49122407,0.78033452,1.31072555,-0.40294597],
[0.9791846,-0.27820149,-0.54880938,-0.33012905,0.53962478,-0.05502865,-0.29125603,0.44534925,-1.42567258],
[-1.0027869,-0.25247288,0.91084766,-0.67207323,2.07709071,-1.42118612,-0.18218643,0.00349159,-1.31912813],
[-0.6478373,-0.82181326,1.6258523,-0.77244303,-1.47604471,1.95533893,-1.24915083,-1.15646006,0.04400072],
[2.12316573,-0.20752066,-0.14816327,1.77868575,-0.20326413,0.10815122,0.2015436,-0.22614177,-1.04584162],
[0.489587,0.08407215,-0.80618273,-0.36684683,-0.1286508,0.26408305,0.01954126,-0.45148114,-0.49727583],
[0.21063938,-0.59858712,-0.2868166,-0.59662821,1.18134976,-0.927787,0.26103766,1.36527704,-0.30423985]]
[4.18856526,0.20128653,-0.95088579,-0.66151634,-0.38903653,-6.30226771,-0.79490198,-10.28623723,-0.58304595,-0.37852951,-2.59155425,-10.32622693,-0.07255393,0.53686759,-1.30338701,1.73515751,-2.66918706,1.08774834,-3.48180394,1.0112167,-2.82830184,-0.6861351,0.80674465,-0.22873099,-1.10291526,-4.34000612,1.06713136,2.63773539,-0.50277259,-1.25038591,0.58373882,1.97037788,-0.10281866,-3.07452006,0.0803018,0.62091734,-10.36321322,2.45573764,2.4081662,-0.04597968,1.03881293,-3.01226498,-0.78454313,-8.31514661,0.20014436,3.26915699,5.84142871,1.64672198,0.50534679,-0.58019825,-11.09110697,1.79154548,4.49619836,1.59433257,2.98761226,-1.25296118,-0.11666485,-0.44334315,2.796374,-0.082841,-3.62667044,0.83282274,-0.96900094,0.7054264,-1.84082392,-0.84311042,-9.04075345,1.90265917,1.48293575,1.05580201,0.42445452,-11.66153815,-3.2825275,3.89091487,-1.53122611,-1.25392598,-1.81810128,-17.42140129,-0.81968841,-1.55238258,2.07846261,4.39679818,-1.27993434,-11.53798904,4.46323032,1.99240102,4.74320205,0.82469031,9.01881121,-1.05864985,0.15939086,1.32396063,-10.89351338,0.44236057,-0.16372262,-0.03327824,-0.27157905,3.851085,-0.60617149,-0.78406195]