[[0.9235253,0.49764656,0.69572768,-0.79361061,0.81133023,-0.66976868,0.65552017,1.53363298,2.2508979,-0.84768089,-0.02890978,1.09468971,-0.06778375,-0.41080576,-0.55724018,-0.01548113,-0.49659397,-0.05393034,-1.11292623],
[0.80841249,2.65006088,-1.62427414,-1.99816391,0.84781316,0.67264003,0.17178865,1.01108694,0.17963957,-0.67228581,-0.17315937,-1.1637657,-1.03668233,1.07541952,-1.11183057,0.4070102,2.06241732,-0.00926977,0.70489472],
[-1.23092073,0.38026608,0.07008262,-1.1515343,0.23415626,0.90293723,0.74757362,0.50550034,0.24094105,2.20528596,0.08052302,1.35484822,-0.50063114,-0.90049669,-1.64555698,-1.71223444,1.53681325,0.39199321,1.41690994],
[0.03380163,0.25347426,0.5613567,-0.49936572,0.37364732,-0.34839375,0.39387724,0.61697979,1.0532018,-0.52773442,1.06916435,0.98708796,-0.53463158,-1.27698881,-2.19510307,1.45597512,0.6137084,1.0486741,2.20905736],
[0.99299508,-1.9053596,-0.30998715,-0.07816049,-0.71999764,1.91117638,-1.15282695,-0.90840765,1.35938704,0.12625882,-1.40455902,1.27143137,-0.12363109,-0.71753379,0.13842411,-1.19411432,-0.49692635,-0.24762894,0.88383943],
[1.31462032,0.26272426,-0.1578903,0.12056726,-0.1486291,1.56875133,-2.31313304,0.36693617,0.09663682,0.43840127,-1.27271102,1.12944883,1.09330237,-0.47685531,-0.27843188,-0.69067406,-0.79630896,1.05564907,-1.34352901],
[0.8592914,-1.78691456,0.09079393,0.05638837,0.29816849,-0.45948103,0.39939529,0.00470469,0.32414968,0.94534074,0.28039606,1.83750796,0.12905219,1.38567193,-0.45684834,0.87083442,-1.92863975,-0.03394533,-0.64627109],
[1.24092312,0.38580429,-2.61069612,-1.90025967,-0.31231693,0.30759719,0.71066682,0.03566308,0.71691683,1.20384684,1.01866746,0.88882503,1.44333536,0.74298378,1.16224446,-0.84385106,-0.98111694,-0.31021414,0.45873631],
[-0.69628611,-1.4061484,-0.35313623,0.35548774,-1.19543093,-0.97778344,-0.53164115,-1.11731502,0.50457633,-1.00172929,-0.13015541,-1.08779967,0.55934469,-1.04180805,-1.60898152,-0.00570486,0.39772952,1.55083213,0.23798018],
[-10.36471207,-11.08424757,-9.62165318,-9.43311429,-8.19733325,0.7531449,0.68672271,-0.89840915,0.68671013,0.63003266,-0.27413831,1.22144838,-0.58499267,-1.65757622,-0.10220892,-0.34542107,0.57105881,1.14066169,-2.07216281],
[-1.23573139,-1.00811719,0.33116992,-0.03588026,0.45387467,1.88907502,0.16859605,0.85829358,-1.48395496,-0.1627038,0.55498174,-1.13144746,1.15373435,0.99858232,-1.80680438,-1.07749048,-0.48868537,1.07769109,-0.13304123],
[-0.56602781,-0.8665141,-1.60782886,-1.16415835,-0.01938348,-1.04483371,-1.10905033,0.1043431,0.90615231,-0.83313048,0.28677596,-0.20129499,2.51734876,-1.38217749,-0.16744615,-0.51029159,-1.03268994,1.08996914,0.15453091],
[-0.0578019,-0.27124095,-0.72482365,-1.1978738,-1.15326243,2.01245407,0.44012727,0.25686201,0.17123512,1.23712534,-0.23692243,1.49367635,-0.08277907,0.14586156,-1.40597103,-0.62014993,-0.24293461,-1.72236939,0.05971628],
[-0.42170805,0.73105246,0.38069068,0.77050289,-1.55203021,-0.78555684,-1.62710189,-0.37595088,0.44959994,-0.00651116,1.45087854,-0.40469616,-1.83037143,-3.33979233,0.33535539,-1.11177345,-0.05579773,0.91531923,-0.80394434],
[-0.18479114,0.34451144,-0.05443181,0.55733801,0.54920182,0.57194359,-0.28473283,1.97620247,-0.82079658,-0.08852404,0.80423162,-0.29048973,0.33615688,0.68243826,0.14024584,-0.43069577,1.32505845,-1.05391437,-0.24096509],
[-0.75565126,0.64942847,0.6882371,-0.00848693,-1.27179594,0.80719159,-0.58291095,0.52110638,0.2145601,-1.38193855,-0.46456285,0.62074389,1.23054462,1.5444189,-0.78974089,0.48127167,0.73488722,-0.70737793,0.23024869],
[0.93932048,1.89777563,0.15102435,-1.34942262,-0.37391907,0.05701106,-1.64507788,1.44904046,-0.54894883,1.13146616,0.84005862,-0.50115199,-0.35862473,0.93562968,1.03476833,1.39004852,1.53152111,-0.51729066,-0.98041344],
[1.56694475,-1.32123215,-0.77184618,-0.55606855,-0.68915012,0.02470776,-1.26749031,1.3381716,0.33103933,1.49282249,0.2918655,-1.32015841,1.78281926,-3.41034713,1.98373218,-0.20724514,-0.35443324,-1.51406589,-0.49124818],
[0.26495664,-1.16154579,1.17976989,0.59005838,0.26839591,1.07649295,0.66048288,-0.51204563,-0.25811122,0.69803745,-0.29095788,-0.50216785,-0.06704678,1.82888212,0.36806928,1.82843041,-0.99860586,1.15547507,-0.11991134],
[0.9905724,-0.96046873,0.67944214,0.17331477,0.43621725,-0.78274042,-0.25883735,0.41473815,-0.64276514,0.32384897,-1.56699058,1.67372062,-0.9485684,0.0452807,0.48340109,0.22313294,-0.71208734,0.86369755,-2.4969165],
[8.61750544,-12.15423429,-11.39014894,9.32048525,9.83412939,1.1518538,-0.36302618,0.71149585,-0.83167097,-1.36120467,-0.34709419,0.32152978,-1.48860127,-0.33877602,-1.17994024,1.20344313,0.12642642,1.01344436,-1.72534913],
[8.85946248e-01,8.95745153e-01,-9.29393024e-01,-1.69781056e+00,-2.10206940e+00,7.98973898e-02,9.21099242e-01,7.98360093e-01,-3.71790131e-01,2.07079799e-01,6.81124316e-01,2.93508711e+00,1.26297139e+00,8.30706554e-02,-6.28870512e-01,3.23746744e-01,-6.35962023e-01,-7.98107428e-04,1.68898519e+00],
[-1.39597289,0.27600349,2.48017649,-0.06206,-0.2967471,-0.74026701,-0.11578474,-1.17755628,0.83177294,0.63742321,-1.71961773,0.58329895,-2.46635313,-0.44608739,-0.2139265,0.36452149,-0.06808176,-0.25927431,-0.99780939],
[-1.13874787,-0.84552869,-0.28554818,0.85891717,-1.61851031,1.25614913,-0.89475959,-0.82812732,-0.93725216,0.16881024,1.09075198,-0.09444848,0.69526281,-0.60174096,-0.10270062,0.41127698,0.8314471,-0.91547162,-2.0026261],
[-0.15525918,-0.62603393,0.38127988,-0.45775445,1.0224946,-0.44197659,1.36193925,0.44744386,0.30743402,-0.0063943,1.04284498,1.25198153,0.3870509,-0.71085998,-0.51582608,0.15672704,0.63265703,0.0212006,1.84762863],
[0.68980604,-0.0237753,-0.65729404,-0.09513429,-0.71255593,1.60323322,-0.56483795,1.55059167,0.57702867,-1.10791773,-1.77132376,-0.36569702,-0.61063774,0.0166609,-0.05499833,0.86062412,-0.34055305,1.60545369,-0.20754405],
[-0.24046556,-0.34721774,0.19389597,-0.30877328,-1.37094992,0.3574287,-0.23714392,0.68966641,0.33677788,-0.46745544,0.28769248,1.04883368,0.32782554,0.19637689,2.50380675,-0.1157443,0.24049564,0.65269447,-0.49589399],
[0.92124742,-0.23865385,0.03644859,-2.80144373,-0.72074782,-0.19472204,1.72492011,-0.57672939,0.43751378,0.23929179,0.31224239,1.63194658,0.98580443,-1.01283081,-1.48889598,0.05675859,0.25892714,-0.31192085,0.47947731],
[-0.66608897,0.49616702,1.80130043,2.01818724,0.3558239,-0.87223361,-1.16117171,1.06429914,0.64665536,-0.13256843,0.44455951,1.82987648,-2.05086194,-1.17288812,1.87736269,2.25045007,1.52249172,-1.16795196,0.59790507],
[1.58332706,-0.38971285,0.01841628,0.83640626,-0.11800086,0.82539838,-0.27026673,0.43042232,-1.09958255,-0.27752628,-0.27828505,-0.41168635,1.41656936,-0.28088707,0.46970443,-1.32021813,0.8100057,0.10628088,-0.84098083],
[-0.77380216,-0.8691024,-0.60098623,-1.04041545,0.42893457,-0.21724456,0.185387,0.65151398,1.47902754,-1.18814488,0.46987154,0.42953046,-1.22763525,-0.81076198,2.19179734,-0.05176088,-0.43948008,1.17823,-1.11595304],
[0.32142681,-1.11908411,0.71262507,1.78503278,-2.40859241,1.40127442,-1.02974968,-0.71469746,1.038815,-1.41353295,-0.23530988,-0.61617316,0.88449596,0.87892244,-1.16099308,-0.89928678,-1.45083141,1.47717218,1.98503111],
[-6.32500339e-01,-4.58343604e-02,-1.22558605e+00,-1.29042512e-01,-3.83271881e-04,8.20977995e-01,3.68031625e-01,4.87055865e-01,1.20566241e+00,1.14146067e+00,2.29246076e-01,1.45703887e+00,-1.58673973e+00,-3.06008770e-01,-5.80460335e-01,-5.76964097e-01,2.34608712e-02,1.60249788e+00,-1.02568989e+00],
[0.62060375,0.37855965,0.79913585,0.25593754,1.34738776,-0.25051962,0.81251992,-0.05140144,-1.45992324,0.69712204,-0.76686244,-1.14330218,1.07508316,0.25256998,-0.3708737,-0.65092421,0.73810703,0.6609476,1.10557271],
[0.34738276,-2.06510792,1.80229519,-1.814864,-0.17554587,-0.79987127,-1.38835038,0.61332108,1.67206437,-1.29423354,-2.66020069,-0.09073602,-1.60682328,0.35476461,1.03203005,1.7984058,-0.48206802,1.7269686,-1.2654009],
[-0.83562602,-0.17417023,0.69353295,-1.18356868,1.48723752,-0.21093091,-0.12219978,-0.50882596,-0.24779662,0.08793881,0.35339718,-1.94931834,1.8441957,-0.18045791,-1.60598394,0.98006772,1.1687769,1.31227962,-1.30092578],
[0.20838493,-1.15303006,-1.06282959,0.04378736,0.33947766,-0.19730166,1.15742998,0.69095871,0.2908459,0.30672873,0.81491698,0.67747683,1.02035966,-0.15377855,0.88299434,-2.62360179,0.24818984,1.00351251,1.89654784],
[0.87270597,-0.42050506,0.11440963,1.59783042,0.75816002,1.36997083,-1.11016081,-1.25224464,-0.34985464,-1.1529579,0.71634457,0.10175584,-0.42104156,-0.57971465,-0.34369282,-0.46421241,0.62653261,0.1762466,-0.13340291],
[-0.65257235,0.55380078,0.10434207,0.06766616,0.32511056,-0.03781341,-1.51054469,-0.5789712,1.1139724,0.05316116,0.75360458,-0.72757251,-1.14608704,-2.85947743,-1.83618433,-0.12415996,-1.38461553,0.52375191,-1.14652304],
[-1.47485104,-0.40428656,-1.26329981,1.20932196,0.23659059,0.17343882,-1.66949869,-1.9762069,-0.44757144,-0.64115616,0.13313807,-0.00649235,-0.46910823,0.56778939,0.60583462,-0.27746879,1.87144689,-0.49611838,0.9919309],
[0.40136376,-1.4865252,-0.63405682,0.07368276,0.92759495,-0.96444207,-0.38073197,-1.36917314,-0.36446873,0.8205192,-0.74112799,0.02952222,-0.62405007,0.407303,1.35584058,0.62716314,-0.22386825,0.10243578,-0.10608014],
[0.71223552,-2.27520014,1.47050954,-0.22045574,-0.54356652,0.47389017,1.2154069,-0.54223916,0.07726554,0.08424093,0.66415405,-1.12683929,0.791903,0.07957769,0.5018246,-0.03003163,0.94095703,-0.00513334,-0.12165918],
[0.21584914,-0.09091469,0.72522395,-0.10943302,-0.30570576,-0.30800223,0.57090629,-0.71002701,0.34053187,-0.77149553,1.31639702,0.77381916,1.18452023,-0.29669866,-0.19711686,-1.56660624,0.21475103,-0.97331751,0.53686623],
[0.58769925,-0.20789334,-1.24305271,-0.75266647,0.43388304,-0.37490697,0.52802234,-0.22667834,0.74891376,-0.14159371,-0.32953405,0.31471797,0.61700918,0.5799423,-0.60006121,-0.50295339,-1.11317918,-0.28079698,-1.71626305],
[0.8671052,0.50131023,0.15119222,0.72317431,-0.62415886,-1.77941869,-0.169383,-0.34731324,-0.00425734,1.4907509,-0.36254987,-0.00550235,1.23485885,-0.57225481,-1.07965678,1.27070156,-0.92961289,0.17879319,-1.22489714],
[0.31429388,-1.14931295,1.13574974,0.2088627,-0.66437208,-1.86093185,-0.30199703,0.47944134,-0.76133766,-0.83659935,-0.10484087,-2.03987626,-0.44998663,0.35932401,0.37712588,0.9436534,0.0789133,-0.32981424,1.74392787],
[1.86511256,0.51985362,1.41323585,0.45057842,-0.00343556,0.49544679,1.37827933,2.31206011,-0.78297613,0.55346185,0.88224127,-1.11211864,-0.18013818,0.74604957,1.13376426,-1.82651071,0.73796442,1.23090881,-2.11066651],
[-0.00609327,0.4691216,0.13286149,1.84082579,1.09708739,1.19574198,-0.03606941,-0.07480803,-0.7431721,2.26473361,1.76711012,-1.6937425,-0.33450196,0.2646562,-0.24651891,-1.48927974,-0.54023629,-0.94652027,0.45873389],
[-0.84875025,0.94132403,1.72709843,-0.52230471,1.94708311,-0.064264,-0.53918091,-0.98309792,1.59008356,1.3666422,1.59103014,-0.95075726,0.12870488,-1.24002556,-0.13660583,-0.02172634,-0.33047419,-1.22006694,-2.22540829],
[-0.54629592,-1.90926779,-0.48894652,0.14292775,-1.48968472,1.26426569,-0.66269034,0.22410527,-0.33400106,-1.07520236,-0.58045011,0.92285735,-0.40857471,-0.29297445,-0.86838275,-2.84320404,1.26732138,-0.2248766,0.74535578],
[0.32955436,-0.24718298,0.99003224,-0.45573592,-0.49001261,-0.59631843,-0.70472989,0.26569398,-1.44868199,1.56846821,-0.32751253,-1.63840573,0.14570783,0.4306679,1.00626138,-0.68986406,2.42624681,-1.33645561,-1.23702514],
[-0.04947353,-0.12455436,-0.07358771,1.12515531,0.71812093,-0.19247408,-0.30691455,1.60956422,0.11728705,0.52741057,-1.31310956,1.2237356,0.13115375,0.38233596,0.37416892,-0.46761253,1.58764519,-0.97520822,-0.21623204],
[0.25988112,-0.45368309,-0.96234715,0.12016008,-0.10739176,3.18557777,0.50975938,0.72662757,0.46223055,1.25599843,-0.46974094,-0.36055082,-0.064253,0.37051036,0.84256821,-0.55394069,-1.7472045,0.85142258,0.60639864],
[-12.46901853,12.12071508,-12.64441595,-9.6894316,8.63384824,0.75858911,-0.83610174,0.44487974,0.0625571,1.23011696,0.63462362,0.29216794,0.36070502,-1.9510375,1.68940952,0.53224291,1.28871583,-2.33544216,0.91714463],
[-0.71095236,-0.6006335,0.80898972,1.94332697,0.5150907,0.41768594,0.89784493,-1.77124595,-0.67118611,0.58824473,-0.81930256,0.07519929,-0.78563757,1.71088465,0.13617914,-0.46228804,-0.28818974,-1.0933,0.2797718],
[0.00484583,-1.27152517,0.10708729,-0.04034677,2.05608599,0.27485228,-0.41405444,0.86080364,-0.86371381,-0.38557086,0.08776865,0.61253038,-0.78778444,0.2635222,-1.52797207,0.31065284,0.55252433,0.95357813,0.74504013],
[0.69949383,-0.50625867,0.44558993,0.92602079,1.0245902,0.72772666,-0.23558026,-1.15666002,0.15640079,0.40260467,-2.11823698,0.23166081,-0.38623111,0.58494151,0.23881732,0.05730793,-0.37510652,0.57354904,0.51796619],
[-0.10533262,-0.0566447,-0.21712502,0.10696812,-0.00924578,1.06697136,-0.87222311,-2.34547316,1.49373076,-0.41133841,0.55033836,-0.33537011,-0.44425149,-0.14596014,0.70841166,-1.28489816,0.25071163,0.31931148,0.06006052],
[0.69483632,-0.10985477,-0.4690914,-1.77653743,-1.2836157,0.11689439,0.29083961,0.39820478,0.41865433,0.17168583,-0.1250225,-0.8217322,-0.30960852,-0.93130711,0.25759745,0.46660891,1.91392116,0.31744935,0.97553321],
[-2.05303937,1.09969114,-0.09688553,1.53408208,0.87753933,1.90742357,0.06897419,0.71260309,-0.58480422,-1.416653,0.04031982,-0.43446353,-1.68007727,0.46914202,-0.78017861,0.47207788,1.53456727,0.75142586,1.9596234],
[-1.77012214,0.98005219,1.20733106,-0.15307332,-0.96409717,-0.04987972,0.74990105,1.23002357,-0.21703279,1.06974042,-0.61815789,-0.23282251,0.12525904,0.6346084,-1.07009755,-0.14935819,0.42652445,0.07547743,-0.97548516],
[0.03436054,1.50710525,0.80836456,-1.87884578,-0.53809833,-2.09123691,0.69123877,0.41113852,-0.04569118,-0.27790834,-0.30799039,0.24277929,0.62453978,0.75817969,1.21354277,-0.24690601,1.12207057,1.38359526,-1.06916095],
[1.15587823,-0.3294038,1.00595211,-0.10084549,0.02062421,-1.32381911,-0.09737444,-1.0459677,-1.2055485,-0.3241552,-0.09202446,-0.0280565,0.66537212,-0.04550332,2.98739651,-0.69491997,-0.00312298,0.05980907,-1.007266],
[-1.39777464,0.28776459,-1.45506964,-0.22213689,1.18643133,-2.59469004,0.51744506,1.02021585,-1.20819641,0.12044584,-0.62461848,0.08838162,-0.03375415,-1.04416809,-2.14109224,0.814372,0.02485166,-1.32389699,-1.43844749],
[8.3486278,10.92427523,-9.56159142,9.98345767,8.22878228,0.51246786,0.50569653,0.61238792,0.52264276,-0.07007338,-0.92070624,-0.10854128,1.14826563,-0.77385705,0.2927749,0.67592694,0.76396562,1.34196312,1.4464071],
[2.12336401,-0.87628146,-0.97354233,1.00745668,0.02057636,-0.8149715,0.08669182,-1.11557624,0.62435824,1.6752097,0.78335058,-1.62993481,-0.66816793,1.72116648,0.05374897,-1.50880228,-0.46327182,1.32659799,1.70893705],
[-0.15500045,0.15103293,0.81728539,0.6912559,0.75681172,0.74779701,-0.85458066,-0.15302305,0.82878545,-0.94458774,0.65178487,0.42671372,0.99115436,-0.33926627,0.14363961,1.04599564,0.19452277,-0.19939261,-0.59280242],
[0.81564753,1.01703672,0.225862,0.24339214,0.6666332,0.93258361,-1.95411984,0.7912152,0.23685452,1.14003691,-2.0441904,0.53207146,-1.06457152,0.28983416,-0.22853007,-1.8088992,0.68575469,-0.08564272,0.30462561],
[1.86645625,0.41404736,-0.02451872,-0.29962085,-0.37819629,0.83260756,0.19939603,-0.74762803,1.28328751,0.43372201,0.26647653,-0.59187929,0.92368314,1.05077862,0.73632936,1.38572631,-0.43036283,1.03901437,-0.44770424],
[1.60148875,-0.45411748,-0.52982614,-0.0566238,-0.54053183,0.00969158,0.00183432,1.04105801,0.45781216,0.85347559,0.54513581,1.22291004,-1.19764121,-1.28317025,-0.44157362,-0.11469635,-1.24176226,1.49819754,0.73240886],
[-0.41125381,-0.34498394,0.14765991,0.82579556,-0.88830144,1.06648391,0.09882635,-0.48598659,0.54434177,-1.54034071,0.96905338,0.69719335,-1.9496419,0.57126587,-1.73700658,0.40052961,0.86108895,-0.56423649,0.03292505],
[-1.38770489,0.92566607,-1.25007099,-0.4767377,-0.04076828,-0.42627126,-0.92843647,0.21680273,-1.30649906,0.05466296,-1.21597814,-0.41580662,0.57566571,0.46474799,-0.48980409,0.47374945,-2.19415882,-0.84502053,-0.80142614],
[-0.56052403,-0.75289429,-0.30811148,-1.44155003,-2.64244837,1.19443618,-1.31171968,0.51775762,0.27978678,-0.67483439,0.03077064,-0.40071845,0.87618136,-0.56756484,1.72229151,-0.41203622,0.31143331,-0.60047702,0.60503303],
[0.92972421,-1.10602513,-0.0736591,-0.46094006,-0.47530705,0.35588049,-1.67183278,0.35037148,-1.2355952,-0.43884331,0.4816289,0.223955,-0.78353381,0.84143026,-0.72592949,-1.07164858,-0.34044507,-0.32134226,-0.10696348],
[0.17063955,0.57792808,-1.85520507,0.59265723,-0.01302191,-1.07000831,-0.96077027,1.05035841,-0.57767688,0.52076745,0.08416117,1.39857038,1.90383974,0.36064681,-0.42151749,-0.20225723,0.77898987,-1.97107701,1.39177019],
[0.2947368,0.09895884,0.78724112,0.64719572,0.17435109,0.13058156,1.06525901,-0.34292776,1.44940256,-0.21395256,0.63395129,-1.01805747,0.1304582,-0.19174502,-1.72036067,-0.10049589,-0.17863018,-0.73030456,-1.90957615],
[-1.8540464,1.61929488,-0.59585841,0.0919672,1.60597977,-0.4942594,-0.17323364,0.80024396,-0.92052854,1.46678454,0.83031997,-0.43581987,-0.51195397,1.80360892,-0.9384708,0.32776061,0.47701835,-0.60972487,-0.22929562],
[-11.23627728,7.55212693,12.1019574,8.27368935,8.90878813,-0.69486563,-0.99391382,0.88946549,-0.50943187,0.54119726,-1.26660144,0.28903493,0.21226052,0.81928154,-0.45540577,-2.00581457,0.73864945,-0.4909335,0.11523987],
[-1.16956104,1.57888329,0.14051061,0.04415543,1.12659475,-0.05364292,-0.42049064,-0.77565058,-1.35816369,-2.57847733,0.38795172,0.60554388,1.33384745,0.53900661,1.60050655,0.37183997,0.32942461,-1.39474094,0.16137679],
[10.01001469,12.15890242,-9.25928853,-8.13473849,10.4278991,1.29150385,-1.09598485,1.46954298,0.5758791,-1.82868775,0.03018618,-0.13077163,-0.78775292,-0.41098356,-0.06921576,0.23610338,-0.78739052,0.09760446,0.37815433],
[0.94410764,-1.44841665,-1.47910183,0.11828918,0.18624108,-1.4674805,-1.1560902,0.3445158,-0.52975809,-0.61836777,-0.46105983,1.15634752,-0.02607301,0.48973493,0.69550408,-1.50320699,1.01390775,1.56672902,-0.44096472],
[1.75710354,-0.31688698,0.30436703,-0.63223715,-1.07322015,-0.77095336,-0.27833434,0.91276694,-0.29331329,-0.10603571,1.94704682,-0.36048477,0.49459243,1.32814703,1.15395995,-0.15049813,0.41926591,0.91085568,-0.5497227],
[-11.37389687,-11.98179191,9.67160238,-7.16376634,-7.88743478,0.61486933,1.05129315,1.06529758,-0.87553704,-0.46642398,1.15272098,-1.05591814,0.91883254,-1.59661464,0.54298477,0.24175939,-1.04338677,2.96625463,0.02030273],
[0.06097118,0.24223093,-0.64872901,-0.11148903,0.4792047,1.50238369,0.24489301,-1.21991081,1.156674,1.20786591,-0.75123829,0.668172,0.77238203,1.72152982,-2.12008321,1.62103807,1.42507316,-0.52896059,0.27229755],
[-0.49190026,0.15894335,1.09818544,-1.22984387,-0.10905481,0.45283641,-0.65157073,-1.08431238,0.57585781,-1.18840582,2.19125656,-1.18357702,-0.45256375,-0.89414261,-0.62105124,-0.22134378,0.27568973,-2.05388542,0.34625921],
[0.62155778,0.43413979,0.01431329,0.60187603,-0.48521999,-0.06482642,-0.40364305,-0.40396076,2.77103597,-1.96695586,0.62796995,-0.4951266,-0.53877445,0.12817133,1.13667593,0.34601371,0.09278031,-0.97722255,-1.46768973],
[0.69041768,1.10380752,1.39636935,0.88622407,1.30894302,-0.01097673,1.41601046,1.00529251,0.75361049,0.78329238,-0.50958995,-0.58936455,0.18222488,0.30796185,-2.73725304,-1.0435493,-0.7159131,0.29993773,-0.35312146],
[11.57802485,10.31734146,-11.0350138,-10.68301303,-7.12797613,2.56632358,1.21629191,1.27157507,-0.36565556,2.02063837,1.51649595,1.24168671,-0.26958764,0.05451891,-0.69449566,0.24418706,-0.0873562,1.39577274,-0.63348523],
[1.30225611,0.35665681,1.48474323,-0.79938595,-2.19998443,0.66065293,0.94361859,-0.75182036,-1.07793509,-1.42812663,-1.85635832,1.32479227,0.12509778,1.15301636,-1.07693107,1.64830111,0.31409992,1.5543792,-0.18033901],
[-1.48989139,-1.69868736,-0.53441148,-0.19415479,-0.06193474,0.48369088,-1.22504228,0.73830368,1.14863382,1.028799,0.16194904,1.04264324,-1.20833197,-0.56341404,-1.12759605,-1.20422621,0.8201133,0.10428026,-0.08499627],
[-0.27313974,-2.23387704,0.78959363,0.5424911,0.37514406,-1.43846538,-0.59564163,-1.09467493,-0.7905382,-0.08582793,-0.87823622,-0.93374492,-0.79375271,-1.23920262,-0.84920096,2.23079394,0.99193638,0.14820085,0.03472032],
[-1.47804363e+00,9.72700792e-01,1.09072937e+00,2.92269036e-02,-9.29369304e-01,1.10005081e+00,4.14936300e-01,-2.75390926e-02,-5.48742818e-01,-6.84872013e-01,6.11720200e-04,-2.89311554e-01,-4.88956873e-01,1.15815521e+00,1.28779364e+00,-2.95771406e-01,1.06776923e+00,-4.75103753e-01,1.35837509e+00],
[-0.11095138,1.40792269,0.11571799,-0.84191697,2.08350406,0.17506031,0.76046963,-1.54589008,0.09828151,-0.14662812,-0.67958852,0.90930093,-0.32565427,0.28459086,1.44333993,-0.81515115,0.39023955,0.2788773,0.62984889],
[0.69957902,-1.38181164,0.49457439,-0.14813758,-0.27927837,0.41772607,0.23765251,0.25024989,-0.29088804,-0.18890463,0.21647464,1.16798265,-1.65809755,0.70357056,-1.3550192,-0.88629462,-1.15892829,-2.3588747,0.12271311],
[0.79485512,1.52232129,-0.61430963,-0.8899934,1.58708651,0.78606002,-0.01646713,-0.05114843,-0.8194506,-0.33704986,0.0845591,0.33820891,0.78154891,1.28989557,0.44701436,1.03075588,-0.68593863,1.62404293,-0.2019221],
[-1.11833241,-0.32235209,-2.65487686,-0.53181088,0.76832577,-1.27705786,2.30004687,0.97452474,0.53568976,-1.3431614,0.40350706,-0.27065635,-0.40447793,0.61427698,0.52061215,0.76896824,-0.77090455,0.69139298,0.29712747],
[-0.05223812,0.85696518,0.37310716,1.13392426,1.08433343,0.34465904,-0.35089504,-0.29419553,0.10199282,-0.46925739,-0.44125127,0.25385591,0.20922264,-1.7056217,1.40006455,-0.21084718,-0.68845557,0.11952782,-0.08396386],
[-0.08684959,0.5894696,3.240942,1.91861909,-0.14658415,0.53754647,-0.77616306,0.28169548,0.6557114,-0.70124728,-2.5120841,-1.60024697,-0.39085871,1.94253698,1.16354234,0.57364815,-0.90811231,0.44695852,1.50515549],
[-10.98548453,-12.88332515,10.09629743,-10.52727119,-10.40168224,-1.34179163,0.6535033,-1.31357122,-0.51175512,1.95112176,1.19490132,1.89237765,-0.27548927,-0.37055287,-0.01953244,-1.7878057,1.33769406,1.53861825,-0.27702753],
[0.18987666,-2.61176348,-0.94915518,-0.32708313,1.30554089,-0.12039119,-0.77515566,-1.22118059,-0.08693186,-0.94536147,2.06065028,-0.94468152,0.69947275,-0.11723846,-0.55868762,-0.43245451,0.9488138,-0.53468702,1.23897189],
[-0.22037121,1.64193583,0.27632913,0.40311123,0.54079434,-2.38457576,2.45138569,0.66997711,-0.58772374,1.45511205,-0.09165366,0.57384715,-0.73221895,-1.76606258,0.79559721,-0.43108089,0.34636162,-0.37044073,0.3697501],
[-0.89414412,0.04033974,0.73764577,-0.20488392,1.35409894,-1.55617322,-0.35090873,0.50338269,-2.16332859,-0.28141711,1.76654574,-0.50669168,-1.56656278,0.13541502,0.34643981,-0.99421116,-0.55876458,0.74328143,-1.92167415],
[-0.73356419,-0.33482879,0.12286352,-0.99735287,1.70138737,-0.79181658,0.29466682,-0.70323654,-0.25948169,-1.81430311,0.34693407,0.48840427,0.74653712,-0.50407307,-1.4124112,-0.09497231,-0.44659731,0.0245396,1.43251626],
[-1.03141943,-0.34797713,0.05511654,1.5451406,0.13067776,0.15762651,0.31061967,1.2270698,0.91204412,-0.26849824,1.14973404,0.28566161,-0.31355891,0.43522418,-1.32967208,-0.97123325,0.77006681,0.13983328,0.19784354],
[-0.15507538,-0.05806907,-0.32143594,0.78905897,-0.26285562,-0.1356979,-0.97157149,-0.96088777,-1.05530989,-1.19031608,1.40399009,1.15489971,-0.27133549,0.65416045,1.25135713,0.44188555,-0.94579098,0.72843487,-0.56765431],
[0.31671947,1.27197941,-1.29204957,0.68346169,-0.11791604,0.70942384,0.32023397,-1.32787781,0.73656489,-1.53169189,-1.91528075,0.89641275,-0.83825535,-0.42808347,-0.42797534,-1.21859908,0.11202069,0.51181847,0.10754961],
[-0.00538059,1.1152926,-1.13990215,0.20663091,-0.65813199,-0.82376833,-0.00630462,-2.63466078,-0.04583297,0.06103195,-0.11902845,-0.79448874,0.96845972,0.29933565,-1.19403509,-0.64517317,0.97331439,-2.62635851,1.09824083],
[0.04439164,1.39907714,0.39014604,1.55610258,-0.42032926,-0.861031,-0.26704482,0.01415511,-0.82041297,-1.35293355,2.04287854,2.68089179,0.84795737,-0.56982842,0.44553371,-0.73228194,-0.14723672,-1.18601631,-1.0646432],
[-0.74212158,-0.17505057,-2.7517815,1.20245305,-0.16399645,-0.87319034,-0.68755093,0.33141938,-0.55325198,-0.66192366,1.66160699,-0.31338668,0.78582749,-0.43125547,-0.1935826,-1.28229568,0.49420159,-0.29040887,2.33721222],
[-0.58138238,-1.11230143,0.288105,0.8026755,0.30316668,-0.29331807,-0.17976991,0.50752906,-0.44423311,-1.00570913,0.14311708,2.00581876,-0.78723472,0.56038988,-0.82637869,-0.58963483,-1.21102629,1.08437695,-0.5060732],
[0.63525428,0.9941352,1.00935972,0.02705105,-0.32879111,0.67090174,-1.49647049,-0.31483721,-0.55642422,0.77518804,-0.65386809,1.12094262,1.07861841,-0.06457776,-0.4555749,0.13050674,0.27155798,0.04440621,1.58592399],
[-4.67455800e-02,5.59258762e-01,3.88229855e-01,-1.50533482e-01,-7.31177898e-01,-3.39865952e-01,-8.53825274e-02,2.14505900e+00,7.77490658e-01,1.48897811e-01,4.90433887e-01,7.44690213e-01,-4.83063475e-01,8.93646791e-01,-1.14557087e+00,-2.98754657e-04,-2.77131095e-01,-2.25788884e-01,-1.24063848e+00],
[11.13429173,11.09800668,8.94038834,9.49498889,-10.13884595,0.54493563,-0.52953206,-0.57832233,0.94811679,1.10983537,-1.83317738,0.63860223,2.60341294,1.35462512,0.21241822,1.57534202,-3.0018746,-0.07469321,0.82008359],
[0.95273675,-1.3264608,-0.75765591,-0.76411352,-1.16927263,-1.64523078,-0.44243766,0.28269595,1.26254302,1.65391354,-2.12415796,-0.07323686,0.66484521,-1.58078716,0.96952341,-0.95015805,-0.06826912,-1.62776626,-1.69563083],
[-0.26843404,0.67216325,1.44950259,-0.68726414,0.58037144,0.37104621,-0.54730307,1.07560952,0.14448355,-1.53767428,-1.14601965,0.77805379,-0.07837933,0.56515861,1.81709633,0.81903957,1.35023977,1.24107166,-1.50566427],
[0.21949365,-1.08014263,0.39198757,-0.40760135,-1.09978478,-0.55728369,-0.76099818,0.51848687,0.76698972,-0.14737761,-1.60389198,-0.05705639,0.80897905,1.6479736,-0.72527757,0.12551496,-0.62125276,-0.06551768,-0.37464339],
[1.1582076,1.69172933,0.36093109,0.56287614,0.69166295,0.09936217,-0.32907447,-1.98180832,0.82957323,-2.50865392,-0.02610468,-0.73552113,0.46907022,0.40461824,1.94338268,-0.15217713,0.5469306,-1.47118097,0.86166843],
[1.54814256,-0.26597264,-0.30444389,1.7549029,1.81176517,0.23668244,-0.24684533,-2.66761224,0.52748909,-1.21257582,0.97161186,0.47436486,-2.03564153,2.07175742,-0.2482896,0.46369207,0.70673659,0.09891623,-0.82089023],
[-1.67285806,0.14956804,-0.44824804,0.28111228,-1.76795238,-0.94755702,-0.0799448,-1.49603171,2.00999208,1.01903347,-2.25356742,-0.12877275,-0.56968432,1.16269868,0.02092209,-0.23718213,-0.96550979,0.49580039,-0.392713],
[-2.77922866,-2.11811527,1.0584607,0.82445174,-0.61381887,-2.06893757,1.48553412,-0.15580516,-0.77598759,0.16203361,-0.52494304,0.57370609,-0.17651947,-2.29352545,-0.70262416,1.20200486,-0.37464602,1.51448719,-0.37934907],
[-0.26821992,-1.14824506,1.43683958,-0.66457224,-1.76523649,0.23290408,0.95128947,-0.15467784,0.63161582,-1.4190541,0.13110059,0.62086665,0.30854961,0.88846447,-0.97667077,-0.95280413,-1.25032949,1.57440414,0.90692844],
[-1.01278811,1.59407498,-0.95235144,0.90109178,-2.19651917,1.85990967,0.88130781,1.13566255,-1.54500951,-0.09552518,0.11312788,1.95474096,1.27839633,-0.99171856,0.64682231,-0.35663156,-0.54833026,1.06174483,0.80822789],
[0.26052004,-0.61546778,0.53106289,0.59497197,0.09836433,-1.17493941,0.63073648,2.37723153,2.14165931,0.18511719,-0.28432152,1.10755719,-1.50427893,-0.37807832,-1.44560652,-0.18490344,-0.89771842,0.39999262,-1.2499069],
[1.10678751e+01,1.20312900e+01,-1.08365587e+01,-1.04118462e+01,-1.00264755e+01,1.00510922e-01,-1.44473616e+00,-1.43188495e+00,1.41138547e+00,-1.65374479e-03,2.00936092e+00,-4.24691890e-03,5.94905296e-01,-1.89279245e+00,-1.44328943e+00,1.51957995e+00,-6.58333018e-02,4.83960228e-01,-1.71265436e+00],
[0.83086689,0.36953157,-1.49174669,-1.30881212,-0.04314646,2.89742858,2.07459329,0.17268859,-1.15252683,-0.34009223,0.37866566,-0.13823952,0.45863867,0.37140856,-0.22623935,1.43223512,1.01803657,1.30750906,-0.50308475],
[-1.02330773,0.50907025,1.56410216,0.92396321,-0.76061665,0.36189776,1.38889651,-1.10341054,1.02218695,0.7699464,-0.13074785,-0.36132204,0.23777289,-0.37500476,0.79057906,0.18900375,0.41729675,0.9483752,-0.37405149],
[-0.90536273,0.7178566,-0.16710332,-0.99042302,-0.66430092,1.34017542,0.89565718,0.46525085,-0.71485259,-1.23143827,0.56532256,-0.1760336,-0.62161753,-0.14674201,0.35517656,-0.59040777,-0.32489384,-0.16583964,-0.95838279],
[11.77408147,-8.77225209,10.36837897,8.78919151,10.90556299,-0.8696525,-0.17085347,-0.52259722,0.62591,-0.93061031,0.16043182,-0.62936583,1.64726399,0.30044271,-2.83411143,0.0751765,-1.59181573,-0.96860931,-0.48002494],
[-1.50093299,1.07258847,0.78385676,0.42703759,-1.28692813,1.37005803,0.17513705,-1.15932632,0.64521479,-0.62644274,0.63499136,-0.90567396,1.19084696,1.02369542,0.42835377,1.44221654,1.53590004,0.27327733,-0.16496416],
[-1.03519421,0.72956621,1.18928808,-1.16170382,-1.54695056,-0.11080384,0.06847415,1.88076392,-1.05316369,-0.11539794,-0.53990739,-0.59046578,-0.04608076,0.65429467,0.85403479,-0.48823623,-0.69597781,-0.11245019,-0.97271262],
[0.22959641,0.28048303,1.49580829,-0.39558555,-1.6418846,0.34335158,1.01340366,-1.3916979,0.4575147,-0.20149375,1.18235904,-1.07849361,-0.53229204,-1.61198901,0.06447234,0.48897888,-0.78505254,0.22134766,2.15010059],
[-0.82490188,0.14123432,-0.74724556,-0.76102947,0.59354316,0.61514314,1.08840092,1.86465456,-0.80159876,-0.31559276,-0.64701437,0.54350493,2.09556198,-0.31809185,1.32172399,0.14360472,0.46459576,-0.8079722,-0.23525012],
[-0.88659956,-0.58388432,-0.42466019,-0.12754417,-0.91628138,1.23844134,-0.56497809,-0.54422069,0.44794051,1.03549925,0.98976489,1.4198984,-1.66083644,1.0015394,0.4867008,-0.87143496,2.08171138,-0.41726108,0.29863437],
[8.86544632,11.33674559,7.24393004,-11.06782501,9.55628021,2.44919366,-0.5055339,-0.54051138,-0.40084177,0.91454398,0.28314201,-1.25850931,0.09046551,-1.39604295,-1.11223099,0.06788063,-0.01507601,0.98284188,0.26162802],
[0.92535089,0.06202258,-0.23279644,-0.85507665,-0.73900303,0.09070527,-0.28578586,-0.45708699,-1.07881097,-0.33469354,-0.64264406,1.21695454,2.43903264,1.23041794,-0.70244585,1.79261001,-1.38627911,0.52221035,-2.15357916],
[1.14636258,-2.49245876,0.08551301,1.36605305,-0.6430488,-0.35203913,0.53478501,-1.21406932,-1.82278651,1.45148303,0.43118878,0.14182758,-1.6857946,-1.02740146,-0.55730282,-1.39522366,0.47299519,1.00959447,-0.07038572],
[-1.41692553,-2.52353283,-0.61281451,-0.5410074,-0.79052504,0.83775038,0.16169216,0.09591458,0.41420685,-1.2878631,1.25841419,0.77353438,-0.19843265,-0.83809799,-0.36277404,0.26806692,0.19352599,0.70635048,-0.33310419],
[0.79846524,-0.5698729,2.12474066,-0.25207596,0.118846,-1.04533991,-0.23397896,0.09989637,0.73368977,0.89592438,1.18615085,0.66138626,-0.08630761,-0.41637061,-0.4760327,-0.49964957,-0.62217684,-0.33702074,-0.830775],
[-0.11085965,-1.41528215,-0.97960089,-1.76934982,1.05997158,0.12059043,-0.05633902,0.28538826,1.23575318,-2.44149327,0.42162385,0.18667321,-1.07167984,-0.03172454,0.53595125,0.30487593,0.76843625,2.07273976,0.95635465],
[-0.43354871,-0.65401611,0.72608528,-0.48513948,-1.73787503,-0.37459656,-0.42456913,0.18619841,2.12012905,0.61151519,0.71559039,0.30400671,0.84576085,-0.48718864,0.94669656,-0.2590193,0.14262663,-1.13054047,0.72872006],
[-0.2843078,0.53462824,2.15474679,-0.04910915,1.50618144,0.84431336,-0.15306308,-0.43591354,-0.23507945,1.70379055,0.57752966,-0.52860821,-1.7525399,0.79578982,0.10465821,-0.30132252,1.21738033,0.03421694,-2.62061197],
[0.85885306,0.08524378,-1.67344869,-1.20444721,0.87859944,-0.75855828,1.07614634,0.09646337,-2.42293492,0.2785824,1.36394072,1.97603282,0.06851408,1.39343858,1.76616665,0.74265399,0.1411051,-0.52037935,2.35883036],
[0.52123907,0.63388839,0.9226478,1.00472498,-0.75825977,-0.2510539,0.37935043,0.2949351,-0.00775465,0.6419404,-0.04327755,-0.94314467,-1.4190589,-0.34002576,0.03262245,-1.43460893,-0.32372245,1.06656987,0.91710465],
[1.10373337e+00,1.48134280e+00,-3.82887414e-01,-3.55881466e-01,-2.09135331e-04,-1.91990977e-01,1.03840273e+00,4.97968268e-01,-1.54403961e+00,2.00150444e+00,-6.76552320e-02,3.93068163e-01,-6.86023272e-02,3.31425012e-01,3.01096184e-01,1.84626607e+00,3.23300743e-01,9.83909044e-01,-4.55501808e-01],
[-0.42363061,0.18063084,-2.65759519,1.20310152,-1.1592977,-0.09279925,1.14930186,0.03300586,-0.79734123,-0.14347875,-0.39111144,-1.36739142,0.53787118,-0.58797145,0.54392233,-0.53790931,0.46793115,0.07390903,-0.42213637],
[0.08456295,-0.42636781,0.96217203,-0.3419943,-0.10187904,1.26571214,-0.48308055,1.29506325,-0.26643507,-0.73447086,-0.90013866,0.98336303,-0.57630578,2.45160409,-0.71469232,-1.88789366,0.3559352,0.05068196,-0.82977116],
[0.08234203,-0.00851697,-0.24289972,-1.35832886,2.1157756,-0.5277022,-0.80291528,1.03989098,0.78981336,1.23114825,0.35859424,-0.39447397,-0.39781851,0.12110925,0.27482175,0.81751335,-1.08814358,-0.54920748,2.17906138],
[-0.33240705,1.39356196,-1.95390132,-0.76805564,-1.08454127,0.13717851,1.8674701,0.46501409,0.25194848,0.00985158,-2.04384821,-0.59725705,-0.34643967,2.87146284,-0.79146214,0.1110559,-0.08872813,0.19053156,0.30664174],
[0.36758403,1.30752381,0.85712921,0.50783341,-0.49959126,0.74566345,0.08571579,0.48521158,0.85177545,1.2416506,-1.54108325,0.17631028,-0.08342558,0.49883117,0.77505691,-0.40427561,1.11618695,-0.93672289,-0.25834287],
[-0.38124799,-2.418383,1.29493369,1.83571558,-0.39670826,0.86297521,-0.99804477,0.21874053,0.95405639,0.39972893,0.57844276,0.18170032,0.0978489,-2.40151379,-1.07924266,0.94230016,0.38788295,0.66491728,0.87253592]]
[1.46490468e+00,1.26676186e+00,-6.79410890e-01,-1.16448970e-01,2.41136228e-02,4.01710925e+00,-1.01239604e+00,-3.72832850e+00,-4.01081563e+00,-7.46203106e+00,5.27048963e-01,-5.38048234e+00,-1.33797338e+00,-5.15351018e-01,1.05919064e+00,-3.29953067e-02,4.72336435e-01,-2.05741828e+00,2.88262018e+00,6.09778484e-03,-1.44763670e+01,-3.52876753e+00,1.34442517e+00,-8.91134713e-01,-5.85181690e-01,1.85308141e-01,-1.68791539e+00,-3.48554517e+00,3.08830701e+00,2.66033029e+00,-3.45044909e+00,-1.46842535e-01,-1.63798116e+00,2.75637178e+00,-2.52816641e+00,-1.07047140e+00,-3.10026235e+00,4.37685999e+00,-6.51291592e-01,-2.16979738e+00,-2.40161294e+00,-7.06707653e-02,4.50805401e-01,-1.64296976e+00,-1.07820379e+00,-1.37234685e+00,4.00791779e+00,5.24110376e+00,1.42965109e+00,-2.86448188e+00,-1.61566278e+00,6.37214721e-01,1.38385745e+00,-1.11208913e+01,2.02420614e+00,6.23841508e-01,2.95459128e+00,5.89127374e-01,-1.44637521e+00,2.80524370e+00,-9.96459330e-01,-1.66964059e+00,1.62947212e+00,-4.42505697e+00,-8.20833320e+00,1.19149580e+00,1.09664059e+00,3.82859478e+00,2.20147998e+00,-4.75725819e-01,-1.14527703e-01,-2.36170486e+00,-4.30654516e+00,-2.41957549e+00,-1.84173593e+00,2.23152076e+00,2.72581008e-01,-1.03092067e+01,1.46681183e+00,-9.60694682e+00,-2.40009955e+00,-1.25320597e+00,-9.35108423e+00,1.36392844e+00,-1.96061793e-01,1.86831230e+00,4.69057483e+00,-6.05501425e+00,4.36240351e-01,-4.08061544e+00,-2.63540651e+00,1.61053662e-01,2.52063515e+00,-1.55868553e+00,3.04969143e+00,-4.40524216e+00,4.85979707e+00,7.14924405e+00,-1.63191639e+01,-1.19678580e+00,1.03303541e+00,-1.07425669e+00,-1.30216551e+00,1.07628920e-02,8.68880480e-01,2.88805712e+00,-4.67907471e-01,1.75260067e+00,-4.39393109e+00,-1.43565222e-01,3.47782403e+00,-6.14667540e-01,-1.04970135e+01,-3.82210112e+00,2.39517811e+00,-2.13403956e+00,5.40312156e+00,5.45637757e+00,-3.51529566e+00,-5.39846507e+00,-1.11797996e+00,1.31737295e+00,-2.97795184e-01,-8.75893757e+00,1.06066692e+00,8.15456825e-01,-5.38475495e-01,-7.74746339e+00,-5.21429077e-01,-3.07330861e+00,-4.20256659e-02,-1.36376536e+00,-1.47320991e+00,-9.62676512e+00,-1.57616833e+00,-1.60053840e+00,-5.43637330e+00,1.77058668e+00,-2.39661358e+00,-2.50747165e+00,5.35394202e+00,-1.21881992e+00,3.14949830e+00,8.89877209e-01,-3.55476920e+00,1.30855386e+00,1.91540323e-01,-3.05278828e+00,2.98103066e+00,9.98027393e-01]