[[0.11361607,-0.50355999,-0.8208756,0.73216356,-2.40834398,0.45684147,-0.75431606,-0.54817957,-0.89498911,-0.05677966,-0.07768302,-0.26699567,-0.82534214,-1.35873269,1.29495033,1.05082138,-1.16612205,0.62378769,-0.70536732],
[-3.15124317,1.66834874,-1.115478,-0.88315282,0.39813529,0.31671403,-1.46679628,-2.19137901,0.65145943,0.97628605,1.55098567,0.83049493,-0.25633334,0.02377389,0.59731313,0.19213239,-1.54481042,-1.02193217,-0.43175252],
[0.69869588,1.18358946,0.58214569,0.36328648,-0.31516277,-0.88991099,-0.20593531,1.03754116,0.09359153,-0.44790501,0.95694513,-0.98589542,1.24396238,1.91690357,1.2948742,1.3457139,-1.59006911,0.9879968,0.10437132],
[-0.20585442,-0.51067288,-0.92439753,1.01744247,0.92473296,1.18157265,-1.40170895,-0.71019204,-0.74647508,-1.64476928,-0.41003221,-0.72934128,0.12187268,2.09197196,-1.59753104,1.67951871,-0.40428531,0.87566739,0.70476247],
[11.59186256,10.68406586,9.94365428,8.98561175,-7.52632025,1.25473289,0.26059231,-0.8664013,-0.7341421,-0.22904807,0.53716907,-1.52868847,-0.19011992,0.08105049,-2.06208705,-0.13171487,-0.14448753,0.26257176,0.78290507],
[1.09407260e+01,9.15196144e+00,1.23973876e+01,9.97689233e+00,-1.25730210e+01,9.48133146e-02,-2.83249580e+00,9.45643732e-01,-8.10250900e-01,-1.23326904e+00,2.04218820e-03,6.07874980e-01,1.22637244e+00,4.92532859e-01,5.85776487e-01,4.20679861e-01,6.84252302e-01,-5.77416309e-01,6.29197329e-01],
[-0.60143257,0.47850528,0.96716094,0.44108851,-0.27158256,-1.96741583,-0.4028458,-0.29680456,1.4764449,-0.47096436,1.50409357,-0.64224401,-1.24701567,1.84347175,1.15656126,-1.40292062,1.18327166,0.12816692,1.05500158],
[0.35708073,-0.37502105,-0.59531465,0.22859516,-1.99679256,0.25829803,0.93467367,1.45619008,-0.44833414,0.82530777,-0.31426306,-1.69788262,-2.16647198,-1.65493964,-0.3181295,-2.55183491,-0.60831724,0.7088711,0.68178712],
[-0.17671175,-0.51251247,1.31833734,0.27631315,-0.0040161,-1.50863148,-1.10800732,-0.44974551,-0.44831561,1.10217295,-0.37895321,-0.17751334,0.20095585,-0.27096303,-1.39850626,0.99515726,-0.67903141,-0.09055117,-1.38508183],
[0.06612758,-0.03472137,-0.93807891,-1.54825193,1.07073448,2.10870777,-0.96991817,0.61694669,-0.4744415,-0.12153946,0.05759939,-1.21923701,0.92006018,-1.30567649,-0.50708051,-0.24764514,0.13520635,-0.66354342,0.99781651],
[0.98588874,-0.47216257,-1.04095577,-0.67494133,1.27554643,0.75772892,-1.17386859,-0.43865044,-1.16519488,-0.6497789,-0.11321364,0.98760443,-0.48828767,-0.97416458,1.00941644,0.42863324,-0.48719504,-0.81438605,-0.41149524],
[2.86638008,-0.1642525,0.42893171,-1.35604667,1.58157578,-0.17208972,1.28082871,0.58315281,0.6016595,-0.32607926,-1.07984763,-0.51333242,-1.80810091,-0.40967834,-0.49385632,-0.28006474,-0.98775574,0.93672116,1.17338191],
[0.47726423,-0.38289759,1.43414673,0.05096831,-0.99511045,-0.19583618,-0.14752926,-0.48623467,0.3194509,0.87948629,0.40739256,1.39241066,0.2742251,0.64033662,0.47478934,-0.31726508,-0.34148867,1.23633249,-0.18840596],
[-0.15425903,1.82019264,1.29097609,1.42080627,1.71575589,0.0849124,0.05111151,-0.82956627,0.2292969,-1.22089303,-0.37764958,-0.33985821,0.34173685,-1.39610733,-0.36971799,-0.8611324,-0.08438065,1.1358427,-0.01566831],
[-0.1210412,0.21391587,0.57009142,-0.44162027,-0.07402028,0.59188348,-1.12053874,0.69234377,1.8613298,-0.58315374,-2.19986577,0.50622464,-1.55208116,1.30356019,-1.58467258,-1.12201522,-0.63374982,-1.16808809,0.13447405],
[-0.52232549,1.77175238,1.65505829,-1.41284716,0.44905077,-0.06741373,-0.23701825,0.79651821,-0.69689065,-2.31295954,0.30631242,0.79525077,0.26432412,-1.35940335,0.30368692,1.01981148,0.97525866,-1.80045731,-2.65738186],
[-1.11116795,-0.17997058,1.29992816,-0.99054147,-0.56008034,0.09832569,-0.6046962,-0.72215298,0.27789886,0.65439899,-0.30650861,0.13592789,0.46842486,0.122433,-2.10548314,1.39534896,-0.2587349,0.2866025,-0.5753195],
[0.7237649,2.10169835,-0.36051793,-0.86286065,-0.49485117,0.75289636,-0.50815694,0.71457143,-0.0539134,-2.12403356,-0.2319026,-0.29873389,1.41816386,0.81366264,0.94529774,0.00697895,1.2690461,-1.74005434,-0.50274025],
[0.22890275,0.89614526,-1.2716491,0.86907044,-1.12547803,-0.41530578,-2.51570463,0.70726132,1.12646043,0.26707232,-0.74345397,-1.38798579,-0.28966119,-1.77566853,1.24691844,0.20681821,2.34630396,-0.86080961,0.70731741],
[-0.60351734,0.61189047,-1.42719259,-0.32466544,-1.42809099,-0.49480661,0.23960035,0.09593724,0.26235435,-2.15461247,-0.16733573,0.87105936,0.04287905,-1.39053038,-0.36462265,0.26094066,-0.94633907,-0.8770014,-0.56779811],
[-0.95230995,-0.75939183,0.96976394,1.31420041,-0.13013415,-1.91467295,1.11597063,-0.36860673,-0.15477265,0.31911831,0.95816073,-0.41734079,-0.05766783,1.49855688,-0.52004537,-0.72279158,-0.60933372,-0.27112097,-0.00712157],
[5.16862129e-01,8.53353783e-02,1.70597061e-01,1.03227897e-01,1.35980957e+00,-9.64337097e-01,-1.51668836e+00,9.55221293e-02,-1.83975391e-01,1.20846737e+00,-3.48078694e+00,-1.16246859e+00,-1.26084161e-03,-1.59059895e+00,1.42781434e+00,-4.62601005e-01,-5.26460441e-01,-8.17833474e-02,5.15492905e-01],
[1.84260963,1.05418514,0.19494711,1.07226557,-1.07356383,1.53676558,0.49426046,-1.23051899,0.73335488,2.57000247,0.00988665,2.08964237,0.27287457,1.74977523,-1.13579885,-0.74586988,-0.69421652,2.05184544,-0.35580523],
[7.68050899e-01,6.15961470e-01,-1.25543567e+00,-1.02301526e-01,-1.53572144e+00,7.09798267e-01,3.26627607e-01,-7.12111037e-02,7.99282067e-01,4.02946768e-01,-1.22634875e+00,-8.66684976e-01,1.06717064e+00,1.61433591e+00,1.84646911e+00,5.12414447e-01,7.87669334e-02,-4.12317544e-04,-5.47689065e-01],
[0.46929186,-1.13822662,1.1568063,-1.21522095,-0.29271782,-0.98534099,1.50480675,-0.44623669,-1.61430316,-0.29362995,-0.41517977,0.36402441,-1.00461497,-0.09474712,0.49097558,-0.22849275,0.22436226,0.54210004,-0.30170095],
[-0.19727391,0.24220602,-1.28394779,1.10596466,1.32376196,1.86336488,-0.72002624,0.83652379,1.42667451,1.27289221,1.15308477,-2.31246478,-0.94547513,1.76890392,0.63566987,-0.77102612,1.38724036,0.34514113,0.8667897],
[-0.18507047,0.86126473,0.35063479,0.11942143,0.63258601,0.45335911,1.06689546,-0.45320297,0.25004569,0.45940499,0.12736457,-1.32135967,1.64313033,-2.70306683,0.22386713,-0.42079222,1.94055483,-2.28575399,0.40902945],
[0.41183428,1.73059785,-0.92907967,0.69827436,-1.65441355,0.5402289,-0.08580894,-1.38581861,-0.26187033,-0.14668069,0.85860933,0.70827104,0.81709164,-0.41482421,1.5523805,0.08037291,0.15608105,-0.65563838,1.05687891],
[-1.44014915,0.02166014,-0.34933212,-0.39349616,-1.0952746,1.91678466,-1.2767372,-1.90373949,-0.83341568,-0.81209712,0.17376512,1.13527852,-0.01401481,-0.59311369,-0.4715933,0.70418227,0.85391373,0.671358,-0.30949341],
[-0.96445885,0.03439456,-0.25500833,2.34684871,-1.07069329,-1.46658488,0.1745967,0.49160035,0.30521688,1.47858953,-0.28583483,-0.8075573,0.59835234,-0.66941423,0.4280285,0.51235105,-0.81951377,-0.23582878,-0.90148716],
[0.80275787,-0.60730092,0.26994219,-0.87708427,-0.6153741,2.00751124,-0.34352086,0.44982769,0.33566194,2.30490396,-0.31939178,-0.32020936,0.89296812,0.32677607,1.47243817,-0.65173058,1.51279639,0.35067334,-0.17907617],
[1.35316531,0.44747034,0.30520094,-0.13966292,-0.84315514,-0.69532867,1.77891468,-0.66353923,-1.00046608,-0.41030885,1.30099085,0.82908401,2.78667487,-1.21368785,-0.17137268,-0.32169279,-0.69260701,-1.84968464,2.08706107],
[-1.8174554,0.65029988,1.77936705,1.56897586,1.0640284,-0.39075925,-1.1835805,0.72249123,0.37942244,0.57662587,-0.25362866,1.11012699,2.02525602,-1.29884415,0.5165916,-0.08099833,2.14572094,0.78167768,0.59710031],
[-1.77929235,0.57486597,-1.54131827,-0.03620717,1.1318908,-0.22373108,-0.72937755,0.16240196,0.3487619,0.41591171,1.98576812,1.14832589,0.55635192,0.40003982,0.54810269,0.7027877,-1.310819,-0.08597886,-0.49950158],
[-1.6649062,-0.27310753,-0.73921844,0.24437484,-0.37463169,-1.30888707,-2.70004214,-1.30339332,0.2993884,1.04031549,0.19837498,-0.05720278,0.83731354,0.60320727,-0.1852391,0.5306364,-0.4821858,0.34624913,0.190254],
[0.25388743,1.71156785,1.13591859,-0.9469798,0.50672067,0.65099,1.20471237,-1.33994347,-0.05944978,0.36588028,0.34856758,0.72669159,0.07300368,-0.62545111,0.59370828,-2.6087989,-2.02001178,0.58196702,0.89053929],
[0.95824342,1.47690181,-0.66308779,-2.43881094,1.00419491,-1.01341161,-0.03516506,0.43642803,0.3743719,1.02325973,-0.1712672,0.8007449,-0.36828531,-0.81702317,-0.84278833,0.04495588,1.22458533,-0.71537785,0.75622354],
[-0.16290382,1.49045514,0.26091159,-0.16254111,-0.29146296,1.89268951,-0.47082294,0.87904923,0.43943222,-1.37545597,0.89230697,0.97000181,1.79793721,-0.23168397,-0.80205496,-0.7099701,-0.68329726,1.03536194,-1.36808637],
[0.2402546,-1.1989496,1.44650372,1.50656487,-1.14047944,2.18254542,0.58323863,-2.03681964,-1.6047804,0.58366889,-0.99766859,-2.08729814,-1.12932588,1.79913313,0.6479606,0.93975497,0.12519115,0.57588626,0.49459489],
[0.54280361,1.67348064,0.4645841,0.08526686,1.15977721,-1.14983461,-0.15451061,-0.60374119,-0.72389049,-0.14159576,-0.88881885,0.29531313,1.10500483,-0.83258488,-0.20827349,0.229884,-0.06047703,1.3778328,-1.40374724],
[0.27327055,-0.12910182,2.02162843,0.19792109,-1.77415903,0.66307277,0.18897192,0.81544624,-1.07389142,0.43781125,0.01372541,-2.41513666,-0.27417255,-1.32134725,-0.32314919,0.06673187,-0.66309961,-1.30817308,0.78881478],
[0.49368244,0.12674753,-0.32593219,0.70159428,-0.08479436,0.49534309,0.38191818,-0.13960404,0.82362878,-2.00402249,-0.98673842,0.23639638,-1.59806469,0.68361893,0.65093502,-0.10280952,-0.06830615,-0.38170435,0.20528589],
[1.61689225e-01,2.55998490e-02,-5.53019147e-01,5.51639235e-01,4.09408693e-01,2.99585121e-01,-2.97479255e-01,-9.44339930e-01,3.60088023e-01,5.72466924e-01,7.97482618e-02,-5.61007250e-01,-3.74988750e-01,1.36493580e-03,9.91047978e-01,4.68622395e-01,5.03117432e-01,-4.18218115e-01,-2.25352170e+00],
[0.93217098,0.45912616,-0.26676855,0.3843403,-1.84076673,0.07582499,0.02528955,1.82904678,0.82416795,0.26112553,0.85769872,-0.20681151,-0.21219697,-0.93431407,0.72172818,-0.82824033,0.31273625,-0.91369514,-0.93025663],
[-0.35457846,0.49741659,1.82934065,-0.13592202,-0.59990654,-1.36105051,0.35318758,-0.68871441,-1.0229894,0.56069004,0.10478644,-0.83763285,-0.66975681,-1.21567243,-1.61424906,0.34859967,0.03375114,0.40368696,-1.40416837],
[1.00090557,-0.5597389,-0.20930704,-0.95673312,-0.11473278,1.60401607,-0.45146758,-2.52364048,-1.41865226,0.4743719,0.16439214,0.49303141,-0.39137045,1.07913098,1.2011454,-0.16228151,-0.61624832,-1.53156716,0.7295996],
[-1.06877549,-0.35112271,-1.37040609,-0.55935798,1.37158097,-1.18064035,0.38692026,-0.3380282,-0.21580219,-1.15704128,-0.13816585,-1.27070397,0.61240925,-1.78209713,0.88038805,-0.3848216,-0.48271234,1.86260954,-0.79287258],
[1.37217825,-1.54792877,3.24881835,-1.46721368,0.66983595,1.88412503,1.3032478,2.00747013,1.15332712,-1.93146877,-0.18497808,0.58368332,0.01611259,0.43988543,-0.31929617,1.18363913,0.49524335,-1.45426652,1.7917003],
[-2.02788302,0.22845041,0.89776587,-0.54480903,-0.31002129,1.2483185,1.82011941,1.21116565,0.42946242,-0.4708093,0.70492027,-1.63873406,-0.66252144,-0.04035688,0.42448572,-0.19235079,0.26018037,-0.85890499,0.8224236],
[-1.43917656,-1.40999514,-0.14894982,0.25214285,0.14331011,-0.02845288,0.62706989,-0.43724683,-2.3832079,1.82499766,0.83085677,1.32618152,1.14336364,1.83746113,0.5712334,-1.5268034,-0.07177206,1.42109259,-1.07256158],
[0.37149137,0.79794577,-0.43181668,-0.7545741,0.32132783,0.01457427,-0.00718681,-1.02740173,-0.91309944,0.15298817,-2.5543706,-0.23229618,0.14977108,0.20462918,1.15241123,-0.75446798,1.31199203,-0.51193085,1.51427849],
[-1.44838277,-0.52634937,-0.12110411,-1.6330663,-1.29940395,-0.47801735,1.96981453,0.491791,-0.76529828,0.66853807,-0.94271579,-0.66499297,-1.46704104,-2.53275572,0.45875342,1.19224638,0.25876283,-1.41964462,-1.25973985],
[-0.95473856,0.42336254,1.46544235,-1.15341202,-0.38887407,0.39858507,-2.35590384,-0.13961943,0.28805501,-3.3513712,-1.63023763,0.67374167,1.20884059,-0.25886088,-0.1004494,-0.439146,3.26511852,0.65174097,0.26975659],
[0.38240468,1.3156305,1.46693271,0.54791145,-1.04136934,1.6408518,0.49700488,0.52531866,-0.48975003,-1.30867338,-0.25792925,0.84445798,-0.75177586,0.14562264,-0.12302182,-0.63152779,-0.94449539,0.72216337,0.0906652],
[1.83138598,-1.10111309,1.44024892,-0.42524807,0.2477523,2.07210595,-0.42088589,0.4069269,0.14249907,0.0050086,-1.75099379,-1.17576641,0.70102104,2.25987557,-1.09673041,-0.73047213,-0.02532151,-0.0511976,-0.14729967],
[-1.33046186,0.73057854,-0.49003643,-1.30190968,0.82209815,-0.82719401,-1.09419282,-0.12189204,0.17644558,1.45385031,-0.43239358,-1.01697463,1.01503534,0.73961243,-0.89974426,-1.66934323,2.4028844,-2.87375771,0.34547165],
[-0.08251816,2.19294344,1.32075092,-0.81790887,-0.46593296,0.62165145,1.13640163,1.22586827,1.19229966,-0.00459235,-1.28337208,-0.69878385,-0.60560684,0.31083238,0.76171018,-0.00857915,-1.76975198,-0.69759274,0.14002594],
[2.23412859,-2.60889192,0.11966373,-0.35846468,-0.42901557,0.17587332,2.17417915,-0.38071613,-0.22889039,-0.62943867,-0.73392588,0.67488015,-0.2093376,-2.56798562,-0.75557698,-0.30578665,0.19689991,1.19753418,0.86366273],
[-0.96315203,-0.41406282,1.30171937,1.02924168,0.66999058,-0.74925333,0.65399943,-0.34608651,0.14194868,-0.09091666,0.03022733,0.35392624,-0.81985318,1.54956457,0.7191427,-2.04748184,-0.89472743,-0.12719093,-1.09357416],
[0.01800142,0.77964755,-0.42833864,-1.29020099,0.6238404,-0.75627669,2.43384286,-2.5021018,-1.6063371,-1.10014542,0.70386942,2.13895219,0.50188724,0.05092303,-0.76965686,1.17519317,-1.51802327,-0.64855488,0.9434793],
[0.18882153,1.41737616,-1.11672502,-0.9787259,0.27277507,-0.27470344,0.07832103,0.11259139,-1.03522647,0.97423699,2.29874302,0.44035196,-0.20021557,-0.30541844,0.18550171,0.02747967,0.57201259,-0.06547623,0.47528759],
[-1.89157862,-0.94951077,-1.25400952,0.30332306,-0.39829045,0.16651927,0.91657819,0.32410377,0.60335223,-1.46493771,2.14105721,0.05795653,-0.13875524,-1.15184808,1.13573362,-1.41754028,-0.21505928,0.01201123,0.75414196],
[-9.7721183,-9.7020788,-7.54798253,10.03789995,10.43997366,0.06201133,1.32004765,0.68023047,0.66257214,2.04867144,2.06691625,0.45896473,-0.68596793,0.69410553,1.37611811,-0.10087309,-1.63734586,-0.25223088,-0.86321136],
[-1.79800199,-0.01067393,0.09942734,-0.52011981,1.72994297,0.28493739,2.40288345,0.87639469,-0.52194713,-0.03732137,0.57799631,0.09025897,0.39557916,-0.27757065,-2.25342957,0.18414588,-1.38402108,-1.2853084,-0.36989715],
[8.46103482e-01,1.97005896e+00,2.69227022e-01,-4.70679464e-01,-1.82010191e+00,3.57703939e-01,-1.13367162e+00,4.45032436e-01,3.63652374e-01,-5.83502458e-01,1.15333544e+00,9.22191767e-01,2.05080094e-01,-1.56930243e-01,-1.43218401e-03,6.38798066e-02,-5.11638311e-01,2.71924014e+00,-1.08933783e+00],
[10.92922244,-10.92886115,-9.51191511,-10.41621871,-10.28003561,-0.47852781,0.10308625,-1.14480878,-1.21203121,-0.83867133,1.31805328,0.22672112,-1.67716438,-0.4729132,0.31453939,-1.0892802,-0.93768258,-0.65608039,0.9236576],
[10.32646648,-7.7260895,10.29660237,10.7318525,8.67906507,0.46541192,-0.09680529,1.16936096,0.24726631,0.16233112,0.79086331,-0.0697908,-0.53873977,0.28678007,-0.17891593,-1.06514324,-0.26548631,0.2234767,-0.19538418],
[0.82149296,0.15200186,-0.68325338,0.91702775,0.24880609,-0.74153883,0.16232917,-0.25504784,0.08731832,0.87716781,1.08127642,1.43762222,-1.83727596,0.3088109,0.31467932,-0.21034013,0.74753951,0.57318152,-1.97356743],
[-0.31789478,0.76370354,-1.3206031,0.09837754,-0.31457117,1.35016358,-0.50641194,0.10872091,1.30465045,-1.19351349,-0.19734194,-1.50984417,-0.27021816,-1.84986656,0.5489976,-0.04669837,1.80090348,0.50952386,1.11387562],
[0.38498233,-0.31351432,0.38898358,-0.11442266,0.10984463,1.10111528,0.15893147,0.0065843,1.82934739,-1.50513289,0.83484475,-0.54071154,-1.3945952,0.8510896,-0.48155053,0.2995475,0.56993226,-1.13400105,-0.24860567],
[1.00890536,-0.81149479,-1.27077316,0.47020166,-1.06357828,0.45154079,-0.923177,0.34662056,1.24610475,-0.82171348,0.173875,0.29250637,-0.79856038,0.58499199,-0.02107467,1.26426994,0.61554042,1.20164543,-0.64576458],
[-0.51013783,-0.19656921,1.59107926,1.19304477,-1.27608755,-0.5752608,1.07376614,-0.3458801,0.53379513,0.87626036,-1.10700339,1.57132756,0.57078856,-0.61029108,-0.46129667,-0.5327366,0.21387951,0.99238218,-0.23672421],
[0.87213366,1.33501146,1.36603563,-0.80116221,-0.57819442,-0.01581067,-0.26171967,0.04396853,-0.11478961,-0.23744731,0.58727386,0.7740745,-0.7984064,1.20720086,0.03659049,-0.44619439,0.41777052,-0.79421072,-0.54095891],
[0.72970515,-0.40652376,1.44771605,0.58010457,-1.39512334,-0.24978377,-0.07148829,0.7308645,0.13367562,0.07090435,0.57332663,-0.55084873,-0.05475531,-2.23424305,0.63578375,0.57789975,-0.4049881,-0.24540962,-0.38781522],
[-0.89924468,-0.09743697,0.83667204,3.14146393,-0.26773548,0.2140923,-0.87467221,1.98728312,0.11639374,-0.54434346,0.26651087,0.76661882,-1.21397638,-0.3161721,-0.26681725,-0.14664206,-1.54775603,-0.66722179,-0.50723171],
[0.29260542,-1.54564036,-1.53152864,-0.77010768,-1.51500226,-0.09758859,0.31015088,1.04439327,0.10461565,0.21606381,0.24584821,1.09837293,-3.2592276,-1.1121686,0.18371484,0.47985096,0.60192283,-1.95850543,1.37534207],
[-0.19898312,-1.20170893,-1.61446372,-1.31541558,2.36676655,0.54610363,1.01387864,0.32217715,-0.16388538,0.75773735,0.24524535,0.32483322,-0.616876,-0.36413179,-1.06380634,-1.89286781,-0.41180648,-1.72039283,-0.61367015],
[10.90795528,-8.0728012,-10.01418784,9.90467194,-11.8447394,1.35220764,-0.57512652,-0.07992652,-0.27420018,-2.03350854,-0.77745013,0.56041394,-0.97790273,-0.58743983,1.48941129,0.11423409,-0.39427943,1.78951255,0.36946209],
[-1.63622218,1.15188393,-0.46137542,-0.16650149,-0.85064888,1.71364279,-0.77305971,1.21750098,0.54740718,0.24646642,-1.28591307,2.12035527,0.96834968,-0.91553108,-1.29672053,0.6577486,1.8428331,0.6414162,-0.0875146],
[-9.82470219,7.92901387,10.85722342,-11.54258606,9.88464995,-0.97149357,1.17534219,0.02674759,0.31171435,-0.50934153,1.15087259,-1.83444408,-1.51121368,0.44484939,-0.12397072,-0.69000501,-0.48510314,0.21285233,-1.24727763],
[0.40883712,0.29656078,-1.30969109,-0.74114549,-0.42067109,0.79321168,-0.28398429,0.27691907,1.40746519,0.61251276,0.28829119,-1.32361347,0.09211815,-0.08620314,-0.759339,1.38790743,0.9780332,0.60567979,-0.3261214],
[-6.26312331,-9.44972393,-8.58027045,-11.03029524,9.18147917,0.7835853,-0.99032,-0.80087261,-0.18371189,0.05320944,-1.7507795,-1.50626162,-0.65846938,-0.60524314,0.02299829,0.4584881,0.58251842,-0.0839966,-0.1912352],
[0.01660616,-0.27292062,0.15964888,1.09219832,-0.83902063,-0.25738538,-0.06792958,-0.34638868,-1.04204148,-1.9474187,-0.37321614,-0.66010003,-0.05550559,0.30306654,0.74615926,0.50615163,0.76609089,-1.5827794,0.4235261],
[-1.69235028,-0.8045555,1.12561162,-1.23687214,0.7451972,-0.27921154,-0.05754261,1.22072776,-0.55109128,-0.19878037,-0.59560265,-0.85501646,-1.37498531,-0.78298111,-0.10528599,0.76195318,0.45163565,-0.792942,-0.52970958],
[0.39812412,-0.91439284,-0.84618377,0.95064196,0.6145902,0.5430403,-2.10591364,1.4135916,-0.69424769,-0.81212138,-0.28754846,-1.0014024,-0.70963821,0.69687457,-0.65067534,1.18538219,1.56352148,0.60471649,-2.6131479],
[0.78665759,1.86040687,-1.39948247,0.30978472,1.39232052,1.85145687,0.08397782,-0.29854391,-0.42838485,1.44690335,1.3645153,1.40736518,1.9879692,-1.02289716,0.76814939,-0.76886607,0.76943181,1.19477381,0.22033403],
[0.05177203,0.03213593,-1.05175164,-0.00867142,-0.34788999,0.16178131,1.00706516,0.85292081,-0.65345682,-0.02284748,0.96341424,1.0117695,-0.16050792,0.17129515,-0.07534215,0.2146499,0.95264861,-1.20708344,0.36914325],
[0.64578177,-0.74489524,1.41397546,-0.22315191,0.38816461,1.27304164,1.05130635,0.86102131,-2.41371248,-2.51860947,-0.06108601,-0.52603624,2.32919401,1.40179057,1.1014572,-1.01917813,-0.83646898,-0.65789892,0.9777996],
[0.64064832,-0.09387036,-1.15316538,1.43827744,2.36864444,-0.26991787,0.43349452,-1.58550593,-1.75573586,-1.04327769,0.77314636,-0.60245902,-0.43344644,-0.12897474,0.69227993,0.68166198,0.58791217,-1.26052565,1.57476742],
[-0.24030331,-0.42268236,-1.42279681,-0.64235888,1.2349582,0.11934583,0.56087835,0.92104775,0.15201776,-0.61248344,-0.19484418,-1.38482703,-0.05145576,-0.79215735,0.78297115,-0.49706948,-0.90550222,-0.48913655,0.51318286],
[-0.46973501,0.25498416,1.11409954,0.4690367,-1.25412966,-0.56589636,0.18608435,-0.90813706,1.44586875,0.24116436,-0.48776998,-0.29363095,0.39198392,-0.80945357,1.1583266,-0.46072196,0.23596274,0.16970641,0.95660448],
[-0.81019002,0.30664472,1.27774664,0.58247203,-1.30265407,1.31450203,0.07471949,-0.11482413,-0.38962731,-1.05209318,-1.35344985,0.28603173,0.77162337,0.24613178,0.55868041,-1.06571338,-2.05407801,-0.23778408,-2.43740438],
[-0.17000696,-0.12282136,-0.14466557,-0.30020801,-0.49437872,-0.31675855,0.12558547,-0.9474188,0.24188331,-0.94900332,-0.54898952,-0.69706567,-2.06253153,0.44845718,-2.4612762,0.27771783,-1.23444313,-0.45036252,-0.1955416],
[-1.01063215e+00,1.06662058e+00,-9.97621839e-01,-1.82321146e-02,4.71714022e-01,1.01856794e-01,-1.88091026e-01,-4.61463791e-01,3.82759049e-01,-1.77758199e+00,1.52201352e-03,1.92289277e-02,1.08264068e-01,-9.13133802e-01,4.73612752e-02,7.99213304e-01,2.54577113e-01,-2.11948687e+00,-9.98800090e-01],
[-0.74302046,1.21873718,0.7491938,-0.26372112,1.58564817,1.71966261,0.23007962,0.475177,-1.02407617,1.21135975,0.213283,0.45095254,0.00791709,0.16400483,-0.34056271,-0.73071947,0.88678341,1.17284565,-0.33501428],
[0.10855445,0.55900257,0.20287195,-0.54017822,1.6412159,1.04689239,0.25849705,0.55792859,-0.47209954,0.5308725,-0.27591104,-1.05426775,2.84695701,-0.35968295,0.50970255,-1.96041259,0.77552502,-0.30324895,0.31364979],
[-0.74163385,0.5305128,-0.07906006,-0.80790932,-1.20797439,1.06372043,0.14527885,0.38126551,0.73089308,-1.08237373,1.5022675,-1.51235545,1.28349935,-1.67256587,1.13206079,-0.39046064,-2.13410011,-1.26898596,-0.12188501],
[0.55605276,-0.83294336,1.40741808,0.93602316,-0.4457748,-0.92385184,0.35107492,0.89907865,0.48036115,-0.21147456,0.22319485,0.10118751,-0.97107828,1.2279449,1.52795034,-0.69884522,0.33610525,-0.36265639,-0.32723407],
[-1.27843740e+00,7.79675529e-01,1.24930985e+00,4.33479765e-04,4.92809516e-01,4.57401245e-01,-5.77754435e-01,1.79723577e-01,-9.41138965e-01,1.98056454e-02,-9.44163586e-01,6.57397770e-02,7.17546863e-01,5.47291952e-01,-3.85200493e-01,4.57285682e-01,1.30304310e+00,-1.13212933e+00,-4.61081080e-01],
[-0.83612004,1.26146364,-0.01566825,0.88136748,0.43326217,0.68165853,-2.30478838,-1.32571584,0.06130855,-0.55809759,-1.40104509,-0.01998289,0.75272799,-1.35598827,-0.40493692,0.66095549,-0.34467437,2.17037049,1.14681082],
[0.62775259,-0.57395338,-0.33385691,-1.68505613,-0.37808399,-0.58186237,0.00951493,1.31869184,-1.61761622,-0.48583343,0.20046468,1.13953444,0.68795278,0.40035472,2.10049704,1.03437105,-0.15983742,-0.73061244,0.10036495],
[-0.63524249,-0.47513317,0.58155126,-1.57461898,-1.87757408,1.35177213,0.46117001,1.48508469,0.79284819,0.59658252,0.90713617,1.68844916,-0.42434056,0.1314009,-0.4727496,1.52006209,-0.81247323,0.10549581,-0.73457668],
[-2.45889042,0.70547479,-0.33688679,-0.3796305,-0.77077936,-0.64621876,-0.42228254,0.3552925,0.07968237,0.38655069,0.18020111,-1.10563174,0.76588752,-0.21233092,0.60481504,0.17267801,0.2393365,0.01644256,-2.19998271],
[-0.67001248,1.46524315,-0.41678277,-0.7794911,-0.03230702,0.31632982,0.22726674,0.7824714,1.15367,-0.78667129,1.74149789,1.08902649,-0.81266806,0.14748301,2.15698412,0.6451379,0.24655964,0.30626519,-1.91917981],
[-0.43088431,0.83259987,-0.8983741,-1.24438284,-1.00832106,1.56519991,0.42467663,0.60191197,-0.5009563,1.46161481,-0.22236645,-0.41812052,-0.23806459,0.80646408,-0.26972807,0.59834541,0.18368124,0.52758812,-0.64729401],
[-0.81695546,2.64292049,0.56844129,-0.94370941,-0.03191227,-1.38001884,1.23916263,0.98186406,-0.68534661,-0.32671722,0.11091677,-0.42199216,-0.85548729,0.67481365,-2.65346855,1.51736792,0.96673669,-0.30660896,-0.65411827],
[0.19229029,-0.00907975,0.77394708,1.62135889,-0.96190685,1.28762549,-0.3142256,-0.37326578,-0.15644268,0.80777566,0.53173475,1.41810514,-0.45808347,0.37749617,0.00502552,0.38345569,0.76828051,0.8878361,-0.13568962],
[0.31744958,0.02966854,0.54767355,-1.33738629,0.16343333,-0.58692891,0.53947643,1.42449731,0.34679545,-1.21782187,-0.18371687,0.67106608,-0.02342436,1.60999936,-0.30572043,-0.46273767,-1.13881763,1.27007329,-1.75803403],
[-1.09067829,0.42558415,-0.98620361,-0.68195518,1.17410001,-1.4477698,-0.96756923,1.14457119,-0.18070692,-0.52459237,1.05834765,0.46761295,-0.66791864,-0.68115564,0.89518843,0.37847966,0.61460787,1.77860867,-0.19378388],
[1.61639183,1.01825689,0.36239743,1.52936658,0.20953832,-0.34597626,-0.43959585,-0.78372253,1.43230517,-1.39701839,-0.51930318,-1.03578728,-0.38717935,2.4124046,-0.96772561,0.28758226,0.7485722,0.52696819,-0.25289922],
[0.76328353,0.45139034,-1.27384606,1.61938649,0.54662136,1.95921793,0.66702159,0.14012885,-1.35361798,-0.03987313,-0.30359258,1.22686321,-0.58923889,-0.61334418,-0.00206794,0.38741414,-0.46121046,0.98556815,-0.0750322],
[0.58938691,-1.70811524,0.1970908,0.98169971,0.10118615,1.02296997,1.1098417,-0.8464795,0.82920825,-1.64911931,-1.64355517,-1.26549731,1.43480693,-1.25565576,0.21961332,-0.44365563,-0.09170273,0.51778567,-1.88080225],
[1.06135142,-0.55968593,1.20559838,0.2070608,1.67620907,-0.2110719,-1.32118428,1.5776096,-0.8374594,-0.6066474,2.07515021,0.09862289,0.70970884,-0.86656014,0.1329413,0.18315739,0.857736,-0.85815631,0.15953507],
[-0.34474937,-0.23130115,2.38151041,1.74463267,0.16365359,0.71414171,1.28496772,0.26358823,0.84988237,-0.1789778,0.64465065,0.77159049,1.05989827,0.5360657,-0.07629282,-0.20112426,-0.01616268,-0.35800188,1.12373734],
[-0.08967449,0.62676108,0.27432799,1.13242669,1.79920639,0.48121646,0.59696839,-1.26625671,-0.65007142,-1.06804571,1.1793169,0.75817859,-0.43198529,0.46498338,-0.91056533,-1.15293039,0.38209495,0.39958477,0.71824434],
[0.82672595,0.26564831,-0.04598639,-1.32202768,-1.7267467,-0.21619417,-1.54560467,1.29405609,0.70888676,-0.68564029,2.03072011,1.97336215,0.63208781,0.54634566,0.28308906,-0.30313804,0.35568156,-0.41990273,-0.17561269],
[-1.15639034,-0.01110954,0.89611971,1.12899373,0.17677306,-1.15683521,-0.11087831,0.79944439,-0.75841763,0.08894464,-1.57869094,-0.1351935,-0.74100135,-0.75001778,0.02345437,-0.43388197,-0.90536832,0.05817365,0.37559845],
[-0.63234081,0.53209158,-0.35867362,-0.32619294,-0.92967725,-0.84574575,0.59277372,-0.19597761,-2.21293606,-0.17387762,0.10348441,0.25197254,-1.56817285,-1.91404368,0.09400967,-0.72736251,0.67483208,-1.05993109,-1.55219635],
[0.36365857,-0.17137224,-0.24462722,0.4944307,0.57112938,0.35805119,-0.09886579,0.95498962,0.19564746,-0.03836505,2.51714429,0.71890379,0.35114402,1.19821668,0.52684378,-2.26838646,-0.96784843,0.73366899,-0.45317266],
[1.11547458,-0.20975377,1.19579405,1.66983371,0.60983864,1.27176636,1.10453047,-0.53532909,0.63991675,1.41360721,1.1502453,-0.59650397,0.98032515,0.29666015,-1.43172193,1.58184757,0.79754206,-0.04746353,-0.09871101],
[2.27493492,1.00632731,-0.49936881,-1.39788997,2.07008035,-0.08144191,0.6100668,-1.54616499,-0.51540475,0.42090072,-0.24807263,-0.51830961,0.84035744,-1.20397947,-1.84970033,-0.51034211,0.49124322,-0.49871267,0.98724851],
[10.55704613,10.29183469,11.33084635,-10.73517394,-11.81845428,1.0833129,0.12416454,1.69597509,-1.47970091,0.84289307,0.06154406,1.06505268,0.43731814,0.06308287,1.3953415,-0.74466502,-0.992774,-0.17573773,0.20753609],
[-12.17865698,11.24428828,10.36804501,-7.57863607,-11.92712053,-1.73862116,-0.99887297,-0.31964397,-0.93126985,0.14201638,-0.19133527,-0.9345569,-0.77978575,-0.69598458,-1.13264024,-1.50120826,-0.62539919,-1.04957714,-0.33624849],
[-0.56311159,0.40553286,-0.04769045,2.00837705,-0.12256015,-0.15363581,-2.00606883,-0.19172724,-0.52540638,0.0020763,-0.96698497,0.2561027,0.37667251,-0.72984919,0.03867246,-0.1497161,0.95936596,0.24702962,1.8711886],
[-0.86541093,-0.07903657,-0.03130812,0.93646477,1.20177666,2.19669734,1.52755876,-0.41801077,0.21120784,-0.09494307,1.55281354,-0.98063218,0.78157543,-0.28816866,1.45434358,1.22870148,0.19175873,0.17785466,-0.13826303],
[0.88000433,0.64311407,0.02804364,-1.22731139,-0.59829923,0.180743,-0.03372452,-0.45120231,-0.11907215,-0.28350346,-0.71180222,-0.08205369,-0.27728329,-0.57055293,-0.96554275,-0.41074935,-0.75868951,-3.4419511,-1.40598307],
[-1.38081715,0.19837143,1.6389816,-0.31934881,1.93278978,1.14033267,-0.52356678,0.15703134,1.27131856,1.21950411,0.69651865,0.41476483,1.48101181,-1.6053381,0.28911232,-0.78057213,1.12190187,0.49507599,-0.20895777],
[-1.28850131,0.48265957,1.56197156,0.75324451,1.85143353,0.38124807,-1.14757829,1.61415357,-0.66476616,-0.14906609,-0.09631673,0.96376789,-1.24441935,0.52118095,0.43842186,-0.18317609,0.3160968,-0.79763304,-0.45640752],
[11.64667902,8.87608763,-11.00418056,9.47777722,-9.52661234,-0.52009573,0.27719052,-0.18371562,0.47137044,-0.21879038,-1.09687411,-0.15934849,-0.34549423,0.9550943,-1.11943291,0.86122443,-0.55607092,-0.20507027,-0.3479496],
[0.41223385,-0.38394908,1.16039016,-0.56031287,0.83086009,1.66020364,-0.44946695,-2.84543455,1.1755938,-0.05849969,0.03308553,-0.53429049,1.2478195,1.0383762,-0.42099406,-1.83737066,0.78171639,-0.03539551,2.26651172],
[1.57316431,1.31729751,0.60027461,0.61024465,0.41900879,0.9638385,0.02841874,0.62375579,-1.11894413,0.76186964,-0.86482977,-0.3933366,1.45143479,-0.62497062,-1.09708152,-0.59191215,0.98998739,0.11361274,0.11399808],
[-0.19269154,0.40533923,-0.56216791,-0.27859167,0.47150473,-0.33669526,-1.19928088,0.54803002,0.31651114,0.18291878,1.61453834,-0.97453403,-0.93268798,-1.02528838,-0.34820344,0.72530702,-1.0043668,-1.19231719,-1.26473636],
[-1.00816688,0.82103646,-0.20832784,1.167965,1.2061386,1.32836432,1.25523804,-0.09827284,-0.54249012,0.26465215,0.50744158,-0.09392719,-0.49520442,0.92207131,-1.43919388,1.63485744,0.43925724,-0.16456071,-0.46507217],
[0.49933933,-0.55206077,-1.21773516,0.6353932,-0.48149847,-1.78155326,-0.46187,0.35493177,-0.5758341,0.66547738,-0.60371226,1.17589766,-0.0369176,-0.76661822,-0.76105943,-0.54736423,-0.22594458,-1.39819784,0.47885849],
[-1.15257287e+01,-8.41176858e+00,-1.23627050e+01,-1.18235761e+01,1.02611259e+01,9.02468520e-01,3.59592677e-01,8.78394678e-01,-6.55208154e-01,1.74848502e+00,-7.63074231e-01,2.43823389e-01,8.14649831e-01,-1.38807260e+00,1.94076437e+00,1.37122713e+00,-2.43670616e-01,-1.21856713e-02,-3.90928635e-01],
[0.69006902,-1.26445992,-1.01792367,1.01822698,0.59714321,-0.36211686,-0.74773389,-0.61056623,-0.60188948,-1.06271653,-0.59026459,-0.08751226,-1.19462521,1.51685536,0.07974906,1.73366351,0.55862468,-0.49011091,0.10131402],
[-0.46680818,-1.04744702,0.57403954,0.49134069,-1.00722232,-1.403672,0.76572101,0.13952841,0.64373457,0.1650903,0.94749589,0.44437248,0.35028398,1.02473454,-0.34748715,0.54158317,1.12084941,-0.95195305,-1.51550538],
[-2.44105068,0.39495106,-0.27594189,-0.41200133,0.60017519,0.18170333,0.96696601,0.73143221,-0.96289565,0.81603922,1.07045322,-2.91053678,-0.02880176,0.67562092,-0.32086431,1.41582473,0.10681819,0.05472704,-0.23908018],
[-1.91988119e+00,9.15968419e-02,-2.25864344e+00,1.37965871e+00,-1.26609250e+00,8.57261051e-02,-3.94421254e-01,-3.40673011e-01,-2.08665992e-03,7.37036605e-01,8.13243284e-01,1.51864366e+00,1.08400300e+00,-1.18340244e-01,-4.19850873e-01,-1.13433425e+00,5.69641628e-01,1.65945831e+00,-1.19935637e+00],
[-1.00422971,0.57147028,-0.98238802,0.35310795,0.17116523,-2.58085756,1.15434191,1.44077095,0.0533264,-0.64905918,-0.25381555,0.22658127,-1.65754936,0.16439242,0.64558882,-1.32428714,0.67643633,1.7623617,1.38116077],
[0.54469342,-0.34135247,-1.06890137,-0.81159824,1.25258624,1.78351802,1.25184924,-0.03580444,-1.47135693,0.19775028,-0.12451584,-0.16893308,0.36080996,1.77734355,-0.7721412,0.27077675,0.69024864,1.29703831,0.49820991],
[-9.33557926e+00,-1.14336742e+01,-1.02150973e+01,-1.19295183e+01,-8.55485572e+00,-8.22750535e-01,-6.42364207e-01,1.39534106e+00,1.26521345e-02,1.35805363e+00,1.11815830e-02,3.27605486e-01,-5.35836252e-01,-2.20027835e-01,8.77738708e-01,-1.98998734e+00,-1.15327699e+00,-2.68746809e-01,-1.10695273e+00],
[0.73576562,-0.68172664,-1.74850654,-0.16759264,1.80962101,-1.26337991,0.32291783,-0.77807161,1.03953385,0.39415506,-1.76117732,-0.51205732,0.54852204,0.35093351,0.13194396,3.07717883,-1.88048585,-0.04698476,-1.19678946],
[1.14052737,-2.56099983,-0.69434772,-0.29750682,0.18284494,-0.07137195,0.89678941,-0.75462627,1.19151619,1.42738025,-0.6865898,-0.98919634,-0.22583764,-0.04064284,-1.48490953,0.79744958,-1.03922622,-2.23769135,0.30537343],
[11.71111344,-7.72726503,8.248271,-10.68945795,8.3129784,1.17920945,-1.45092543,0.27179586,-1.24081285,-0.16176154,0.17166455,-1.5341402,0.01461568,0.39397477,2.38127703,-0.41388502,1.16466686,0.86453685,1.1100248],
[-0.56080958,0.18942495,1.04215175,-0.25787899,0.90137511,0.37580007,0.72892349,-0.6107337,0.63567131,0.80018177,-0.25299985,1.29102156,-0.64937719,-0.73049111,0.13825127,0.21908616,0.9857674,-1.22532222,0.02452114],
[-0.21162839,0.63596951,-0.17976385,0.47447619,0.85466404,0.45852189,0.4015947,-1.2060398,-0.4456095,1.66521465,-0.69371512,0.63006011,0.96899999,-0.64393671,-0.93691992,-0.25841299,1.06248061,-1.1567929,0.38506879],
[-0.63535192,-0.91885373,-1.06109693,-0.0619278,1.05996816,-0.42355405,-1.60123541,1.93761645,0.48703236,1.40500327,0.6914034,-0.05064726,0.84874754,-0.24144884,0.62038694,0.93382418,1.27479369,-0.41315163,0.14558812],
[-0.10128558,-0.02998466,-1.03716921,0.1785378,1.31886669,0.21682717,1.07263141,0.52556903,-1.37630233,1.47598679,-0.17051806,-0.949833,-2.39848348,1.62330917,0.0791208,1.15607708,0.2202684,0.87203541,-0.42985265],
[0.33548749,1.27305957,-0.15355553,-2.15840586,1.89796705,-2.38969483,-0.09953627,0.52519668,-0.60529915,0.16936372,0.42292778,0.35960146,-0.64035757,0.81491871,-0.53895768,-0.05092605,1.28747531,0.30305446,-1.1317238]]
[-3.04127461e+00,-2.54141498e+00,2.26746388e+00,1.27511719e+00,-6.80007906e+00,-1.20045488e+01,-1.91706091e+00,-2.21346767e+00,-1.55871205e+00,2.19731480e+00,-4.96789459e-01,2.60199364e+00,1.06459618e+00,6.56994818e+00,4.29168890e-01,1.67268514e+00,-1.68275135e+00,2.69536569e+00,-5.85842596e-01,-3.24732595e+00,-1.96218478e+00,1.21835279e+00,3.80625164e+00,-9.52979648e-01,-1.97033527e+00,2.66692741e+00,1.47204663e+00,8.62196217e-01,-1.01977361e+00,-1.37559765e+00,2.79496400e+00,-5.23806130e-02,3.25138888e+00,-1.72534591e+00,-2.24196326e+00,3.02701479e+00,-1.92351030e+00,3.69166219e+00,3.22496621e+00,2.57072604e+00,7.38971995e-01,2.06575723e+00,6.45227658e-01,-4.68511811e-01,-3.56696947e-01,9.56029614e-01,-3.39082404e+00,4.71397658e+00,-7.17004479e-01,-2.80115057e+00,1.13866991e+00,-4.62448774e+00,-5.45727816e-01,3.52850285e+00,3.87014138e+00,-2.01664327e+00,2.86450139e+00,-8.55583410e-02,1.17572871e+00,-2.37476369e+00,-2.03208872e+00,-3.54257933e+00,-9.15974752e+00,-1.37060141e+00,9.74112205e-01,-8.48924554e+00,-8.94408345e+00,8.17925976e-01,-2.89237531e-01,1.13348432e+00,-2.89019623e+00,8.98276945e-01,1.96976717e+00,8.17540175e-02,2.22337137e+00,-4.08734111e+00,-5.49864764e-01,-7.08056543e+00,-4.89562406e-01,-1.10800203e+01,-4.72924247e-01,-8.34965993e+00,3.62939768e-01,-2.68537251e+00,1.10604486e+00,4.83138660e+00,-1.60329946e+00,1.68761021e+00,2.58059745e+00,-6.45897937e-03,2.95639913e-01,9.68857222e-01,-2.49464274e+00,-1.13327413e+00,3.82851085e+00,3.01089269e+00,-4.16219367e-01,6.82855853e-01,1.34445369e+00,1.41250163e+00,-2.62115225e+00,-1.41387482e+00,-3.86391637e+00,-1.51410624e+00,-1.25070975e+00,4.07689672e-01,2.99322021e+00,-8.91093757e-01,-2.83603340e+00,3.83240173e+00,4.28862001e+00,2.22940464e-01,3.58907707e+00,4.27497027e+00,3.99570744e+00,-1.65922458e+00,-9.43089738e-01,-1.83285228e+00,1.61443624e+00,5.81866668e+00,4.26229394e+00,-9.71962239e+00,-1.22035221e+01,1.95496685e+00,3.79923454e+00,-2.22880053e-01,4.78500097e+00,4.57999970e+00,-1.13063365e+01,3.13351377e+00,5.55905364e+00,-5.32919114e-01,4.13148845e+00,-2.41585089e+00,-1.06181663e+01,-1.07461508e+00,-2.71526688e+00,-2.18372258e+00,-4.13351453e+00,-3.37802977e+00,1.35701411e+00,-9.88675265e+00,3.12710310e-01,-3.22804482e+00,-1.04632877e+01,1.09852479e+00,2.69176442e+00,-1.94746021e+00,5.20983944e-01,-2.10550353e+00]