[[0.05225165,0.57103954,-0.1450904,1.60417838,-0.17040738,-1.59006314,-0.07220889,0.1913583,-2.04614463,0.19007538,0.46121244,0.12617557,-1.66555238,1.56730186,0.01677184,3.26466246,-1.30811964,1.20942229,0.27551644,-0.7471948,-0.00906198,-0.13930422,0.69821997,-0.75907004,-0.59627311,-0.28209286,0.67021375,1.84839099,-0.99935316],
[-0.93194531,-1.63700377,-0.13344904,0.70005371,-0.61044076,0.1971127,-0.23865242,-0.13467028,1.54980616,0.93656804,0.12489143,-0.79690444,0.63605846,-0.95590696,-0.27597834,0.96645295,-1.11351379,-1.17126025,-0.81521932,2.08740098,-0.67934338,-0.85665453,-0.24634287,-0.9189781,-0.21203269,0.31266888,0.39049456,0.54833713,0.86371901],
[-1.04212355,-1.00139771,-0.54778155,-1.51582487,1.13134227,-0.05377739,1.90601633,-0.27638486,-0.91433568,-1.36374645,1.57131896,-0.15377118,-1.20577906,1.26690475,-0.11139589,-0.83918928,-0.87155415,-0.65351804,0.54129861,0.39208896,-0.50376005,-0.36021823,1.1544155,-0.56341937,-0.49935381,2.53625986,-0.27655686,-0.47275078,-0.16926674],
[1.17859147,-0.0704489,0.29880377,-0.83293765,2.1662443,2.44670378,1.63496462,0.99875598,2.29086441,0.78874967,-0.99313939,0.69137921,0.2100864,0.23304447,-0.47095582,-0.23539112,-0.80503496,0.28419671,-0.18624645,0.72562187,-0.36087773,-0.1996663,-0.78885651,0.3695076,-1.43792052,-2.46974213,-0.24471235,-1.25393815,0.65641699],
[-0.74159757,-0.12321654,1.32148714,1.36433361,0.57739868,0.48051125,0.76119856,1.49055333,0.36896733,-0.70914856,0.14328722,-0.42188876,-0.61494443,-0.5711517,-0.46615815,0.06908008,-1.28696683,-2.72728361,-0.72209661,0.32581173,-1.28710283,-0.44371345,-0.67073775,1.10284397,1.59972498,0.04127086,-2.04020042,-0.3997027,0.61004187],
[-0.06866559,0.48501995,-0.95338964,-0.72147746,-1.27624735,1.74880948,0.24215253,-0.46773963,0.31349307,0.88910295,1.20412672,-1.11409482,1.13286586,0.58061858,1.21268191,-2.07020217,-0.81775796,-1.20713317,-1.29496861,-0.37067654,-0.0422267,-0.34787339,0.48911023,0.12453483,0.19543051,0.57667853,-1.41567119,-0.96588045,0.03700795],
[-0.8782704,0.77964395,0.39319757,-1.155502,-0.00985078,0.37713763,-1.04330844,-0.25336225,0.15821487,-0.09714507,1.54206613,-2.18481977,-1.51212609,0.72751484,0.68385255,1.73043668,-0.74362005,-0.2976538,-0.30477568,0.29193359,0.81776386,-0.47001253,-1.39967069,0.71778003,1.49606709,0.90747043,-0.33416175,0.69220468,-0.88306327],
[-1.3117986,-0.96039879,-0.71843297,1.69782577,0.29470586,1.35459451,0.20438646,-0.42052689,0.01516993,-1.56021423,-2.04525035,-1.52405023,0.55146868,0.31205536,-0.54976409,0.81004238,0.91042674,1.4029438,-1.65310468,1.22516106,-0.38819772,0.20064707,2.41316508,0.50378263,1.00148159,0.04052433,-0.3598807,-0.9080505,0.5304697],
[-0.32285131,-0.04845325,0.71642926,-0.34239163,-0.36950574,0.73666886,-0.0041659,0.14740887,-1.30581131,-0.11536248,0.03860861,-0.61433806,0.27873494,0.5852571,0.95370826,0.26543581,0.41134772,-0.59871554,0.57980494,-1.46343028,-1.01265451,1.21473765,-1.4812749,-0.93735975,-0.49817003,-0.52514821,0.45384049,-0.49724119,0.00513314],
[-1.18125876,0.43742742,0.53725289,1.00067936,-0.32185069,0.55830456,-0.08630424,0.21858335,-0.10889954,1.84432265,-1.63444446,-0.69836496,0.87772156,0.45157879,-0.7847451,-0.60207641,-1.77430389,-0.60175876,1.29232819,-0.56468318,-1.09416044,0.13525174,0.91845038,0.37423258,1.1638584,-0.09479112,-0.141279,-0.53553531,0.05632821],
[-2.19199962,0.10402563,1.09019677,0.73236261,-1.26253284,-0.87305055,-0.89364339,0.67104708,-2.05235696,0.16036008,0.55179176,-0.08726331,-0.50541808,0.24799407,0.95930656,1.41569455,0.79002982,-0.42405827,-0.21594668,-0.07031273,0.83332652,0.78927218,0.11121994,0.39437692,1.21441556,-0.61667937,-0.76237021,0.89654125,-1.17269934],
[1.1626697,0.21048389,-0.70253874,-1.9800413,1.32661467,-0.73360059,0.97601188,-1.46199652,0.80634778,-1.03219097,0.46674855,0.96314104,-1.33962111,0.48528838,0.26336562,-1.37780751,1.86047412,0.80059291,0.36434191,0.07426865,0.26400714,-1.16217489,-1.60121666,1.74667277,1.00618423,0.80773586,-0.47057407,-1.03192706,0.01217016],
[-0.04468695,0.59973454,-0.92938871,1.69307045,1.3069277,0.07636882,-0.06730851,0.83544096,-1.59005093,-0.17474455,-0.92517972,-0.8774648,1.52028495,-0.74128165,0.21151363,0.88659063,-0.93032087,0.53928308,0.53469636,-0.30808658,-0.0436447,0.47462561,-2.29715474,-2.08193295,-0.7288936,-0.21722641,0.94274338,-0.77153925,0.23797334],
[11.37402516,10.64578349,10.51495005,9.2615682,8.05982704,0.84727645,1.12647024,0.41793038,-0.62160205,-2.08567811,0.63490245,-0.86594376,1.3851687,1.01361174,-0.87100181,-1.80146923,1.07515021,0.65118148,0.7911326,0.64763639,0.75995313,-0.68025396,-0.10056223,1.7863445,-2.35583295,-0.4137715,0.03951237,-0.06282236,-0.08611528],
[0.35440407,-0.30334657,-0.34828365,1.58755359,0.8069099,0.43262778,0.31454486,0.90803996,0.03345535,1.02781066,1.2012969,0.28357535,0.35221689,-0.09113186,0.04966505,-0.17703205,-0.7390192,1.03246887,0.27144934,0.1506611,0.22897835,0.08303819,-0.51771178,0.70245727,-1.28639181,-0.92917313,-2.73589185,-0.79513602,-1.84110966],
[-13.05815168,-10.33642328,10.41190866,-10.45166579,-8.45401651,-0.8537392,-0.73273161,1.23217945,0.04960554,-1.76009539,1.58810361,1.73661842,1.1926756,1.04168104,0.96180073,-0.5608276,-1.90369058,-0.47641359,-1.87370732,2.29365639,1.22082798,-0.9721148,-1.75505443,0.59055929,1.27385799,-0.72306545,0.30399337,-0.5024061,-1.16662515],
[-1.22764334,0.82429871,-0.14147716,-0.22186424,-1.28347361,0.70130738,-1.43161021,-0.28011729,0.38368597,1.68531071,0.49628121,-2.00246395,1.09782347,-0.08148707,0.78246081,0.40990836,0.705215,0.18320832,-0.25530317,-0.23094235,0.5400574,0.33956614,-0.81334224,0.35785881,-1.02993738,-0.64412697,-0.92606011,0.40659452,1.09049524],
[0.96920624,-1.40580467,-1.03444059,0.50660694,2.5631063,-1.6761925,2.70520493,0.5863944,-1.05993197,-0.2533672,0.67221199,-0.03969875,1.91288841,0.50976336,-0.06653375,0.05100082,0.87866626,0.4727573,-0.89541538,-1.45986473,-0.88378596,0.95366864,1.84811936,-2.65010313,0.29672379,0.62385899,-0.44838116,1.62824574,-0.60408464],
[4.71931425e-01,6.27280878e-01,7.51841939e-01,5.61406823e-01,-2.69227438e-01,5.09968835e-01,-1.60355152e+00,1.62982336e+00,5.44196238e-01,1.24575413e-01,-1.01590439e-01,2.23548557e-01,2.15770286e-01,6.85162567e-01,-1.07576354e+00,5.26553971e-01,7.77583174e-01,6.82714419e-01,1.25098115e+00,-1.80416320e-02,1.72329498e-03,-1.38265278e+00,6.97497536e-02,2.31400101e+00,1.63526538e-01,-2.17116673e-01,-2.68289390e-01,-1.03945359e+00,-1.57216209e-01],
[0.33482205,0.0085622,0.25134541,-0.88309583,-0.62037786,1.42110364,-1.31716548,-0.5970847,-0.3786431,0.69432338,2.7624865,-0.88532851,-1.28954178,-0.07218251,-0.50226586,1.4251167,-0.86994545,0.8432768,-0.01397777,1.58648391,1.52732148,0.10970712,0.31302358,-0.15119876,3.01247212,0.34872649,0.35367651,0.12803642,0.11922181],
[-1.35879396,1.20198903,0.20819629,0.02095202,0.08637522,0.28153129,-0.69618961,-0.55107812,-0.39079075,0.31060806,0.53843679,-0.2040432,-0.53317227,-1.89145079,0.88927147,0.33769696,0.22421602,-1.2548234,-0.94503054,-0.61623058,0.13414106,0.18656926,0.38409954,-0.39307611,-1.01569149,-0.56889215,0.30395157,0.96816948,1.36213097],
[10.27360168,-10.5911228,-6.18346727,-8.10271395,-12.527206,-0.2691378,-2.1920615,2.84436606,-0.71720451,-0.12922067,-0.59108234,-1.50438998,-0.46798529,-0.34224223,1.27409593,-0.30878129,0.6540729,-0.57946992,2.35704816,-0.665087,-1.35497905,-0.97507939,0.90729735,-0.04752124,0.19587437,-2.43357077,0.1376588,-0.84052687,0.43687278],
[8.97987519e+00,7.92603104e+00,1.24129285e+01,-9.51197881e+00,-1.27015736e+01,-7.30554141e-01,8.93969113e-01,-7.50546686e-01,-1.84731633e+00,-9.05993963e-01,7.25087631e-01,-2.82171324e-01,-1.05235581e+00,1.22645870e+00,1.82072580e+00,-3.31206458e-01,-5.73198470e-02,-2.00756331e-01,1.45304446e+00,7.81606480e-03,-1.50667255e-01,2.54063556e-01,1.14154432e+00,-3.33321891e-01,-3.43485724e-01,-8.76103229e-01,1.38357866e+00,-5.79245807e-01,-2.05733564e-01],
[-1.28107574,1.67674591,0.50509035,-0.02365887,-0.14686568,2.31091978,0.77464398,-0.14418602,-0.38865494,1.35892275,0.05119795,1.3340777,1.94560504,-1.10360496,-2.03369595,0.02871372,0.25039019,-1.29727457,1.87500999,-0.17370605,1.03851707,0.3856518,-1.00193762,1.74446495,1.23941276,-0.9415246,0.09922808,-0.02820418,1.00937541],
[-0.34705363,-1.26351345,-0.75383491,1.44126166,-0.32072975,-0.61905534,0.41283912,-1.2399943,-0.0201074,0.38671002,0.45038505,-0.01871513,2.22852284,0.01842308,1.33486387,-1.17683509,-1.14259229,-0.0315197,-1.91860152,-0.50462405,0.35908402,-1.60024563,-0.23648866,-0.36133801,0.47213623,1.25538003,-2.25574248,1.64687808,0.25329022],
[1.31436635,0.75111412,-0.82653465,1.09135645,0.74591096,0.09690792,0.37063349,-0.85338163,-1.01717317,-0.25868292,-0.26987752,-0.19833426,0.57339115,0.67454839,0.29543377,-1.24581486,-0.76991288,-0.50412757,-1.03401886,-0.08113329,-1.25750963,-0.02526764,-1.29735207,-1.31349761,-1.16105199,1.05736428,0.262638,-0.85188973,-0.36362358],
[-0.4169462,-0.28179451,0.08545358,0.22136641,-1.11253515,-0.41763632,0.94918969,-0.39100277,-0.35280888,-0.300901,0.00436594,-0.32480352,-0.94179437,-0.13833913,0.88670393,0.61300401,-1.43943818,-1.01566228,0.86526868,-0.90506726,-0.63311572,-0.70840368,1.71057999,-2.70734289,0.15756367,-0.17134867,-0.78233619,-0.72771696,1.25912522],
[0.98888171,-0.65705813,0.53605389,0.57371736,0.0429547,0.4281035,-0.32094014,-0.13318417,0.18675895,0.85580036,-0.83890322,-0.25323289,0.23836524,-1.16831631,-0.07409481,0.54611607,-0.32870547,-1.3456923,-0.00200238,0.01368285,-1.71436314,1.3724565,0.45900805,-0.53702543,-0.22327401,-0.42382749,-1.35625576,0.66802597,-1.06856965],
[0.3506791,1.81969504,0.69048029,-1.18672338,0.03975813,0.72516721,0.84569147,-0.54438951,-0.19952982,0.76431147,-0.96036998,0.43192699,-0.85431793,-0.94992703,0.27269499,-1.11246735,0.71108708,1.1580409,-2.14426637,1.02089911,2.88060916,0.01829554,-1.66678198,-1.83766771,1.99804651,-0.45841829,-0.92784751,1.09070018,2.80507952],
[-0.96797992,-1.59777418,-0.64635884,0.05222575,-0.95016493,-0.08181013,0.26629959,-0.76075788,1.05345809,0.06237056,-0.35684024,-1.184945,0.69936193,0.0079048,0.89427992,2.2605234,1.03624869,-2.27214031,0.54462954,-0.01151049,-0.62591967,0.56347154,1.30899311,0.96696397,-0.62614013,-1.42253478,-1.83502463,-2.71688839,-0.10499529],
[-1.23413438,0.63489935,-1.04737874,0.45459325,1.33954923,-0.43127156,-1.47282538,-1.00347824,0.91077449,-0.55843563,1.55220677,-1.13940025,-1.61253237,0.15322637,0.91647962,-0.04540357,1.10961438,0.03244079,-0.330048,0.81844852,-1.48291273,-0.96790897,0.48185787,-0.12340724,-0.59729277,-0.04171223,-0.19055961,-0.79575861,0.09866935],
[1.32195362,0.3031764,0.76716507,0.24161441,1.76929123,0.43803608,0.82194717,0.77800475,0.32553143,-0.85477082,-1.09759018,1.31594701,0.31266872,0.14044719,-1.48220855,-0.49197799,0.33695265,-0.68393342,0.53872412,-1.07746341,0.08103801,0.99800912,0.71923716,-1.5067061,0.31332167,-0.67819745,0.50440999,0.35010913,1.39865902],
[-2.16299278,0.2420319,1.11682884,0.40419556,-1.74791175,0.62995843,-0.30619008,-0.73689165,0.19350117,-0.15245075,-0.04340349,1.17800221,1.14408532,-0.39493962,-0.39546693,-0.39292808,0.33070771,-0.68923336,0.54771866,1.51082112,-0.91626666,-0.96029067,0.2762912,-0.22901164,0.25378587,-0.53319595,-0.49857706,-0.87363907,-0.69515023],
[1.13600223,-2.1835688,-1.58379788,1.25634869,-0.56639892,-0.43531298,-0.33374405,1.39592108,1.02928273,-0.87134968,0.88839372,1.17790885,-0.67003783,0.94879433,1.25509534,0.65750663,0.32806548,1.27984102,-1.61150139,1.62640773,-1.33877909,0.56653144,0.96553733,0.98614877,1.17830592,0.2610924,0.71281479,-1.04486678,-0.37788074],
[1.10930246,2.96844573,1.20115898,1.03156728,0.76149675,0.56030131,0.53783461,0.95574679,-0.70439257,-2.4846028,0.23515589,-0.47712471,-0.54742094,0.33843864,-0.7405258,1.63754554,1.19231037,-0.37236858,0.22853207,-0.80893991,1.35949752,-0.8327912,0.53604265,0.11482459,-0.64009019,0.53848205,0.01967577,-0.09163325,-0.05585857],
[-1.04700529,-0.13913726,-0.65082562,1.24674247,0.38498783,-0.24544106,-1.12195306,1.24567534,0.92021332,-0.57556406,-0.75077116,0.8658341,-0.02008042,-0.17306428,1.18738761,-2.29225983,0.25985068,-0.00350691,0.66263042,-0.85069782,-0.78466921,0.64435974,-0.22958506,-0.35175652,-1.23470513,-0.87447043,2.00987247,-1.33509701,-0.70028012],
[-0.48030064,-0.88081823,1.83622732,-0.22438058,-0.77371761,-1.43483499,0.68266162,-0.71051815,-0.35338564,1.60431934,0.0282907,-0.65528221,-0.07399799,-0.91582639,0.70434407,0.63335307,-0.59108198,-0.81726522,0.91610665,-0.72591245,1.10705276,1.28524655,0.37675318,1.57355212,-0.81098293,-0.36198676,0.07955168,-1.29587812,-0.64127177],
[11.39851778,-12.60846,-9.35829229,8.09209043,-11.1821954,-0.64317613,-0.1063583,-0.68228879,0.45717525,0.10358173,-0.08851213,1.69539462,0.93950256,0.3813694,-0.02615928,-1.39446695,1.45640045,-1.9373625,-0.03657309,1.98491739,0.44777515,-0.45959846,-0.85683506,-1.400848,-2.07211093,0.13670239,0.65675872,0.7863536,0.46222769],
[-0.15802564,-0.41656407,0.48771285,0.80252416,1.53912538,1.74812186,-0.53269743,0.02998001,-0.37300297,1.13042293,1.04483245,-0.73152345,-0.33452816,0.22128138,-2.42392326,-0.84403585,-0.27883053,0.54142517,0.86764862,-0.34179464,-1.16005832,1.01248711,-0.12564053,-0.50361963,-0.07711449,-0.4111908,-0.02696955,0.35810917,0.2131998],
[0.34041275,-0.3269506,-1.35492914,-0.43441305,0.28277667,1.23747499,2.09195882,-0.15194153,-1.11220855,-0.27982958,0.23494365,0.80886827,0.87114568,-0.5371213,0.69676932,0.50299554,1.270626,1.40832877,-0.0761554,-0.14536467,-0.6531389,0.68530985,-1.03921677,0.54672584,0.48303081,3.02646983,1.048445,1.05965953,-0.68632574],
[-0.12385865,1.62276377,0.88965001,-0.01965312,1.05334452,0.83946314,-1.92446098,0.67376836,-0.09782146,0.26550574,-0.52467101,0.00793823,0.70441696,-0.5788262,-0.58404434,0.64122222,-0.56445685,0.26093331,1.80644339,-0.96418752,0.90453388,-0.58634962,0.8320137,-1.27269825,-0.48644557,-0.67493527,-1.08053366,-0.04022876,0.71347099],
[-11.64874347,9.18104856,-11.78371428,9.85422239,7.34558436,0.44760919,-1.47854064,-0.08975944,1.72394787,0.71087783,-0.72100398,0.09733448,-0.58743353,0.15120484,-0.87035837,-1.07374233,-1.63537954,-1.37362987,0.80335978,1.19203582,-0.29288251,-0.59133396,-0.52658464,-0.5078333,-1.96590325,1.66579708,0.35035621,0.8489899,1.65762564],
[-0.30575855,-0.3314835,0.46170822,-1.24301042,0.06821662,-0.45897342,0.28939411,0.13927739,-1.68547832,1.2348375,-0.27007485,-0.1476869,0.71184132,2.02826628,-0.38069999,-1.70894153,0.9037592,0.27878269,0.00440693,-0.02781926,0.80368031,2.06150552,-1.53094121,0.57507266,-0.55101984,-1.94658509,0.3494013,-0.84902266,-0.39162274],
[0.55227796,1.01210492,-0.05619629,0.0083445,-0.69271556,-0.24408096,-0.59908465,1.83884174,0.68312253,1.24926835,0.82526746,0.2610929,-0.23768979,1.72774678,-1.31238048,1.00259908,0.44955651,2.11911298,0.91095877,0.62653419,-2.10965543,0.47418987,-0.17569224,0.85584736,0.63456143,0.81860468,0.53432783,-0.360394,-0.3718753],
[0.00440273,0.49031652,-0.90807233,-0.0558837,-0.75961038,-0.77287455,2.34544259,-1.49578228,-0.64549766,-0.17093507,0.09752286,0.36603734,-0.04875468,0.16689163,1.18547461,-0.50805368,-0.9866102,-0.47498583,-0.98805328,0.28417947,0.68981088,-0.87813158,0.29593793,0.88789584,1.42880539,1.52338406,0.5301966,-0.41431414,-0.28073576],
[-1.00549366,1.19856293,-0.07274284,-0.68709045,-1.05679882,-2.15713052,0.15331068,0.13553355,-1.38841867,-0.69594327,-1.17244603,-0.24494298,0.54491548,-0.70256007,0.62177801,-0.58272754,0.9428295,-0.23074996,-0.14362344,0.28789094,-0.1749214,0.81436022,0.83253456,-0.10322906,-0.11854488,-0.50807637,-1.0889032,1.06590502,0.6177246],
[0.43450165,-2.26862174,-1.18917316,-0.43540887,-0.45460803,0.91329842,1.39427237,-1.33374473,0.79782473,1.71267644,-0.73700801,-1.42528701,-0.6615433,-0.84550215,-0.60785797,1.69596028,1.13694924,-0.70246147,-1.27011331,-0.43462562,-0.93161351,1.92892045,1.25153749,-1.38811515,0.3570478,1.27127398,-1.48167448,-0.13831743,-0.47374975],
[1.44677859,-0.57643958,0.09508948,-0.32380146,-0.59223387,1.03184992,-0.32091942,-0.53538789,-0.94011877,0.71074258,-0.01705415,0.43020716,-0.51347262,-1.66556519,-0.8511444,0.69129959,1.23946435,0.11672857,0.31755076,0.57136152,0.59520752,0.25649767,0.59268599,0.37864671,0.54843532,-0.62073698,1.6569857,-1.10204453,-1.51830649],
[-0.44836611,-0.13069788,-0.72211339,-0.18255381,0.57854115,-1.67672861,-0.45936558,-1.12714196,0.93460817,0.46158908,-0.00950549,0.60663798,-1.00032883,-1.63587894,-0.40036131,-1.23388559,-0.46167041,-0.2051693,-0.98955438,-0.61868233,-2.33370589,-0.73351739,-0.10998111,0.48632154,-0.666145,0.67968817,-0.46103731,-0.01193103,0.41101937],
[1.06172886,-0.58370165,-1.02952551,-1.49102525,-0.18104809,-1.59852837,0.05347534,-0.78717031,0.47265896,1.4967951,0.84159528,1.051439,0.03311065,1.28565747,0.67848345,0.37201786,0.05649219,0.59162364,-1.03215637,1.54576877,0.38422303,2.37466174,-0.03907945,-0.80395133,1.42308992,-0.28596587,-1.24907136,-1.24377754,-0.3831389],
[-0.02764459,-0.25793548,-1.6918866,1.13007961,-1.09965154,-0.35812778,-1.34905894,-0.26627335,1.55418939,-1.74836167,-0.46582036,0.6046295,0.21268237,0.18052272,-0.55210134,-0.66635931,-1.43494634,0.68412335,-0.27570827,-1.29720321,-0.33046152,0.48110839,-1.10244778,-2.0849262,-0.86029492,0.33212025,0.25846721,-1.64683742,0.52266895],
[0.06135466,-1.0915624,1.28019895,-0.324105,-0.00754497,-0.75141574,-1.56262101,-0.77940541,0.93693716,-0.51089568,0.08328387,-1.35541091,-0.8702793,0.84856992,-0.07088274,0.95951466,1.23304133,-0.6419703,1.21846075,-0.08538042,-0.14174303,0.88417002,1.02444304,-0.82905313,-0.92379212,-0.74550963,0.667862,0.64474627,-0.63098531],
[-0.51559327,0.76798929,1.94089719,-0.39637083,-0.9724809,-1.14621832,1.74751993,-0.18946053,-1.16533055,1.95243482,0.62392581,-0.72498498,0.66728127,0.16537641,0.55888223,1.68391672,0.78492709,-0.3277899,-0.99550105,0.1446836,0.79114814,0.09533003,-0.00630669,0.03697492,-0.68198096,-0.42587629,-0.63155291,0.71645494,-1.57870628],
[-0.30092463,0.75123165,1.91149172,0.08817641,-1.84687504,-0.07726138,0.36377988,1.8764099,-0.00534101,-2.34494557,0.24803434,0.47271429,1.69806425,-1.0808767,-1.26766536,-0.1921671,0.2520951,-1.02924319,0.21200751,-0.81256445,1.59324503,-0.87656223,0.21710243,0.04757059,-0.63462388,-0.3078113,-0.82966537,-0.06455598,0.29709729],
[0.3311544,0.4941915,0.55836316,-0.35398235,0.74004006,-0.89261609,1.41570725,1.8197654,-0.46940493,1.36536474,-1.08074235,0.10347744,-1.95708374,1.74694463,-0.6940056,-0.96496947,-0.60556465,-0.13687051,-0.75755223,-0.9195558,0.92269916,1.00647519,-1.41260138,-0.27016757,1.6349937,-0.1133247,1.49363901,-1.20218983,-0.08640235],
[0.96103255,-0.90344159,0.75881,0.53536244,1.6690988,1.7094384,1.07968265,-0.50852968,-0.38523989,-0.00199571,-0.62537416,-0.21053931,-1.34015975,-1.09230501,1.35151111,-0.82976799,0.44937024,0.32140896,1.37822971,0.32561974,0.0930812,-0.15193151,-1.02926438,-1.2141589,0.63069443,-0.53539968,0.46621755,-0.50676223,0.27160668],
[-0.07979934,-1.45130907,1.39806193,1.10283074,-0.59791203,-1.78116521,2.02218645,0.64314277,-0.37612186,1.66968656,1.71406214,0.41545064,-1.19164448,1.71494575,1.25013823,-0.29496033,-0.17367416,0.46136699,-0.01711968,-2.22049599,-0.48909943,-1.23034696,0.43101051,-0.60407882,-0.11506562,0.54548906,0.66546026,1.79067785,-0.04859433],
[-0.42178922,-2.68999263,-0.06752171,-0.9847794,-1.13154231,0.57939183,0.55814815,-1.93553837,1.57062083,1.22189678,0.21944183,-0.18259548,0.16091771,-0.22702857,1.09609306,0.1710362,0.49746048,1.22118615,1.8964264,0.14450826,1.10330117,-2.07439221,1.39999464,0.4166633,-1.38968556,-0.93374432,1.59532278,0.3851887,1.23653905],
[-2.81946727,0.6918098,-0.31142192,1.43431218,1.18558152,-1.68058483,-1.93198244,-1.00690359,1.23837166,-0.89003622,0.56857728,-0.20861734,-0.09823734,0.50948492,2.07910105,0.41210545,0.09928309,-0.47086118,0.5657346,2.04832618,0.33296411,0.40574591,0.18829885,1.32621307,1.55540204,1.19312668,0.48568768,1.2472897,1.04412799],
[-1.13782737,1.61276669,0.89516348,0.18761079,-0.54488203,-1.30004415,-1.21888873,-0.7576602,2.68463117,0.13078167,1.45452366,-0.99159757,-1.24617988,-1.16348928,-0.76755466,0.45149497,0.67456873,-1.79817066,-0.19548819,-1.02092278,0.81634435,2.14663434,0.93627066,-0.04440909,-0.54078249,-0.16098273,-0.02714422,-2.05400428,-1.14008091],
[0.49453867,-1.06426099,1.09332134,0.03520184,-0.4135444,-0.77572346,0.70800636,0.91998145,1.34541389,-0.59698168,0.49348408,-0.35245749,0.04754804,-0.5335342,0.62396643,0.38857109,1.40226413,-1.33954515,-0.62927546,0.04657649,0.6038609,0.28558672,0.1014005,-0.0900216,-1.71669502,1.08921609,0.42749965,0.2797982,0.37589886],
[2.19549642,1.06928751,-1.03991967,0.39907026,0.23252145,-0.55864528,-1.48447001,-0.69525523,-0.36279421,-0.68906808,-1.2135112,0.50168216,-0.34192743,0.70065783,-1.04169808,2.3871146,-1.71256078,0.77089996,-0.26937639,0.44687638,0.4761369,-1.17535536,1.20307102,-0.40367814,2.49517293,-0.57100382,1.64735925,0.62674663,-0.64809758],
[10.91677527,-8.28654537,-9.1816051,-11.33830076,9.39618033,-1.51143016,-0.38729531,-1.14802736,0.68041112,-1.92463905,-2.13022919,-1.33944559,0.01200694,-0.22953292,1.14957427,-0.30080895,-1.55513089,0.92105939,-0.67500284,2.23147168,-0.37867838,0.01624627,-1.03220003,-0.29178646,-0.48405062,-0.77724881,-1.28147002,-0.93850836,-1.56667909],
[-0.74893319,-0.32424843,-0.82842042,-0.04537194,-2.27993599,1.39786764,0.04964601,-1.32433666,-0.5954727,0.5298553,0.34215805,-0.22845638,-0.56405802,-0.30296603,-0.317209,0.89468709,0.8465336,0.63815713,-0.00756375,-0.09330884,-0.9824561,0.81438186,-1.3976811,1.41197579,0.2109993,0.51135257,0.03161369,0.34181262,0.62229356],
[0.89374014,-0.76095233,-1.47047805,0.66466812,-1.56664218,-0.81854583,0.05687214,-0.46666338,0.46303096,1.08549617,-0.29019599,0.28990594,0.10273671,0.20151901,1.62145336,-0.35593468,-2.12603657,0.73623912,-1.43177016,-0.75828013,-0.98591651,-0.25388525,-0.47432866,1.63951444,0.32408148,-1.24296928,-1.60394335,0.92409946,-0.30444139],
[-0.15968923,-0.50984432,-0.61512738,0.68442583,-0.99825563,0.06295046,0.78729074,0.20153004,-0.11076439,-0.1090872,2.06411345,1.2526938,0.67128597,-0.23666154,1.89173622,-0.98089506,-0.92468513,0.18663374,1.35410828,0.12082931,0.557678,-0.28913549,2.19032689,-0.83932072,-1.5683222,-0.62229337,1.69654471,-1.33062849,-0.21574679],
[0.65370866,-0.10142359,0.75795941,-0.01918242,-0.49905041,0.70196317,1.28629226,-0.05770377,-0.22991324,-0.05616947,-0.99994302,0.12180782,-0.80267149,-0.13261283,1.08409236,1.48417264,-1.69617046,1.20764074,-1.99736719,0.69273481,-0.34782976,1.71209568,0.4329075,-1.34227646,-0.38658739,-0.26219274,0.7493091,1.38794795,0.16354176],
[9.10815000e+00,8.56329481e+00,-8.45225439e+00,9.81801270e+00,1.00669365e+01,7.93502043e-01,1.75812006e+00,-1.37672019e+00,8.89629555e-01,1.83917166e+00,1.22625070e+00,-9.16004667e-02,1.90931143e-01,-3.73382930e-01,8.09849795e-01,-3.70907430e-01,-6.28701589e-01,-1.60391456e-01,-6.09842293e-01,1.87988879e-01,8.78533658e-04,-3.64570443e-01,-4.05996107e-01,-7.34138788e-01,4.74239299e-01,-1.68942208e+00,-1.34168339e+00,-9.80714421e-01,1.15626501e+00],
[-0.29515511,-2.29472401,-0.12949721,-0.50792009,0.56532026,-0.4299887,-1.39364079,0.59548184,0.21479989,-0.01455113,-0.62307068,0.60288958,-0.32141041,0.08085297,-0.32657135,0.33931511,0.58766124,-0.21954594,0.89057372,-0.73809438,0.55059073,-0.88436207,2.65785429,2.91300744,0.29335199,-0.77888116,-0.42821638,-0.97874214,-0.2554409],
[0.49330178,0.40923777,-1.59778048,-1.11100688,-0.96728093,-0.63402494,0.21617534,-1.52359355,1.00644186,0.39588389,-0.24456135,1.91975331,-0.92665548,-1.03631187,-0.67241437,-0.16970355,0.41324417,0.02848494,-0.52883807,-0.82695249,-0.28932631,-0.39007899,-0.55783621,-0.99298114,0.04199395,0.51672874,-0.20887211,-0.79855783,0.10739712],
[-0.91027381,-0.2119814,1.32967587,0.33277343,0.4756086,0.54972826,0.73126326,0.63559515,-0.47724498,0.80893907,-0.20208183,0.11175056,-1.61151615,-0.1865247,-0.00603,-0.61612253,-0.16144119,0.55863411,1.72539585,0.4000348,0.55897678,1.58003845,1.29701988,-1.7305551,-0.78097843,-0.95299872,1.28237358,-0.593171,-0.42850457],
[0.3225688,0.03104069,2.66315139,-0.18040413,1.73404915,0.08130683,-0.11768095,-1.56867838,-0.33900481,-1.7276542,0.78185208,-0.90333875,0.46184431,-0.24233305,1.37023339,-0.52787355,0.95716328,0.03707619,0.45339388,-2.3032969,-1.99760144,-0.71269967,0.28751228,-0.13968813,1.06800024,-0.56631724,-1.3567045,1.19031124,-0.30605608],
[-0.32964415,0.6158227,1.11836629,1.57196796,0.21777021,-0.72847478,-1.98966829,-0.17494055,1.68742997,-0.09937956,0.9829443,1.29406975,-0.93833271,-2.27294565,1.57912294,-0.25964187,0.24756313,-0.04536744,2.6682629,0.38462335,-2.03540934,1.09472093,-0.60403307,-0.38160957,0.87968798,-1.14372261,0.28428018,-0.87301156,0.37443921],
[-1.14412011,0.5764769,0.9876273,-0.68846213,1.99858095,-1.45384367,0.3054748,-0.18856937,2.26217653,0.41351559,-1.31766328,-0.90161849,-1.2083487,0.02033144,-0.40108302,1.07111444,0.70760999,-0.34895528,-1.28132992,0.00919196,0.94769668,1.50206651,-1.67720395,1.39882707,0.18861258,1.13088276,0.14320561,-0.19767019,-0.75077754],
[1.40423673e+00,-8.35313980e-01,-8.60592261e-01,-4.44462903e-02,-2.52924930e-03,-2.30892886e+00,-2.07167019e+00,-2.40774350e-01,2.75117867e-01,9.37544125e-01,1.63297408e+00,9.67964437e-02,4.27842982e-01,6.02074376e-01,-4.08495845e-01,-4.32028152e-01,4.08789374e-01,9.47743392e-01,1.38442373e+00,1.16029238e+00,-4.32900429e-02,-4.48779537e-01,-1.68181190e-01,1.67953109e+00,-4.51734942e-01,3.17317542e+00,1.50971725e+00,-1.05325439e+00,2.68732922e-02],
[0.84319222,-0.29370298,-0.19535473,-0.78782936,-2.01984243,2.08040124,-1.17984237,1.16141775,1.39794292,1.23927592,1.20779165,1.81880013,-0.29405359,1.2206237,0.55320179,-0.11616655,0.61964104,0.01220235,-1.42231697,0.30463499,2.60252786,0.51744808,1.49431775,1.2768707,1.28997668,1.13954298,-0.27003173,1.59883169,-0.39075161],
[-1.31316481,-1.45856137,-2.31938244,1.40340861,-0.18279812,-1.5587739,0.12391292,-0.93852182,-0.38600397,1.19462988,-2.10559037,-1.02792739,1.09810787,0.25085554,-1.34982245,-2.02116625,-0.47421832,-0.83664483,-1.00974571,0.15550543,-0.91156775,-0.20204993,-0.43498038,0.83196111,-2.98106454,0.680992,0.6410101,2.04138069,-0.83614889],
[-2.68460037,0.65904319,-0.43578359,-0.12967492,0.68101713,-0.14590719,-0.60891043,0.03982765,-2.37586968,-0.98719698,-1.53134277,0.70074885,0.19591787,0.159641,-0.15404551,0.85483118,-0.996032,-0.20014623,1.54288614,0.4083686,-0.14072638,0.17747419,-0.32826424,-0.43804815,-0.47356271,0.18546298,0.68423551,1.28143392,-0.1295285],
[1.06871655,-0.48028409,-0.39323869,0.92971367,-0.99268503,-0.12373014,0.22066244,0.91765458,-1.00684673,-1.45796411,1.06979205,0.50236707,-0.05570592,0.70128945,0.20479716,-0.53024644,1.68320279,-0.63633299,0.35674881,0.68852911,0.20453752,-2.31405509,-1.39101827,2.68004654,0.9554331,0.54564376,0.65805991,-2.42534381,0.72713351],
[-1.78461942,-0.13219561,0.87818569,0.19037798,1.93094661,1.112353,-0.42800265,-0.29263959,1.55833153,-1.35599738,-0.93240382,1.1273991,-0.94171741,0.34887789,-0.2146095,0.04367634,0.52859844,-1.01671407,-0.61148159,1.22436429,0.29218288,-0.47910197,-0.53432237,-0.18602524,0.3158877,0.1192446,2.17315127,0.75532908,0.51308876],
[-1.15537737,0.18807781,-0.4149854,-1.04299482,-0.93165214,-0.12024489,-0.25785079,0.3367037,0.28635436,-1.82460196,-0.56369224,-1.6529947,0.84826392,-0.43525211,-0.26141773,0.93967752,-0.55787102,0.5125341,2.43162883,-0.56977188,-2.65151536,0.17650453,1.01124422,2.01568821,1.46470985,-0.34451512,-0.12096577,1.49579859,1.09782448],
[0.07171642,-0.74758816,-0.31410251,0.73326342,0.62895054,-1.25445582,0.92214723,-0.52839716,0.68546118,0.10626774,1.72506555,-0.78158848,0.75532978,-0.65513786,2.00672882,1.61264634,-1.43702291,1.30534274,0.5033897,-1.02226772,-2.3694555,-0.05082125,-1.05204885,0.87133906,0.93874871,1.49689756,-1.84109634,0.13459696,-0.1684317],
[-1.59387112,0.35352901,0.35160574,0.98525116,-1.15378363,0.3400981,0.26921719,-0.37293526,0.76127569,-0.29593109,-0.19836752,2.7730518,0.66696113,0.9788655,-0.15829506,1.57480657,1.37334467,-1.79198151,-0.18623171,-1.56874971,1.14467365,0.50249612,0.72679986,2.49927986,-2.01813463,0.6970766,-0.38276976,-0.61711693,0.01443375],
[-6.70273197e-01,2.93805265e-01,-1.34992497e+00,-1.01795606e+00,2.05197382e+00,-8.00945026e-01,-4.57454296e-01,-6.90514968e-01,-9.63967486e-01,-1.75948648e-01,2.45918781e-01,-1.65129289e+00,1.48103023e+00,-6.35099461e-01,-7.21331689e-01,-1.19396748e-03,1.26713641e-01,1.82930821e+00,-3.19530561e-01,-2.09776226e-01,-1.60803282e+00,1.46493731e-01,-5.83976801e-01,-1.22169809e-01,7.88336869e-01,-7.65320260e-01,-6.97718186e-01,-8.44414273e-01,-1.78804538e+00],
[-0.33471746,0.11661785,0.76872033,1.79011021,-1.78409681,-1.97043409,-0.0824203,-0.22426338,1.41223439,1.30998368,-0.62389869,0.80607093,0.83754377,-0.47637855,-0.78581668,-0.51309011,0.16458335,0.3684986,-1.321373,0.44199566,1.14727012,-1.02730657,-0.84109685,1.55451278,0.57361463,1.50243277,0.35915276,-0.30015087,1.4869002],
[-2.03408065,0.57735154,0.83007074,0.74152585,0.05723163,-0.10356114,-0.4398658,-0.47129598,-0.85422742,-0.98145011,-0.11839074,-1.69898638,0.31656499,1.47950341,-0.49401403,-0.63962892,0.94259994,-1.67598605,-1.33673238,-1.13504055,1.26777024,0.3801108,0.2255478,0.01546079,0.04151215,0.69873466,1.19718178,-1.91705854,0.57856505],
[-1.16535956,-0.59051021,0.23605767,-0.08189783,-0.44457257,-1.00521245,0.1200994,0.04482443,-0.4529209,-0.69460203,-0.18642486,1.90118162,1.04548803,-0.72700052,-0.13500729,0.85403233,0.48079311,0.23244526,0.70913406,0.74925603,0.33613877,0.33691956,-0.53584336,1.11144489,-0.8633446,-1.59988764,1.23022448,-2.02611008,1.25221391],
[-2.99200645,-0.87643146,-0.64590409,-0.72360998,-1.62079621,0.51781302,-1.89346243,1.06519184,1.33014295,0.38309599,-1.0583809,-0.28944498,-0.49890644,-0.08066892,-1.71042051,0.08423692,0.58490721,-2.04904394,-1.6344664,0.85512547,-0.2989379,-0.95180185,0.73679161,-0.7630487,-1.47239459,0.24323514,-0.41680323,-0.48943982,-0.28349129],
[-11.43651688,-8.17020795,-11.07578606,-10.08345045,-9.53220641,0.59526255,-0.34336186,0.8987581,0.68563474,0.64997434,1.03423004,-0.60870363,-0.67427554,1.03813919,-1.34394193,0.62330619,0.36768362,0.02479824,0.04171132,-0.17886567,0.99250669,-0.38733321,0.0181439,0.69110984,0.73507755,0.71560881,0.35024543,0.82060572,0.24094664],
[-0.91000206,-2.52428349,3.10616838,-0.02113144,1.26940072,-0.4588192,-0.21951087,-0.86014169,-0.0808624,-0.60929268,-0.27942983,-0.10917831,0.98927357,0.8479421,0.43766744,-1.20320442,0.16292936,-1.33932792,-0.66897874,-1.00909481,-1.83834472,0.54571689,-0.87465843,-1.07699794,1.4126186,1.40197505,-0.59782641,-1.48087995,-0.7802478],
[0.40215528,0.93704369,2.1791084,0.71642533,-0.62237367,1.18765765,0.47762304,-1.76911316,-1.70232692,-0.21427378,-0.14464737,-0.82892528,0.03159468,-1.44460246,0.03550126,-0.64606594,0.47882007,1.30255693,1.16538032,-0.6020603,-1.16486261,-1.62982944,-2.68174545,0.94886778,1.16176237,0.76118167,-0.69866601,0.02501397,0.59452355],
[-1.11962369,-1.06647173,0.92889962,-0.42911252,0.37625983,-2.00882474,0.22636654,0.04461283,-0.37715534,-0.20794532,0.71912303,-0.81646834,1.39898962,0.03111719,0.03813554,-0.25778742,2.14945146,-0.7449015,-3.15307618,-1.65565804,-0.20333634,0.22623284,0.51117181,0.6715566,0.25357647,0.51205354,0.22358973,-0.87564307,-0.12808599],
[-0.85739572,0.543633,-0.7274121,-0.9431551,0.37264654,-0.38299652,0.42481462,1.63436522,-1.40959399,-1.36588873,1.16525977,-0.20406872,-0.31038929,-0.49237611,0.20086518,0.88996942,-0.89824757,1.37326989,2.06018604,0.27174386,0.38277129,-0.86147238,-0.34587192,2.35988894,-2.28070115,0.09985178,-0.62721635,-0.29868194,-0.86875277],
[-0.1905081,-1.31715051,0.58552486,0.32177497,-0.34183561,1.29467899,2.01605406,1.82958969,0.71081593,-0.53014646,0.74233708,-0.73149676,-0.38956977,-1.10341669,-0.46826904,2.28651087,-1.88985083,1.01365014,0.68208891,-1.25971271,-0.4891224,-0.34573454,1.17116849,0.40204262,-2.17156329,-0.24935857,0.27451259,-0.61800994,0.43584632],
[1.83689048,-0.81431089,-0.17676412,0.86116055,-0.60831424,0.34663001,-0.49660203,-0.49923832,0.36989652,0.12204625,-0.2868815,-0.0802419,-0.61088388,1.35218093,-0.62523337,0.92946177,-0.61580466,0.67287231,-0.63940208,-0.8459303,1.3017182,0.37507445,-0.51052894,-0.60956493,1.14108633,-0.11215563,-0.05379981,0.61502746,0.50530004],
[0.63548252,1.16712439,0.13420587,-0.42285953,1.23125116,-1.18583098,-0.50073211,1.67777085,0.3983236,-0.33547924,-0.4826395,-0.17680866,-0.34496344,-0.24373982,-0.16286637,0.86067272,0.60413989,0.07559512,0.33452934,0.91127576,0.0233301,0.37416329,-0.05212032,1.48739202,1.98223086,0.7307959,-1.36719557,-0.50875824,0.40617979],
[0.26886899,0.40035621,2.15601572,1.07661337,-0.06454357,1.05374349,-1.07957683,-1.41042877,-1.24534708,-0.40426704,0.66817534,0.90764106,-0.73562335,0.50130655,-0.58414446,-1.35953812,-0.02097318,-1.2664505,-1.90239808,-0.06615628,0.24756032,1.89146388,1.7680303,-1.41112678,0.97459818,1.26676519,0.34943503,1.86995057,-0.33820317],
[-1.15082557,-0.86345654,-0.23227202,0.52970884,0.48802496,0.51458425,0.3185726,0.0292199,-1.34316223,-0.68847293,2.30968183,0.3004256,1.19203751,1.16572757,1.12270741,-0.44366471,-0.09932437,1.10092124,0.55083124,1.17371392,-0.72834895,-0.05204113,-1.67304464,-0.58914595,-0.57848518,-0.10637466,-0.73400971,-0.80092225,-1.94480676],
[0.25000905,0.25154619,-0.20428259,-0.31954211,1.12077215,-0.99751952,0.10083632,-0.36937202,1.64629961,1.01396272,0.33958058,-0.05875939,1.14789607,1.51792951,0.52966005,0.23090096,-0.35150254,0.57060948,-1.48519488,0.51827824,-0.17346582,-0.37666085,0.08715744,-1.00042925,0.10227806,-0.7084785,2.23142204,0.34514915,1.62307108],
[0.80999788,1.76420321,-0.72489015,0.55130449,0.12157804,-2.01414242,-1.63866899,-1.39132874,-0.68834662,-1.18945107,1.75942023,-0.38669322,0.48224129,-0.41473441,-1.91860715,2.18635827,-0.7754915,-1.52810998,0.5916074,1.19310476,-1.55245744,0.56300641,-0.2220145,1.85104381,0.43073708,-1.31035237,-1.42973047,-0.02101743,-0.60328652],
[0.01894788,0.00250938,0.16603357,0.07784861,1.12875757,-0.35044372,-0.0154489,0.2736454,0.59675468,0.75948028,0.63332158,-0.52881984,-0.58388488,0.46624087,0.56910096,0.15258988,0.06707833,1.71812608,-0.7650272,0.52062039,0.89068778,1.69647707,0.02868725,0.75326119,-0.46068587,2.19043926,0.597793,-0.2857855,0.99788578],
[9.29376195e+00,-6.82302115e+00,-1.19141016e+01,8.59289484e+00,-9.56381867e+00,-5.42826992e-01,-9.72652800e-01,1.13619230e-02,-2.31113688e+00,9.60201676e-02,-1.62780355e+00,2.96369654e-01,1.19642119e+00,1.43510632e+00,5.63026979e-02,-2.25853116e+00,-1.08753472e-01,-9.88776926e-01,-2.71984315e-01,-1.35669084e+00,-6.69783957e-02,-1.13130623e+00,6.56267176e-01,8.41488460e-01,-3.28334615e-01,2.98267144e-01,-1.23648619e+00,-2.30588201e-01,1.49308158e-01],
[-9.57464013,-9.26256575,-8.89019311,-11.41423826,-9.73942062,2.54352333,-1.06978936,-0.28275336,1.43704566,0.78751498,0.95653088,0.93847997,-0.05023296,0.18075165,-1.24460803,0.66933293,-0.89626383,-0.05267419,-0.24158064,-0.55018658,0.49668847,0.55109827,-0.47162167,0.68381127,1.81787462,0.05401475,1.15627265,0.04097112,0.39234209],
[-11.97167668,-9.75296176,-11.40413029,-7.87236345,9.84642131,1.94003634,0.84814121,0.63693207,-0.68298969,-0.37970491,0.06543308,-0.38825169,-0.23803954,-0.52197273,2.05853251,0.01206476,-1.67315445,0.05488072,0.89971483,0.87400629,-1.08479274,-0.46078761,0.94549467,2.22777294,0.16931059,0.71817244,0.57591725,-0.75411202,-0.41259783],
[-1.23554369,0.53850547,-1.29349127,0.77124501,-3.23765102,-0.11430534,0.29471869,-0.09049185,0.28831401,0.15108996,-1.2929998,2.55291687,0.28892291,-0.01342145,-0.8231088,-0.53803078,-0.053739,1.35690499,2.04724855,0.50337996,0.23950163,-0.40708113,-2.42116581,0.48791685,1.19619154,-0.46464331,-1.66276369,1.4408156,-0.50586074],
[0.30720935,-1.64295535,-0.19708694,-1.8838685,0.6067124,-1.4584919,-1.27897168,-0.17346241,1.31654611,-1.190326,-0.92238901,0.03954297,-0.8769392,0.67005944,0.14915333,-0.83484161,0.19238183,0.99951854,-1.33928077,0.60267297,-0.2629446,-0.47175977,1.14075522,1.74786299,-0.36039167,-0.33893254,0.42612669,0.07681877,-0.46190781],
[-1.23325982e+01,-9.49106172e+00,-8.79051708e+00,8.04961792e+00,7.99386018e+00,2.38525427e+00,1.00965257e+00,1.41926223e+00,1.58465284e-01,8.18082357e-01,1.65207132e-01,7.62264761e-01,-9.82679463e-01,-3.16191952e-01,-2.57449660e+00,-8.02898042e-01,3.73553172e-01,-1.07197737e+00,1.08342561e-02,1.90584169e+00,5.66881382e-01,9.66215917e-01,-2.17129125e+00,-3.71003023e-01,1.58213779e+00,5.33708221e-01,-2.43608192e+00,-1.29263820e+00,-1.71516544e-01],
[-0.1707802,3.48060479,-0.2123393,-1.34207334,0.6865706,0.06990208,-0.36295109,-1.37527392,0.39589501,-0.23570515,0.97010537,1.934563,0.83574751,0.37559532,1.95328805,-2.57233332,1.17305164,-0.37325587,-1.25902267,-0.41449743,0.38979984,-1.15748445,-0.58248534,0.12883235,0.59824465,-0.3819871,1.90756667,-0.11434603,-1.52394329],
[-0.85422074,-0.80136605,0.07594304,-0.79438928,0.38860974,0.19916656,0.72811409,-1.6527577,0.30978663,-0.7879079,0.13891678,0.9881373,-1.37068662,-1.04066315,2.32612812,-0.36528627,0.34938628,-0.93668497,-0.01357375,-1.52947633,1.52612021,1.09655442,0.636411,0.43174039,0.4091733,0.11261387,1.18270294,-0.114393,0.44184627],
[-10.06473255,-9.92010871,-9.13220396,8.63288785,-9.92512553,0.05482895,-1.8282278,-1.24849565,0.3032427,2.07070982,1.32770033,-1.81071476,0.92199702,0.24686944,0.63963377,0.31082999,-0.13327021,0.46256958,-0.78760103,0.31551537,1.44023478,0.39614919,-0.49912359,1.90890992,-1.46936503,0.42371627,-1.08237644,1.16035545,1.21728437],
[0.66673568,-1.57522933,-0.04486722,-1.05943107,3.46082481,1.8412162,0.10427274,-0.19696774,-0.09178628,-0.14994415,-0.49446862,2.22758728,-1.81440651,-0.56769196,-0.36836281,-0.00647813,0.96370498,-0.81168356,-0.90358528,-0.24898049,-2.67404485,-0.35076625,-0.93105253,-0.03594443,1.4501848,1.77566797,0.51499094,-1.26979386,0.43550235],
[0.75360588,0.27238902,-1.3537744,1.23884227,0.03527967,-0.55078294,0.47941036,-0.36123107,1.43994193,-1.33582775,0.76813465,0.98875816,0.04787646,0.23738676,0.29658706,-0.73397986,0.83925272,0.21072463,-1.08453675,-1.11605076,0.26341578,-1.23064204,0.68777633,-2.26137384,-0.86306051,1.64702237,-1.10286891,0.29660244,-0.14208016],
[1.71625118,-0.93290902,-0.64072312,-2.28960103,-0.78472377,-1.04650952,0.04303688,0.25005724,-0.27129422,-0.77549375,0.02994401,0.62484637,-1.57885504,1.59979213,-0.44814322,-0.18028781,-0.53955309,0.08998292,-1.14600754,-1.24022029,0.04648829,0.21164792,1.20925929,-1.33684456,-0.72047609,0.6106626,0.24617731,-0.1388721,1.08419797],
[-1.06807731,0.92923043,0.543503,0.21729037,-0.55319707,0.17465655,-0.63187373,0.34627595,-0.45732026,0.05222787,0.68342471,1.38208741,-1.52801377,-0.83617558,-0.24030514,-1.04606737,0.32624816,-0.05407829,0.0717322,0.66718834,0.59979586,-0.37650594,0.48612012,-0.09367659,-0.58766294,-0.60170207,0.54329825,0.0036877,-0.38682373],
[0.09690995,-2.40809696,-1.49039339,-1.36319177,-1.27297206,-1.69642775,-1.63853361,0.39050089,-0.59831841,-0.61622179,-0.09083252,2.53474632,0.55974454,-0.55992626,0.3274464,-0.2627197,1.69398562,-0.67722769,-1.08946434,-0.926272,-1.13883079,1.28508736,1.13680154,-0.2833916,-1.43704304,-0.94322463,-0.72213944,-0.51523632,0.55332109],
[-1.01088708,0.671174,0.58837315,2.44617032,-0.22772176,2.0023648,-0.59646169,0.42011096,1.40333309,0.38228832,1.36324394,-0.69876626,0.11740914,-0.1220878,-1.3306246,0.38206177,0.16352662,-0.35402398,1.81225234,0.75766115,1.07127519,-0.46541378,0.56131496,1.46121058,0.43409855,0.72858607,0.25778206,-1.36617082,0.8892993],
[0.67595708,-0.04244065,0.32211096,0.67252616,-0.53643687,1.05514432,-1.66026866,-1.70205353,0.34172632,0.70110333,-1.95545439,-0.3260156,-0.34301123,-0.12601165,0.89989881,1.99034487,1.18546477,-0.57473476,0.03747918,-2.47359014,-0.49260614,-0.36942715,-0.92027788,0.33213886,2.44800272,0.42394385,-0.26795547,0.86786458,-0.72314859],
[-1.24340433,0.10285632,-0.98120815,-1.13118736,-0.90768583,1.3056626,0.83160864,1.46598746,0.07616676,-0.58867216,1.33161417,0.0938779,1.5588873,-0.30468173,0.13466632,-0.27455196,-2.64055146,-0.32605412,0.28610159,-0.22440983,0.48389521,0.68773063,0.37250747,0.98923501,0.47681624,0.22822666,-0.19842675,-0.95833825,0.88384091],
[-1.17617896,-2.27112976,0.35759956,0.20096431,-0.67013491,0.87058061,1.25647407,-0.29076377,-2.02660688,-3.25584192,-0.51110589,1.0642093,-0.19977655,-1.7248189,0.7432761,1.65658886,-0.13290627,0.68248981,0.94251765,-0.03682626,0.24673195,-0.03814553,-1.64930106,-1.38438075,-0.25667775,0.54353068,-0.0874651,1.51847241,1.18867228],
[-4.59116654e-01,3.45978210e-01,-4.33417919e-01,-7.96852028e-01,-1.95573681e+00,-1.29895796e+00,-1.03051516e-01,-1.60800347e+00,9.33949960e-02,3.12663726e-02,1.36705696e+00,9.44324753e-01,2.36060579e-01,9.15880331e-03,-3.85384590e-01,-9.96360278e-02,1.67140004e+00,-1.67041133e+00,-6.04395745e-01,-6.50362068e-01,-2.80423483e+00,1.17318550e+00,-1.23130829e+00,-6.85297480e-01,-4.80431698e-01,-5.42172480e-02,-1.03337531e-01,-2.10639156e-04,1.34669221e-01],
[-1.9812014,-2.04972695,0.51077061,1.36979744,-0.87937805,1.21248745,-1.60230799,0.03224618,-0.95792654,0.12990437,-0.15558022,-0.0352169,1.42823375,0.71926016,0.49955048,-0.93630003,-0.90887347,2.03984869,1.27251673,-0.29388806,-0.75281331,-1.92304387,-0.6865,-0.69807313,-1.31210579,1.17827964,-0.2297815,0.17434905,-1.33576219],
[-0.54559553,1.66793393,0.87020922,1.36116642,-0.1545477,-0.45464252,1.4567251,2.83843417,0.17354722,0.83526688,-1.32813576,-0.07259221,1.47064969,-0.86155941,0.8010655,0.26257487,-0.31429626,-0.26581839,-0.18040889,0.24698078,-1.22373309,2.27420982,0.05527801,-0.77759692,1.8168121,-0.03197469,-0.43702873,1.56504904,-0.68196942],
[-0.36737017,-1.01962623,-1.05507996,-0.19380246,0.78949611,0.02653019,-1.33765279,2.2519088,-0.20282776,-2.3756665,-0.0690011,-1.44957723,-0.46959538,0.32968383,-0.92399584,-0.64494532,0.8838393,0.35873612,1.64315133,-0.31137772,-0.59449913,0.83056669,-0.60917202,2.03656346,-0.17306588,0.57497989,-0.65705329,2.10614742,-0.75096939],
[0.44689338,-1.45646989,-1.14781271,0.32612232,-2.35584178,-2.56527716,-0.37568293,-0.32307519,-1.36200053,0.3852304,0.81354439,-0.15663359,-0.22687522,0.48494557,-0.45518564,-0.29653438,-0.09092215,0.42102408,-0.26928163,0.83526235,-0.39482647,-0.31755977,0.23545597,-0.41358667,-0.5703796,-0.51543804,-1.48559552,1.28983004,-0.2841452],
[10.12772504,-9.44457512,-9.33652424,-8.16578964,8.44142989,0.15380055,0.20967974,-1.42817154,0.19415313,-1.46402595,0.29966457,-1.07908649,0.478119,-0.23340795,-1.04046482,-0.62328207,-0.61512025,-0.89165183,-0.08528599,2.82451786,1.52706238,-0.45816207,0.56312441,0.318811,-0.13674441,-0.15405266,-0.73852527,0.8925416,-0.89129541],
[-0.74195739,0.03147711,-0.0769064,-0.18047152,-0.75309101,0.39170333,0.3119271,0.22454506,-1.04779575,-1.72727247,0.36764206,-1.02742778,-0.73507713,0.07185235,0.37582476,-0.14327002,1.3507784,-0.75892942,0.43841566,-1.33442755,0.53948356,0.81226521,-0.56554428,0.71096634,-0.57023707,0.01885031,1.04846145,-0.06247409,2.56635556],
[-0.32273328,-1.2943116,-1.43835234,-0.05425934,-1.20556812,0.01057392,0.16524403,-0.76135472,-0.87339072,-1.38796329,-1.28869698,-1.61166626,0.49193965,-1.61624229,1.93744591,-0.42793498,-1.8667707,-0.06706366,-1.14966175,-0.22540993,0.2645582,-0.0226477,-1.58235711,-0.03622776,-0.58167332,0.79051597,0.23382238,-0.77142671,-0.40418013],
[-0.99611329,-0.76860394,-1.96367299,0.27107173,0.15940008,-1.72118703,-1.72506345,-0.93525014,-0.95750713,-0.28430938,0.32343088,0.72152117,1.21258919,1.25623355,-0.48534824,0.15562456,1.93661064,-0.94823701,0.3090132,-0.90624098,-0.67896233,-0.08660036,-0.05954551,-0.15904511,-0.45585664,0.72037433,0.64485436,-0.61814565,-0.87530743],
[0.91285775,0.90503127,-0.13608094,0.95596292,0.34351741,-1.12109861,-0.91668188,0.83816225,1.57452241,0.66553611,-0.55845922,-0.51827113,-0.33799767,0.16241018,0.07438004,-0.04017578,-0.38955551,0.39155372,1.71689706,0.11440142,-0.1487901,0.35351528,0.9647077,-0.9249942,-0.57458159,-1.15963303,1.25402076,-0.23361371,0.37264695],
[1.47502413,-0.57470946,0.03551155,0.70654237,-0.12141693,-0.52757343,-1.72458902,0.63072615,-1.00614294,-0.12474113,1.40640883,-0.38367618,-0.03706591,-1.19053115,1.02467628,1.28602709,1.1239443,0.64470689,-1.28494727,0.50420608,0.48701141,0.28095135,-0.01828151,2.44781857,2.10971999,-0.7572015,-0.29501149,2.33210075,0.87623422],
[-1.10008624,0.81772928,-0.21166819,0.26589626,1.59780745,-0.14524001,-0.07815721,-0.56424268,-1.19686608,0.51482851,-0.17760556,0.42464392,1.3744955,-1.10298971,-1.27640039,-0.94583749,1.43346055,-0.91338814,-0.0713751,-1.67383394,-0.35455389,-0.70040327,0.69860456,-0.39108743,-0.03370447,-0.61271388,0.32074309,-0.98679601,0.50576675],
[-1.54713483e+00,-1.61798032e+00,-7.25088365e-02,-1.84214922e-01,-3.24559500e-01,1.32042987e+00,3.35429656e-01,3.27300060e-01,1.09488642e+00,-1.20045482e+00,2.02765716e-01,-1.05473966e+00,7.11500785e-01,4.37380103e-01,-2.69959401e-01,-1.06834540e-03,-2.36319051e+00,4.80630881e-01,-4.90530000e-01,2.58899708e-01,6.84385869e-01,5.26279122e-01,-5.19409226e-01,-6.21013501e-01,2.40315748e-01,4.57401653e-01,-1.99106360e+00,-4.51570780e-01,-1.37513187e+00],
[-0.04658915,-0.07530262,-0.44251418,-0.45189735,-1.06354144,-0.42778325,0.84872271,0.05327452,1.5441673,1.24384178,1.11925656,-0.46484112,0.08396616,0.04606098,1.60519,-1.47325986,1.27377953,0.74971123,0.00184709,0.74825349,0.24829499,-0.45510347,1.1093762,-0.08132482,0.24992378,0.47179187,-1.05518196,-1.42062504,0.8578269],
[-0.82802914,1.13725816,-1.41434909,2.02649497,0.56267803,0.15121084,-0.45887103,-1.54364022,0.83136374,-0.65293217,-1.37272542,-0.24346384,-2.13892855,0.26670418,1.20154977,-0.7332039,-0.23418242,0.23595477,0.63822226,-0.15695322,1.31193878,-0.73946457,-0.72001485,-0.35672567,-0.30216102,0.01461899,1.6378602,-0.21356829,0.41433967],
[-1.7884124,2.40302622,-1.41566516,-0.47757265,-0.57981153,-1.45876846,0.21669715,-1.97252288,0.26033184,0.66965753,2.12807784,0.80744857,0.08502935,0.81101689,-1.14799587,0.34811294,0.56488113,-0.87837945,0.0392212,-2.1252746,-0.68419962,-0.32708712,0.13461008,0.26338121,-1.26576618,-0.3526412,0.82445932,1.25918116,0.47497587],
[-1.23541602,1.7133282,1.32720656,-0.17862827,-0.31247357,0.11156284,0.43406141,0.70878736,0.19088149,-1.07571779,-0.66196578,0.38043828,0.88371599,1.87628362,-0.80160074,0.58120102,-0.59603939,-0.62068847,-0.84797558,-0.42307897,-0.07146332,-0.18127853,1.22596797,-0.92263776,0.20085461,0.6033914,-0.38177253,0.65594691,-0.25749052],
[-0.33531935,-0.13947581,0.34891657,0.2876056,1.2222671,-0.52717153,-0.77256286,-0.05897241,-1.41365696,-1.33365562,-0.31953363,1.05371447,-1.4227758,1.79581639,1.28298465,1.23713636,0.71763412,-0.08799102,0.37516363,0.30391048,-0.17337893,-0.57828439,0.66905452,0.46844673,-0.15833872,-2.15079614,-0.06577614,0.25269521,1.96987926],
[1.53102515,-0.42845645,-0.90035615,-2.02135836,0.87187006,0.08422361,-0.07336384,0.26244254,-1.8163573,-0.35999079,1.28679217,1.32958723,-0.50154894,-0.07561572,0.1795522,-0.22093152,1.73548036,-1.24240596,-0.98539861,2.13327866,-2.04105454,0.58328006,1.03117957,-3.06012295,-0.00856035,3.00065754,0.69391914,-0.65832827,1.22546614],
[-0.48605156,-0.92595346,1.44654863,2.84948636,0.62166628,0.31702717,-0.10717582,-0.4051367,-0.96702718,0.75752013,-2.76954783,2.69572735,-0.62917773,-0.22322161,-0.81175378,-0.2942701,-0.19887849,0.92657717,0.10988697,-0.16658277,-1.48555845,-1.22484854,1.11907713,1.31747107,-1.16150016,-0.60949996,-1.10401348,-0.56249117,1.99919606],
[-9.52578049,-11.72180061,-9.90551819,9.99197147,-10.75201281,1.22727476,0.66953449,-0.42124012,-0.66196057,0.34372018,0.17067054,-0.47104032,0.27477262,-1.28249443,2.99621829,0.06045686,0.23449099,-1.64199986,-1.16862935,-0.22053786,-0.69457714,0.64476714,0.08829851,0.57583618,2.36763079,1.11943184,-1.61834568,1.20667295,-0.14534115],
[-0.57484459,-1.01609091,-0.05286311,0.11852343,0.36613057,0.85815565,-0.18955464,1.71332964,1.31948121,0.41980696,-0.30490426,-0.47976629,-0.01756834,1.38880386,1.83573427,-0.34128273,0.39460992,-0.73021679,-0.2459307,-0.58478411,-0.14875919,0.1110679,1.52125947,0.34120486,-1.54930132,1.2149893,0.04329481,-0.02778607,0.49296866],
[1.67106099,-1.24620862,-0.56134244,0.34581183,1.10108961,-0.95180062,1.53319642,-0.66000097,0.70771323,1.47498235,-0.79094577,2.29154764,1.20790175,2.68580159,0.0784609,-0.33142072,0.58202462,-0.68245562,-0.98780743,-0.05384605,-0.32112265,-0.38771937,0.11343951,1.73820555,-0.70461943,1.02806961,0.24911956,0.62287563,-0.29425397],
[1.77230121,0.12128452,0.07670366,0.2397594,-0.07258473,-1.05991771,1.18478069,-1.31571457,0.25590784,-0.90183397,0.21119705,0.00427203,1.06973069,-1.45649145,2.11243492,-0.14127726,-0.94009752,-1.68852622,-0.04258919,-0.24143429,1.60094349,-0.85189032,1.23536634,-2.03850669,0.45209156,0.0366751,0.28505543,-0.95926354,-0.05634048],
[-7.70128281,11.31074317,12.12353015,-8.54887812,-10.61885834,0.55232952,-0.5284381,0.92915092,0.21932898,1.25606151,-1.44177089,0.16581859,0.76072803,-1.35148473,0.82572183,0.97369188,-0.72651963,0.1323036,-1.2133187,-0.4537186,0.83345413,-0.08417283,0.75812401,-1.40467658,-0.17588405,-0.14379347,-2.10676587,-1.09426736,0.41926033],
[-0.12025249,0.00567721,-1.63090741,-1.39154102,0.90068489,1.22486815,0.16051143,0.59994464,0.00741992,-0.02693715,-1.44472199,-0.83429712,-0.25728132,0.97887971,0.1977393,-0.82147032,1.0677144,1.34804703,0.77097448,0.59422408,1.77533462,-1.52425523,1.1225833,-1.88999512,-0.66313647,-1.42650891,-0.08310866,-2.35188797,0.42439328],
[-1.74869187,1.13167596,0.00607459,1.27451973,-0.45932962,-0.84759342,0.22698427,-0.20217444,-0.19189926,0.07204215,-2.06450817,1.32384471,0.05413181,-1.34108475,-1.84749608,0.42738396,-0.70151546,0.72089091,-0.17142654,-1.01585308,-0.54176391,1.13221458,0.23728208,0.95928764,0.03359665,-1.40134407,-0.87393673,-1.08173741,0.06328669],
[-0.66154287,0.93822783,1.12389986,-1.00319027,-2.36769756,0.81680186,-0.18803937,0.21775945,0.11734584,0.5180929,-0.27402406,-0.96162886,-0.29802804,-1.02720257,1.04411051,0.34932214,0.91659421,0.17804732,1.88310172,-1.6708412,0.11743972,-0.25587688,-0.18953149,-0.49183238,-0.42898869,-1.0785324,0.27136246,-1.05252128,-0.73237995],
[-0.690732,-0.65762439,0.4150035,-1.09922165,0.02251765,-0.54822388,-1.01544916,-0.73834241,0.20224303,0.25794124,0.42474989,0.51363422,-0.20834195,0.91313052,0.13992049,0.00964387,-0.60509351,-1.16767307,-1.78328581,-2.01430566,-0.22574383,0.67303458,-0.06892565,-0.37231332,1.30426229,-0.07499778,1.48367398,-0.15284392,-0.19339629],
[-0.76113756,0.23516427,0.0794479,1.51441643,1.82612115,-1.60453384,-1.79135008,0.48699295,0.27749913,-2.6567781,-0.73732462,0.36042498,-0.32485487,0.02910541,-1.53799009,-0.02684831,-1.03978117,-0.84829649,-1.92973993,0.53391329,0.27451751,0.0875331,-0.14170533,-0.53007294,1.15710805,0.30163466,1.46136098,0.98721152,-0.59128478],
[-1.25216726,-1.13549646,2.12891477,1.73259754,-0.47397834,-0.82226717,-0.06742642,0.02935192,-1.95338974,1.70974464,3.18536613,0.28036659,0.81425884,0.95281181,-1.75535956,-0.0605137,-0.73156544,0.90237966,-1.16573101,0.67752792,1.81763421,1.22422049,-0.40442458,0.96918965,-1.21242884,0.26354589,0.02421973,-0.07825965,0.47125109]]
[1.48385676,-2.08152651,-3.12424478,5.36868762,4.43121418,-1.95683967,-1.54188038,0.20673904,0.21758659,2.22394803,-3.22531251,-0.94351742,2.16846763,-11.96800072,1.48301385,-12.16277978,-1.43096959,1.21131308,3.04890232,0.34506326,0.56419656,-9.38403964,-10.95388366,2.76802694,-3.53262323,3.88257836,-1.0523806,3.43853851,1.70278958,-4.48421169,-0.17513675,5.38108979,-1.58262561,-3.32725023,8.1920954,-0.64028704,-2.61454089,-13.02623758,3.7697273,-1.37123847,3.54740656,-11.87026484,-2.47775853,-0.01448954,-2.88583679,-4.81148207,-3.58430804,0.19537974,-2.96873529,-4.73733723,-2.48000699,-1.46905706,0.39713229,1.06355298,1.22163728,3.4527948,-2.49581573,-4.41915129,-2.2334567,-0.42982238,-0.42834824,1.05986938,-9.35630926,-3.05573654,-2.64719643,-1.28590532,1.70109329,-8.66017087,-3.60733602,-1.60138304,3.09875507,3.94216301,3.31916032,-0.53762388,-3.09841982,-0.56608704,-4.49744253,-2.34274729,-0.90405349,2.38418753,-2.9749511,-1.44740964,-0.59470008,-1.24668084,-1.79327855,1.09984018,-3.69386671,-6.77508592,-11.18985738,0.50612275,4.96456128,-3.56107538,-1.52412063,0.17129125,1.69473782,1.81721336,4.89454203,-0.07975291,-1.33793402,0.37473793,0.86589012,-6.62872256,-3.08557548,-9.87500865,-4.53181229,-4.04685951,-11.89149433,2.92433412,-1.71683369,-9.5661808,3.11122182,-1.01775802,-2.94399615,0.0656524,-8.21659271,4.5605259,2.42423418,-3.30740011,-2.38393362,-4.48989043,-1.46146086,2.72317892,-2.77818311,-6.24834666,-5.72423068,-1.61906522,-4.45963998,-6.09948212,0.79155007,0.07295423,0.2902135,-1.88250499,-1.77344043,1.95111602,-2.6698754,1.47656585,0.5309191,-0.74273573,3.20685675,-11.29157046,-0.8964416,-0.0286282,1.22304498,-4.57050605,-0.28301402,-1.11494015,-1.36382298,-3.67688583,1.1288362,0.2318841]