[[12.0775329,13.75339468,-12.20601168,-10.47986217,10.7643042,-0.60818763,0.52584866,-1.58049552,-1.06199041],
[-0.55747849,2.80146385,-0.26934785,0.67124457,-1.10519616,2.63576779,-1.81449879,1.01224597,-0.41807218],
[1.12302263,-2.22308097,0.65982097,-0.90551068,1.93636399,-0.17995038,-0.53851042,-2.4014609,-1.21474163],
[1.01028825,-0.92292814,1.83440737,0.30361366,-1.82450152,-0.67265354,-0.16874614,0.10358331,-1.9468724],
[-1.00641673,0.127031,-0.10479372,0.16565813,0.9255971,1.0300281,-0.81793134,-0.9348683,-0.12203878],
[0.79847595,-0.30590143,0.60407802,-1.41074207,1.25886011,0.53763981,0.50641501,-0.09768095,-0.62883351],
[1.43364285,-0.43513224,0.97049606,-2.17020317,-0.75737922,-0.66771488,-0.19263949,-1.11302557,0.15524476],
[-0.96271958,1.67445091,2.37061335,0.08017081,0.29825198,0.66412149,0.60986273,1.56861384,-1.39909921],
[-1.44052124,-0.91296445,0.63686769,1.116131,1.11661079,0.28257689,1.04426128,0.56370074,-0.13201828],
[-1.18836498,1.12622375,-0.36593298,-0.3933198,-0.57694103,-0.94021144,-1.03371235,0.42617403,1.59216427],
[0.11039801,1.27988527,1.04556735,-0.92676385,0.55077491,1.84282228,-0.71221224,-0.13185815,-0.33108752],
[0.59110471,-0.06293129,-0.01029662,-1.39763109,0.06340958,1.14465255,2.11879813,-1.50509784,-1.40394262],
[-1.63607679,-0.61895051,-0.7869644,0.63167258,0.23901088,0.2642988,-0.91848705,0.38181809,-0.61661552],
[-8.29096202,11.76251762,10.67232317,-8.02787076,10.08238985,1.00996112,1.63902912,-0.10543948,-0.94991787],
[-0.78633673,1.15314172,1.33395826,0.51077396,0.63150163,0.56753768,-0.27376675,1.22193395,-0.29082377],
[0.3726456,-0.47130234,1.57707733,-0.26750096,-0.17339118,0.28194712,-0.17961929,1.1075354,-0.83122994],
[9.44964727,10.10846716,-8.99868119,11.6188517,10.16926076,0.82808327,-0.18231032,0.9180331,-1.04109893],
[-0.35772949,1.04064221,0.54880325,-0.55716913,-1.14648062,0.28276786,0.37573956,1.64829573,-1.60831326],
[-0.93652587,-2.24573265,0.44039075,-1.32032673,-1.8094889,0.73109399,0.06265057,-1.05928519,0.67228276],
[1.0977323,-1.36627053,0.27420805,-0.64002073,-0.82269766,-1.53255935,1.56335211,-1.78944254,-0.96607315],
[1.37682545,0.19484869,0.8620728,0.44142949,1.43925921,-0.16768412,0.03112243,0.04409396,0.80994719],
[-0.62563209,-1.89965044,-0.20098089,-0.08557629,1.77804001,0.78376201,0.03559047,-2.35837752,0.04063634],
[10.36597534,-9.16408325,-8.14082844,-8.44882191,-10.80852885,1.10065943,-0.7438338,0.1393512,-0.10905133],
[-0.89422553,0.64416269,0.31209019,0.45908352,-0.49671988,-0.42036641,1.41585242,-0.40581781,-0.06974156],
[1.0097989,0.76999916,0.0508796,-0.11675392,-0.7947308,1.45196296,-1.91891608,0.84246974,-0.01245754],
[8.73007486,8.90526821,-7.54183014,11.08491067,10.99188784,-0.74954218,0.83074209,-1.25229131,-3.07425199],
[2.24341873,1.53269213,-1.32845256,1.59504634,0.24464927,0.26767584,-0.55090255,-1.14473022,0.11432605],
[-1.20149187,-0.3941033,1.00275299,0.17198196,0.28761031,-1.32156329,2.13877206,-1.22321773,-0.03183236],
[2.37512231,0.71924719,-0.91702333,0.49995928,-0.17395139,-1.56115057,0.14059309,-0.66983846,1.68262688],
[0.2623139,0.432771,0.40016169,0.43076793,1.02703786,1.37565161,-1.52213609,-0.64588841,-0.47144587],
[-0.55682813,0.61289704,0.35020976,-1.1319518,-1.14080074,-0.31710493,2.05261441,-1.34695335,1.04882146],
[-1.23796679,-0.36599904,-0.93753811,-1.54055017,1.0001561,0.01672705,2.13268089,0.57090088,-0.22898897],
[-1.17472189,-1.17703032,-0.65152509,-0.04272428,-0.69320227,0.91201773,-0.80500373,-1.09994608,0.9536213],
[1.8837771,-0.34733822,0.35848841,-0.1133215,-1.04601577,-1.0060653,0.30441612,-0.50185868,-1.32947715],
[-0.66440351,-0.0453433,-0.59733489,-0.63629833,1.3406187,0.15069539,1.05332682,1.48555576,1.54819702],
[0.03890896,-2.32949636,-0.42630626,0.38652999,-1.95058888,-2.11934161,0.5307407,-0.55249146,1.12505753],
[1.1305945,-1.09572577,-1.05285587,-0.28263301,0.89331589,-0.24275864,-0.13014996,1.29573298,-0.17249325],
[0.3243238,-2.42139133,0.1870188,0.12272609,-0.43740178,-0.69310455,-0.59836166,-1.72374659,0.3849288],
[0.79461772,0.18860869,0.86251463,1.58851905,0.545404,1.1881445,-0.06147544,-0.26377447,0.25770785],
[-0.41741161,0.5128683,-0.47686043,-0.47135677,1.67229307,-0.87823549,-0.67404579,-0.93000201,-0.66268723],
[0.95833191,-0.8785603,0.63433139,-0.90484808,0.45353922,-1.2171047,1.26928166,0.85338821,-1.50469789],
[-0.74777844,-1.08248773,-0.09994562,0.99207747,-0.0478548,0.23987325,-0.05446367,-0.33816099,-1.42174541],
[0.26630679,-0.34700592,0.59787805,0.29431105,0.30729738,-0.31811308,1.82091549,-0.3110462,1.63807409],
[-0.18585995,1.48670654,-0.10918419,0.49600924,-0.42666819,-0.0057647,-0.79825593,0.1043167,-0.53651813],
[1.11090752,0.58489707,0.45071644,-0.51234235,1.78952736,-0.2438715,-1.55218426,-0.17581959,-0.92493775],
[0.74148224,0.01109213,-0.28069642,-0.9225413,-1.13376795,-1.67383672,-1.18577453,-1.96440499,0.40419495],
[0.14728917,-0.72278563,-0.71239596,0.05778549,1.46422353,1.48163567,0.15871898,1.73517468,-0.96263987],
[-0.60260674,-0.53502473,-0.13447228,2.32711905,0.12010355,0.68066867,0.17108127,-0.22506393,0.08149405],
[-1.50631352,-0.84663607,0.50994076,-0.65150218,1.0840297,-0.11628513,0.75523517,-0.1904824,1.02052282],
[-0.29870317,-1.18446543,-0.16143456,-1.40016178,-2.2203386,-0.46951117,0.25011082,-0.98622455,-0.3103695]]
[-7.38708198,3.72059229,-0.1317276,-0.58954424,0.53066717,-0.19468579,-0.88519493,3.93885765,-0.56662723,-3.72317642,4.26450127,0.09640368,-1.7529641,-8.17853423,3.31383307,2.02334448,-8.43904464,-1.11144477,-6.07815575,-4.06328607,4.41243296,-0.23783873,-8.39523952,-0.06307855,2.7803,-7.6363114,4.33602005,-2.18239978,0.22765425,5.45229166,-2.21966542,-3.54163045,-3.03978727,0.53293097,-0.95457565,-6.34081645,-0.24452387,-3.15915653,4.73530695,-0.64849495,-0.87372745,-1.2039839,0.15101942,1.45888752,2.95927097,-3.06506265,1.76798778,2.17666653,-1.51011168,-6.11145434]