[[-1.92791782,-0.86996029,-0.97408701,0.44537249,-0.70726562,0.15952883,0.25785132,0.82751347,0.22871681,0.61737622,1.66224726,-0.30702846,-0.11886401,1.67686795,0.507758,0.26898479,0.01496461,1.18122203,1.44108313],
[-0.14687126,-0.52878334,1.48062058,-1.0279533,-0.73934357,1.88164306,-1.11770772,-0.14754427,0.83117765,-0.05926248,0.7413137,1.27875412,0.26192077,-0.55053242,-1.48961969,0.57627435,-0.42247108,0.18466489,0.27983542],
[-1.81405591,0.07458195,1.02994695,1.86704596,0.21835863,0.55476668,0.78338725,-0.36064666,0.96865048,0.9854601,-0.58312964,-0.21291338,-0.30416341,0.06927052,-0.13660361,0.85995541,-0.05558461,1.81306095,1.40820565],
[0.71351551,0.11723773,-0.76533318,-0.24879942,0.49961149,1.76900564,0.10129837,0.28986289,-0.42980139,1.42353764,-0.33096884,1.07797997,0.20018081,-0.86296337,0.91872564,0.08799965,2.80315052,0.26539308,-1.2734378],
[0.29130899,-0.62265623,0.19129325,-0.87442323,-1.2851145,-0.26217818,-1.34631287,-0.18889945,0.14200492,-0.47977435,0.64997235,-1.01802908,-0.42973897,-0.00442888,0.22048817,0.34578873,0.65634428,-0.25662498,-0.94776514],
[0.79707036,-0.79274918,-0.40356888,-1.43554401,-0.51436427,-0.13238597,0.77951547,1.28530844,-0.40412836,-0.47971042,-0.75042254,1.17341661,-1.98002617,-1.55472433,1.85412863,0.56105893,-0.39976669,-0.19837621,-1.6786631],
[0.5229317,0.07411739,0.82912749,0.899355,0.31455134,-0.25352572,-0.75678085,-1.05369978,1.30915903,0.13380571,-0.26017038,0.93443626,1.09449949,-2.29569676,-0.17990455,1.58184848,-0.42407994,0.83276426,-0.03403995],
[-0.64392399,-0.69173512,-1.74894276,-0.42562077,0.15320908,-2.19551028,-0.03756313,-0.46620499,2.90344294,0.60580942,1.32226015,0.71746906,-0.00763118,0.45557219,0.28252168,-0.50623101,0.55232535,0.11571137,-0.43216895],
[0.99283735,0.21289798,-1.79574387,-1.88681145,1.22797906,-1.12151142,-0.80063561,0.77573559,-1.12962369,1.19602991,-0.01114753,2.92196299,1.38474734,1.25995578,-0.14625946,-0.92774005,-2.37586107,0.94005144,-0.75232024],
[0.28498707,0.60516623,-0.52633874,-0.37648677,-1.93388736,-0.40680377,0.56882264,0.20221608,1.10021653,1.0436536,-1.75380714,-0.24890525,-0.43638459,-2.09163993,-1.0343061,-1.954998,0.2812428,-1.09465518,-0.89698438],
[-0.10494199,-0.37857433,0.89492849,-0.60686647,0.2065954,2.40603943,-1.10260334,-1.02262378,0.26526572,0.27337535,0.05987183,-0.11562577,1.56830177,0.31506364,0.60436508,-0.70181552,1.76719128,0.03294949,-0.59099402],
[1.12020449,1.58432436,-1.69401569,-2.54463023,-0.25638478,0.42616046,-0.86309944,1.3679121,1.17099066,-0.17663031,0.6654421,-0.72008794,0.60237636,1.45961414,-0.15020637,0.9181027,0.56182191,1.09866888,-0.7950353],
[-11.95646089,10.39861396,-10.15471806,-10.41470114,-10.7010936,-1.11699343,-1.14169582,0.18249407,-0.07321937,-0.48212088,-1.34819941,-1.57035108,-0.72441188,-0.08508809,-0.95168014,1.55161166,1.65049013,-2.05292015,-1.13986642],
[0.6069365,0.49923059,0.71438796,0.58035404,-0.23543179,1.39341224,0.41079271,-1.3374549,-0.54420463,1.19710804,-0.18902748,-1.46176944,-1.08186775,-0.35436283,-0.08250785,-0.34178353,-0.21915662,-0.0391183,-0.44785668],
[0.04944595,1.6656397,-0.11758314,-1.02220779,-0.90005922,-0.04747238,0.88401283,1.16350353,1.75889793,-0.34948815,0.76587389,1.92492485,-0.21525976,1.5740882,0.29028941,0.10901744,1.47018811,-0.96199766,-0.62459691],
[-1.25997199,0.65246396,-0.75257702,0.52082038,-0.93138809,0.75278712,0.31106559,-0.56779364,-0.8798121,-1.3702062,-1.49797498,1.62710658,-0.43949,-0.40118174,1.58896254,0.59400209,-0.97002626,-0.03016679,-1.32170632],
[0.29644397,0.49120744,-0.48570201,1.50042919,0.18310581,-0.12757995,-0.8731556,-1.06727267,0.38810015,1.01448618,-0.76266157,-0.31332067,2.09150286,2.13811662,-0.40641882,0.4332003,0.43906259,-1.02559788,1.50405653],
[1.09300368e+01,1.22553606e+01,-8.48008819e+00,-1.02893550e+01,7.86588433e+00,1.49670224e-02,-5.28947843e-01,5.53995707e-01,3.53353151e-01,7.87733226e-01,-7.31458267e-01,-5.56947033e-01,1.07191741e+00,-5.87527433e-01,1.58664971e-03,2.90540258e-01,-3.46071088e-01,1.14602683e+00,-1.73165220e+00],
[1.52770353,-0.67237436,0.08805279,-0.49314003,0.03910534,1.76632587,0.80201895,0.23518204,1.18744732,-0.2272746,0.29424905,1.06784506,-0.3738098,1.47829546,-0.57615025,1.3989542,0.65558992,1.20598724,-1.78665353],
[-0.04926258,0.41476974,-0.57625031,-0.7930446,-1.99221342,-0.30391886,-0.51926018,0.22473075,-0.16753816,1.09037986,-1.31424937,-0.67375027,0.53191394,-0.54196904,-1.07661432,-1.06231628,-0.7324765,-1.54934372,-1.1967091],
[-1.1047373,1.18329538,-1.83092202,-0.37112403,-0.96054737,1.15172839,0.91210977,-0.15556056,-0.095696,1.73391536,1.41425114,0.64642732,0.15834044,-0.49080233,-0.13047453,-0.03195027,0.24957877,-0.34137586,-0.29662608],
[1.51970818,-1.79273283,0.12350436,0.20426021,0.92274816,-0.12408768,-0.17911477,-0.12323728,-0.49583738,0.38101756,-0.5143789,0.31355001,-2.0557231,1.13683848,0.96275025,-0.34317678,-0.14140567,0.24612826,-0.94776795],
[1.2533573,-0.26769009,0.10956424,0.26315,0.06497317,0.83869985,0.78770744,-0.24121439,-0.70560703,0.89004235,-1.61503349,0.27126248,0.05975456,0.249626,0.14558004,0.2697789,-0.44484216,-0.29017921,-0.01995079],
[0.22863725,0.1413859,0.4443462,0.49997837,0.44874745,-0.10742582,-2.95535487,0.17308157,0.06713471,-0.58815744,0.90022269,-0.97649542,-1.30958506,0.34254477,-0.16653497,0.03282872,-0.10207981,-0.43667324,0.2626442],
[-0.53326441,1.40282526,-0.86461283,-0.75751353,0.3794373,0.45387635,1.27188501,0.55592421,1.28288133,0.67903476,-0.90070222,0.34184515,-1.26197371,-0.18430987,-0.29993764,0.72472774,0.06865132,0.46443556,0.13072115],
[-0.97844896,1.27643954,0.14791234,0.24419078,-0.51198815,1.65612681,-0.7209094,1.43528965,-2.1863059,0.69767213,-1.74035533,-0.98967017,-0.08563807,-0.70091083,1.49925847,-0.05401591,0.19140323,1.54682646,-0.53899027],
[1.54113462,0.97764409,0.84859233,0.49542043,2.02072596,-0.79693624,-0.09381853,-0.0471062,0.0707523,0.5807482,-0.02855354,1.11080429,0.360078,-0.59854827,1.08269516,0.5406405,-0.11136731,-0.96963812,0.32238547],
[-1.56866389,-0.96957686,-0.10801865,1.0520454,0.08779834,0.97663362,0.73053279,0.81978932,-0.09851553,0.51087713,-0.43294917,0.13380466,-0.06928381,-0.18173823,-0.12757015,0.91105468,-1.59577616,-0.89343052,0.42968404],
[0.32033511,-0.7711231,0.76169532,0.75830287,-1.23062573,-0.1247356,1.80980015,0.30090295,-0.50916483,-0.10577229,1.93721863,0.83177265,0.11507788,0.32976619,0.87066291,-0.13100852,-0.06408552,-3.12298724,-0.54359628],
[-0.16675436,1.23402403,0.47151615,-0.74782606,0.10070536,-0.39509014,-0.33457043,-1.43492515,-1.56035026,0.21409307,2.1215581,-0.74447236,-2.60159697,0.09950039,-1.12163923,-0.67434926,-0.36906804,-1.64834461,0.14062875],
[0.23036241,0.36859439,-0.20529268,0.14386429,0.09787395,-1.99330818,1.66396521,-0.05302297,-0.31271881,-0.46963592,0.52347397,-0.86862178,0.51466777,0.59657244,0.49034618,0.73390013,-0.71788557,0.97267768,0.91274187],
[-1.78818064,0.66145999,-0.14944464,0.2174127,0.75749919,-0.54854714,-1.77663366,0.67081207,1.80944106,-0.07138775,0.52459049,-0.04037458,-0.37393242,-0.99079037,-0.71502717,1.76986988,0.67437515,0.01015807,-0.03826883],
[-0.52394809,1.73653143,1.97242209,1.28176905,-0.48408851,0.19556239,-1.90665967,0.48092839,-0.70402387,0.177553,1.91915638,-0.56218279,-0.27049001,-0.09612173,-0.60474509,-1.57049077,0.37324654,1.07849698,1.30257778],
[0.69762412,0.17713528,-0.34894512,-0.35551656,0.72428777,-2.33290231,0.21697655,-0.24899732,-0.32869652,-1.10898885,-0.10044516,-1.3676276,-0.97159539,-0.73491953,-1.04949592,-1.65658462,0.75514445,0.80950858,-1.9804841],
[0.29767075,0.0509353,1.58700164,-0.07215382,-0.71946078,-0.07107495,-0.6673659,-0.49645415,0.00696802,-0.2171112,0.24578336,-1.3431511,-1.08663678,-0.28454442,0.77332759,1.4800502,-0.05422352,-1.77235229,0.40018038],
[-0.83214791,0.24020188,1.95971997,-0.70125789,-1.25475371,-0.56275843,0.34957008,0.6036052,-0.88878014,1.30664592,-0.62157413,0.71099247,0.31533054,-0.84428252,-1.11930628,0.05226893,2.20993762,-0.39552127,-0.60453503],
[0.15708138,-0.27987956,0.11844004,0.50432839,-0.83402663,-0.82886535,0.56942538,0.40956393,0.31072122,0.78233299,1.23937989,-0.41838316,-0.17095554,-1.79086743,1.77462576,0.2804266,1.04623609,1.21174763,2.14827395],
[0.55331251,0.99427732,0.40485584,-0.54166212,-1.21141994,0.49902313,1.01553167,1.0722044,0.55116007,0.50428666,-0.4010905,0.80190147,-1.01660094,0.49995637,1.53244543,0.01084144,0.75078894,-1.80149931,-0.05846923],
[7.48674051e-01,1.24583156e-01,1.24752464e+00,3.53345304e-01,5.09558198e-01,5.94243938e-01,9.45419321e-01,-1.10768978e+00,3.09749257e-01,1.28437951e-03,1.76504656e+00,-1.65854986e+00,3.91608521e-01,7.24003627e-01,-5.09529921e-01,-7.23015672e-02,2.20581537e-01,3.21808474e-01,-2.42056853e-01],
[-0.17998451,-0.47671997,1.3299539,-0.38791909,0.18316489,0.46902011,0.27818169,0.92911219,0.0259889,0.37212956,0.76069127,-1.29175331,-0.34370588,-0.22668053,0.35099996,0.25799394,-0.59294263,0.00333414,-0.39216729],
[1.03064464e+01,1.15847591e+01,-9.93621202e+00,-1.13786439e+01,-1.04687944e+01,-9.49876141e-01,-9.09260993e-01,1.07748882e-02,1.36865949e-01,-1.22438021e+00,-3.16059946e-01,-3.51052306e-01,-7.97077044e-02,1.03156155e+00,6.10852690e-01,-8.70973819e-01,1.67330514e+00,2.05773365e+00,-2.58034055e+00],
[-0.47288633,0.58080355,0.72673476,0.238154,-1.94770093,0.8602278,-0.67812514,-0.28455902,-0.9711065,-1.20425615,0.30739317,0.23469218,-0.86592325,1.03808864,-0.78857489,1.04319181,0.73771396,0.69624329,-0.78225284],
[11.05314795,8.17008217,-10.41626756,-10.244533,-8.0238985,-0.74466688,0.10379682,0.89308742,-0.03082075,-0.05075244,0.6382671,-0.84302942,-0.17774893,-0.89056439,-1.18920189,0.94063147,-0.35974403,0.84145546,-2.28726083],
[0.07487287,-1.97799842,-0.78468188,-1.60474129,-0.425988,-1.88843766,0.53728989,0.5014088,-0.63342664,-0.25330116,-0.62292219,-0.90650839,1.24202959,-0.89074581,-1.0711596,-0.1298119,-1.6568869,1.53006006,-1.13876809],
[1.66610311,-0.27048251,-1.84740629,1.75577704,-1.0818414,0.32649949,0.80515703,-1.05609739,-0.09394695,-0.98134574,0.44280238,-0.81879896,-1.10858304,1.87817968,0.34242102,0.69047772,2.04479201,0.33905595,0.04717062],
[-0.71737667,-1.51286439,0.47275214,1.17606454,-0.30306339,1.37909823,-0.09017325,1.15520674,-0.91692866,-0.88171944,1.38167517,1.7123786,0.12348537,-1.84907395,0.73416065,-1.23979195,-0.01051628,-1.3819218,0.66506601],
[-0.44860446,0.7543092,1.70363024,-2.06514016,-1.54458286,0.87890849,0.11939134,2.46509384,0.5455441,1.21996621,-0.10719761,0.32558141,-0.1435451,-0.59524909,-1.81276042,-1.33589915,-1.31135436,0.13083133,0.40218727],
[1.19562962,0.32908819,-0.96416403,-1.00293962,0.59284399,-0.1823669,1.05969535,-0.9274483,-2.00232635,0.93166436,-0.72358767,0.3414679,0.4375825,-1.69083199,-0.80687681,0.36383828,-1.0498565,-3.02811839,-0.66254797],
[1.1449167,-0.46469207,-0.76570091,0.35684205,0.65426198,0.52474842,0.13845334,0.1002495,0.48192856,0.74349257,-0.89117843,0.50799585,-0.41936134,-1.21289992,0.89895546,2.55973205,0.41944803,0.39376788,-1.21329296],
[-1.19882757,-1.50969485,1.43891649,-1.10542318,1.11792852,0.18301552,-1.76355415,-0.23537726,-0.66597515,1.78469621,-0.30752719,0.48021228,-1.54744891,-1.17780867,0.00287953,0.28345603,0.17848383,0.37291288,1.42314597],
[0.32443529,-0.16372811,1.21549259,-0.96652033,-1.81270267,-0.71904195,-0.13982367,-0.37602412,-0.76363488,-0.30975537,-0.81070897,0.52129082,0.24164429,0.22139015,0.84176186,1.14159451,-1.45634082,2.30506569,-0.66054874],
[0.82762058,-1.64007214,-1.26290418,-1.11862832,-0.50402635,-0.07325679,0.45536314,-0.09545472,-2.66582532,-0.95903963,0.01115338,0.16470388,-1.48355672,1.62359504,0.37172706,1.24636541,-0.67362422,-0.52852888,-0.24718211],
[-0.68006668,0.86852268,-0.43482557,0.29434432,0.15782719,0.19677954,-1.55357384,-0.66762251,0.44941778,-0.50523777,1.56155554,-0.86470654,0.45016525,-1.65464518,0.16508426,-0.03647733,-1.92466947,0.93753534,1.72863863],
[1.45517672,0.37211707,0.68679191,0.06387189,-0.13741174,-1.79581042,1.56166264,-0.29375694,-1.89744091,1.20487032,-0.40550152,-1.2959789,0.67036476,-1.93941679,0.31539437,-1.21905919,-0.60009849,1.28904804,-0.36185831],
[0.87388683,0.51184448,-2.59078034,0.53899656,0.98730512,0.32381985,-0.71467143,-0.92648259,1.45425692,0.10383442,-0.29635283,0.86322248,0.28779016,0.54860475,-0.8227977,-0.55460315,0.34791285,1.02237159,-0.16266848],
[0.37659789,-0.38618027,0.92493739,0.31609319,-0.9455476,0.37523719,-0.89982258,0.65290779,0.06747929,-0.90711133,-1.01114542,0.61473302,0.2270709,2.64148843,-1.22622373,-1.03574462,-1.22495409,-1.15902472,-0.4803551],
[-1.11155345,-0.40055594,1.31057358,-0.61069094,-0.65611382,0.61005603,-0.14912063,-0.45335901,1.39793222,0.87317658,-0.82790933,-1.83999741,-0.65763005,-1.29667233,-0.97838337,0.10950865,-0.41569015,0.73832576,0.14393569],
[0.82339278,-1.12353311,-2.2526574,-0.42252833,-0.5894961,-0.49761414,-0.59077183,-1.08877203,1.70298483,-0.71643911,0.64422229,-0.11546309,-1.57693634,2.65074157,0.09261765,-0.4604582,-1.27713798,0.08172018,-2.09303167],
[0.64705904,-1.15233918,-0.01466039,0.01895264,0.90294894,-0.08513098,-0.62225664,-0.32856101,1.32161764,0.5385094,0.22424777,-0.68044365,0.6235319,-0.77097406,0.62335313,0.78778654,0.94161955,2.10314116,-1.215075],
[-1.03128328,0.91830469,0.979252,-1.29046452,0.01281932,0.46860948,0.26356315,-0.09103718,-0.20450144,-0.64330123,0.21738185,2.30858715,0.652141,-0.7531515,0.45820103,0.70165295,-0.11530727,-0.33168628,-1.26857546],
[13.03403765,-10.22553487,7.60159767,-9.25106584,-10.12519757,1.1806679,-0.64242487,0.82790311,1.85410921,-1.6706745,0.94500343,0.79784276,0.97104893,0.09164222,-0.51297423,-1.72296428,0.70164273,1.28140322,-1.96319801],
[-0.24068787,-0.55910253,0.1193321,0.20769986,-1.33354747,-0.62302108,-0.04035556,1.40824525,0.53467626,-0.01047682,0.65016405,0.69279427,-1.56728226,-1.77100633,0.03295296,-0.1894658,0.08372898,0.29025238,0.96847847],
[0.15665711,0.02448562,0.55203623,-0.85017559,-0.7319758,1.08325455,-0.61426352,0.4600358,0.16109095,-0.17404211,0.21815496,-1.00989609,-0.84648392,-1.07720532,-0.42472263,0.76353304,0.85335285,-0.37927251,2.05314304],
[0.73401716,1.13088308,0.46018311,2.62005605,-0.20129938,-0.21971676,0.50610353,1.67067453,-0.32482067,-0.96233568,1.00494724,0.49955523,-1.63032633,-2.25658245,2.56286767,-0.85139696,-0.94981332,-0.16410144,1.02780042],
[-0.48233368,-1.42956674,-0.26763145,0.17160638,-0.55939564,1.35015043,0.87829364,0.85957508,1.12442249,-0.54982128,-0.35011076,1.4158324,0.14543333,1.51257128,0.44083148,0.12534916,-1.71119944,-1.54247265,0.35840469],
[11.06379424,11.61229153,10.10940614,11.22582192,10.14813381,0.67673953,-1.13069712,0.25889191,1.06910776,0.35794164,-1.5444028,1.96836747,-0.69428994,-0.79032819,-0.61519103,0.30457256,-0.36637246,-0.24986261,0.32147675],
[-0.04914346,-0.3708687,-0.59792893,-0.2917944,1.1511192,-0.19241671,0.23064086,-0.39214502,-0.16698326,1.28312789,0.71299237,1.24382537,-0.43636266,-1.03711444,1.29098802,0.3368358,-1.06510127,0.23269095,1.57451092],
[0.11584025,-0.90779302,-0.81156899,-0.2084922,0.05608232,1.14663229,-1.59473893,-0.71072386,-1.67704614,-2.38181276,-0.71180592,0.29742615,1.41889983,1.69579481,-1.70325834,-0.46790038,0.16963619,0.93059725,-0.46050239],
[0.23566425,0.78820888,-0.43155411,-0.02648131,-0.61942282,-0.83260797,-1.10546251,-0.11703249,0.35023803,0.94968109,0.23474935,-1.05930024,0.12123601,2.04809776,-0.8409387,0.3203327,-1.4924924,-1.03285434,0.05494564],
[0.70434867,-1.12611892,0.05522107,2.64459439,-0.94615206,-0.52711738,-0.33109213,-0.10806347,-0.36170697,-0.56903719,0.66172409,-0.86889973,-0.11471966,-0.00355795,0.61627495,-0.02468891,0.82214574,-0.50921391,-0.17783191],
[-0.64870261,-0.72998013,0.33262007,0.60541873,-0.28329997,1.36643215,-0.04095671,0.54092525,0.26334564,-0.5699003,1.44145774,1.95298854,-1.37338067,0.32748064,0.67377123,-0.2905991,1.48705965,0.20654828,-0.28387333],
[-0.75232651,-0.5134484,0.32883282,0.48878747,0.6290732,-0.79710633,-0.09645919,-0.62950394,0.37858994,0.6572081,0.81146634,-0.59701459,-0.24297017,-1.12785289,0.44055484,-1.15308057,-0.09702208,0.16530573,-0.30999269],
[-0.04566836,1.69439407,-0.50635906,-0.79661528,1.29995788,-0.04843281,-1.61297056,-1.25859959,0.36098092,-0.35285741,-0.68773023,1.74782608,1.44158779,-0.90753386,1.65716315,0.28952774,0.93893763,0.96244638,-0.74945141],
[1.01198356,1.66628115,0.47534856,0.3969582,-0.60560152,-1.25699319,-0.97476811,0.09418458,0.60124769,0.16580981,1.5954095,-1.60386173,0.75476721,0.36086912,1.5170857,0.92624856,-0.89105777,-0.06424057,0.40535776],
[-0.32173697,-1.53368864,0.02527627,0.10072361,-0.97988985,-1.56227267,2.19164137,0.13947815,-0.97966009,1.33708585,-0.45530164,0.35309246,0.71417312,0.58334857,0.3581947,0.12647963,0.86049296,-0.52888235,0.17631466],
[0.84097157,-2.98941783,-1.04975388,-0.15165207,1.0055335,-0.41844608,1.04923712,-2.0326244,-0.17398174,1.79992048,-0.4485839,-1.09338074,-0.23881672,-0.40755677,0.02288373,0.41593634,-0.47320923,-0.15988841,0.94818189],
[0.3535833,1.49399799,1.31137046,-0.93556003,-0.32017641,0.82011386,-0.30503058,0.02459871,0.4722208,0.42025151,0.40908524,0.20763144,0.42239889,-0.852876,-1.28002263,-0.73350168,0.27254969,0.24283275,1.31127416],
[0.57714509,-0.39703297,-1.01199118,-0.23614983,0.08149331,1.15532393,0.36920091,-0.69622784,0.01308711,0.24542231,-0.04100965,-0.80254505,0.78910555,0.41861961,0.56632895,-0.78373082,0.728255,-0.65826184,-0.72859003],
[1.33078277,0.24728847,1.33586228,0.26897404,-1.48267967,-0.85062433,-1.79264246,1.07553571,-0.3665143,0.30647102,0.84927331,-0.35921435,-1.80987899,0.21790486,0.7663484,1.17399489,-0.40035968,0.18368222,0.49879698],
[0.17332147,-1.94161955,0.67923771,0.02225534,0.24620966,0.32060892,1.28904031,0.78713114,-1.29897635,0.06090172,-0.99797718,-0.83283403,1.27129759,0.92364019,-0.46257186,0.1765504,1.06047418,0.68166208,-0.75430849],
[-2.09972891,0.33514666,1.53204386,1.50213609,-0.78086365,0.13971889,-0.74301364,0.50865974,0.30943313,1.63560378,-1.32018103,0.26960463,1.46457976,-0.20683745,-0.68856504,-0.12366174,0.39865532,-0.22027823,-2.25759356],
[-0.20218275,0.99393102,-0.70355953,-0.46742453,0.48600948,-0.02352065,0.62626524,-0.01938522,-1.29051305,1.43161153,-1.18866739,-0.88121623,-0.42074297,-2.26231578,-1.40716496,-0.88971666,-3.05681902,-0.7954528,-0.22812897],
[-0.78439004,0.59057241,1.2115769,0.90756337,2.5538944,0.46109766,-0.20732488,-0.06319519,1.47366802,0.4150724,0.3926391,-0.82862588,-0.21931071,-1.20365017,-0.30334135,0.07222643,-1.52663593,-0.10572817,0.29417459],
[9.95508457,9.07153605,-9.86499618,-9.98535023,-9.1676158,-0.24189424,-0.33915694,0.15591135,-1.18637274,1.46573044,1.50272233,-0.228197,-0.03209292,0.32068721,-0.10600891,1.37292987,-0.86873965,-0.99296792,-0.24083078],
[-0.53469964,-1.15241677,-0.06349456,-0.01090348,0.17436125,0.81728926,-0.10540032,-0.76412611,-1.81710198,-0.12786176,-0.69362271,-0.75676644,1.76351081,0.59440539,0.36274959,-2.15969672,0.76700501,-0.06668403,0.20880056],
[-0.06721688,-1.10240941,1.14171142,0.05015339,-0.26879256,-0.46670455,-0.18627297,-1.14728184,-1.24529964,-0.3602956,-0.20441344,-0.04074645,2.13317406,-0.25520371,1.58480245,-0.37287354,-0.09834678,-0.82353112,-0.47595738],
[-0.28646591,1.5095269,2.03533971,0.61537141,3.05678968,-0.4074076,1.64202135,1.92341756,0.76781307,-0.3795827,1.03519768,-1.64252922,0.14919375,-1.25368529,-0.3994591,0.34383733,0.92998707,2.06404464,-0.51239008],
[-1.11690782,1.48026363,-0.15312409,-0.55184509,1.34405153,-0.798336,-1.44627124,-0.42717965,0.37406913,-0.52893443,0.40640641,0.97870557,-1.77258707,-1.29077071,-0.16462593,0.87935206,0.93074265,1.59738884,-1.4841653],
[0.22374475,-0.3885632,-0.18364398,-0.6700124,1.44037046,0.75464993,-0.41018672,0.75216499,-0.40842329,0.27656216,0.49940639,1.83471375,0.11603783,-1.4071465,0.2269508,-0.52221043,-0.18484715,0.74683282,1.12961764],
[-8.74226798e+00,9.54705893e+00,9.06813467e+00,8.30298044e+00,9.80978465e+00,6.21736127e-01,5.98371784e-01,-2.67323040e+00,2.44063263e-01,5.15635463e-01,2.22268680e-01,1.80323545e-01,1.60788708e-01,-1.75626539e+00,-1.44343685e+00,2.28063798e+00,-6.24299959e-02,1.17603201e-01,-2.26253743e-03],
[-1.46634123,0.6391113,1.11534586,2.96570952,-0.7402445,-0.23917382,-0.54335774,2.25299575,-0.3810925,1.55437895,-0.90542509,-1.9310798,-0.0276984,0.8245002,0.84233556,-0.09236231,1.37654074,1.06106612,1.81738697],
[-1.2181589,0.10844534,-0.81321662,0.78385693,-0.05762169,-0.38777143,-0.45489263,0.42367245,-1.19740368,0.72928638,-1.21479127,0.75930547,-0.48848738,0.73454671,0.5406021,-1.56093401,-0.53355402,0.87416522,-0.29411772],
[-1.25611248,-0.08879354,-0.18182978,0.74588867,0.36474868,-1.41143153,-0.22537,-2.25021628,-0.2192379,2.27305037,-1.31177627,1.14074735,-1.27947077,-0.40057059,0.50138448,2.55769611,0.15747271,-2.17679091,1.02470929],
[-0.48604093,-0.29677911,0.06852167,2.28569172,-0.72175918,2.30226073,-0.66455931,-0.89007916,1.44559937,-0.99674521,0.80879854,-0.48793039,-0.08238271,0.30233378,-0.24867394,1.33033693,-0.91886722,-1.70513578,1.70912976],
[8.21586501,-7.17654246,9.77536473,-10.87150209,-6.62582904,1.04300309,0.06415137,1.95952143,1.64919045,-0.20992381,0.50223505,-0.14169967,-0.59817186,-0.6989716,-0.92342876,0.19282825,-1.10230843,-2.91300485,1.38381176],
[-1.49280831,0.38701616,0.6586502,0.20555978,0.18964532,0.54672196,-0.22794549,0.46456079,0.49075459,1.00755834,0.75859477,2.56018253,-0.10344762,-0.33994462,-0.53263621,-0.41084694,-0.4647744,0.72622795,1.24892507],
[-11.46307806,-12.01428946,-10.44640388,10.80587518,-8.27696424,-1.7455134,-1.11780118,-0.04522278,-0.19768805,-0.77644731,-0.23170028,-0.49354948,0.14902018,0.18627856,-0.81058614,2.52703777,0.67177472,0.12448135,-3.36097661],
[-1.51189042,1.99247354,0.52772642,0.76358579,-0.40377318,0.97392988,0.09895806,0.95284756,-0.88284624,0.40152436,0.12584289,0.8227692,1.20877035,1.99094614,-0.83193599,0.89353547,-1.07969073,-1.54231995,0.47495594],
[1.50483046,-0.54469111,-2.65189504,0.13129117,0.21449063,-0.74712855,-0.23091425,-0.39018164,-0.89211829,-0.20756275,-0.70573447,0.64494765,-0.18317712,-0.22672768,-0.18279177,-1.56543267,-0.86491612,-0.34169864,-1.04272527],
[-0.4354381,-1.63310539,0.18142724,0.80271615,0.35346194,0.53583423,0.36845191,0.03225771,0.31518388,-0.57370476,-0.97487849,0.09996634,0.5097842,0.65741253,0.09828175,-0.51742459,0.02975764,1.20634168,0.07014332],
[-0.93016817,-1.41981415,-0.47792872,2.5140088,0.28982267,-1.48487392,0.23815286,-0.5995884,-1.02130894,-0.46274697,0.67623461,0.67180715,-0.50410322,0.25786249,0.94745888,-0.02129665,0.02981895,0.19129986,-0.26747808],
[1.10276221,-0.41100089,-1.30752915,-2.31372957,-0.56659003,-0.04366849,1.45290057,1.21365431,-1.50265752,0.36120363,-1.24920952,-0.7255085,1.97971512,-0.33142339,-1.15441401,1.79230455,0.16789017,-0.25816307,0.96790716],
[-1.06407841,0.2234237,0.90583632,-1.71648119,0.2460078,-0.02328213,-0.30813293,2.75405377,-0.99180672,-0.71861972,1.32370588,-1.22251604,0.97204043,0.73129026,-0.11168418,0.5186171,0.16022576,0.56399024,-1.07694978],
[-10.92022696,-11.28469824,-9.41597114,10.36494212,-7.67623072,-0.86358267,0.22424482,-1.97007942,-1.2567467,-0.79028822,0.06371123,0.44034974,0.43596633,0.27268671,-1.6158536,-0.18150385,0.5431499,-0.28326705,0.19529375],
[-0.56749946,-0.09849189,-0.52913237,-0.64370735,-0.84513368,-0.05631469,0.17674734,0.60180949,0.53385382,1.68163604,-1.06675444,-0.84252248,-0.06606782,-0.83353591,-0.95476584,-0.11050539,0.98698823,0.23688605,-0.80898131],
[-0.88497748,0.4092153,-0.16317846,-1.95128476,-0.76259924,2.21603292,0.52657217,-0.06791057,1.19788431,1.11367914,0.86949088,-0.33438818,-1.28405887,0.01784836,0.39527001,-2.02428558,-0.28277085,-0.8222938,0.47731558],
[0.17526244,-0.19020122,1.11665447,1.06669967,-0.43183572,1.20430112,1.03554678,0.48717824,-1.14249272,-0.72783432,-0.79222512,0.65653121,-0.36251079,-0.45451785,0.79386365,0.51106992,-0.22947666,0.32908881,1.23760995],
[7.64394487,-10.30665687,11.22081376,9.76228417,-8.72185614,1.45765636,-0.66964867,-0.5502402,0.2803606,-0.22026474,0.87201668,1.40718701,1.27291725,0.56329128,-0.89560018,0.575399,-1.03773381,0.327848,0.64226763],
[-0.74523517,0.29009862,0.27534558,0.14289808,0.7550777,-0.72600543,-0.50487205,-1.09783985,-2.23167763,-0.27669519,0.96023637,-0.91755425,-1.1645544,-0.89884681,1.55147971,0.14096013,-1.48889295,-0.53380542,-0.61382312],
[-1.32595795,2.54158691,0.90704156,0.59423536,0.05277586,1.86162697,-0.56295899,-0.42184559,1.17252924,1.52878486,0.32757238,1.67906574,1.1560849,1.20073457,0.04426624,-0.27265857,-0.27552702,-0.05014527,0.28927881],
[-1.76173839,0.2868233,-1.76664425,1.67526998,0.77576261,-0.07104895,-0.92636567,1.43660492,1.73795645,-0.95662981,1.47687608,-0.97638335,-0.48908046,-1.1385954,-0.41446004,1.55254314,-1.23631669,0.41771813,-0.37422026],
[-0.10872563,0.75446701,0.994375,-0.26786439,-0.84595841,-0.58106023,-0.60891419,-1.31663105,0.49666804,1.83905493,0.14548013,0.72220271,1.24742995,1.31531996,-0.43323732,-1.00470286,-2.25153561,1.031921,-1.35601245],
[-0.2686002,0.15628798,1.33739001,-1.44505154,1.04951391,-0.13195585,-0.36705483,-0.24999042,0.04054762,0.00611152,-1.34616627,1.51000246,-0.95937864,-1.26715063,1.80556782,1.48215996,-0.73424129,2.2225879,-0.87902561],
[0.28510301,-0.49066191,0.46786367,-0.0397913,-1.55451296,2.07740345,0.90083589,0.07857601,0.62408127,0.63502736,-0.52875883,1.02022344,0.32200563,0.67725368,-0.39200565,1.43646224,-0.89133164,1.20467386,0.28366443],
[-0.35547047,0.55356047,-0.4899388,1.53645009,-0.55000813,-0.08106234,-0.04681956,-0.12086918,-0.03847742,1.42108654,-0.13212781,-0.79861258,-0.54633288,-0.76013623,-1.67618971,-1.30352837,-0.809165,1.42418568,0.5886658],
[-0.88796589,1.11504716,-1.06496942,-0.42879727,-0.3799312,0.07118382,-1.03466888,-1.6173266,-0.23151799,0.66366113,-0.50543547,0.6532253,-0.85990837,0.60429399,0.41873604,-0.94438526,2.15811041,1.26619993,1.64183258],
[-0.28356568,0.80108373,1.17245749,-1.56233643,0.47021287,-1.13531422,-0.93593942,1.97404026,0.67488878,-0.25803123,-1.20273355,1.54839875,1.73961651,-0.53533664,-0.59874417,-1.2537896,-2.05500615,-0.31455668,0.66264736],
[-10.96253898,-9.48613992,-9.51832138,-8.99709417,-10.8854045,0.34797333,0.43010153,-0.36638847,-1.17643229,1.2200471,-1.15448741,0.90040185,-0.56966181,0.1556975,-0.73061613,0.89828129,0.95587702,-0.03936673,-0.18257134],
[3.33022334e-01,-2.80980112e-01,2.91092379e-01,-8.50200752e-01,-2.62411226e-01,1.16201258e+00,1.45246088e+00,-6.99133573e-01,-1.21588505e-04,-7.66225791e-01,1.22219542e-01,2.89347669e+00,1.12855110e-03,-5.74070990e-01,3.97997967e-01,2.58647371e+00,-6.00916227e-01,2.16296943e+00,-3.54239248e+00],
[0.56983539,1.08219184,0.78574785,1.1532574,0.43249571,0.63511964,0.43563056,1.58662919,0.22379563,-1.24168327,-0.13764523,-1.99687468,-1.04225321,-1.45688023,0.07939247,-0.79189604,0.0087646,-0.41166365,-1.11495271],
[0.78297096,0.25474293,-0.55509689,-0.06495257,1.03532398,-0.34808962,-1.5236693,-0.15580681,0.07531701,-0.56110855,-0.22525386,-1.41337591,-0.60848175,1.37510231,1.56007487,-0.36876862,2.16071473,-0.52753538,2.30118211],
[1.33334768,0.29110411,-0.72407331,-0.68911062,0.09784838,-0.85014905,-1.67536291,-0.38435522,2.04590819,1.23532187,0.48559776,-0.6673273,1.29758652,0.4294787,-1.38993585,0.96478564,0.35766045,0.9239033,1.21268709],
[0.33429043,0.54088155,-1.08359252,-0.72482251,-0.6987457,-0.22621958,-0.40835328,1.08433807,-0.16051576,0.20198306,0.69374565,-0.8567023,0.01234046,0.73148565,0.44578882,1.68111075,0.43011012,0.84998724,0.69032824],
[-1.12012804e+01,7.72704291e+00,1.00627496e+01,6.69001475e+00,-9.91687824e+00,-2.10544420e+00,3.24862267e-01,-3.93301768e-01,7.09447398e-01,1.32948401e+00,1.06682101e+00,-7.13837399e-01,-1.05476251e+00,-3.40286653e-01,1.45745719e-01,2.74477235e+00,1.85879068e-03,6.30811269e-01,1.43799215e+00],
[0.06463543,-0.73724564,1.54135491,0.01530555,0.49540498,-0.99911358,0.18329149,-2.76354133,-0.12665565,-0.4129037,1.08105221,1.66181402,1.78544459,-0.68773742,-0.27904575,-1.84348939,-0.73249389,0.35747251,0.97563141],
[-1.3367398,-0.59116735,-1.09230292,-0.90059839,0.19332513,0.27400971,1.18161396,0.11067116,-0.70025974,0.23433461,-1.29558789,1.60144268,-1.01480443,1.40877661,-0.33208537,0.4561378,-0.87540022,1.42775565,0.18205555],
[-0.94936456,-1.02966725,-0.87913595,-1.15171753,0.25663575,1.00488482,0.12393932,0.0157322,-0.30210105,-0.47459468,0.15055417,0.63802997,-0.18331878,-1.20507217,1.14889557,-0.57813447,-1.94101886,2.77655168,-0.79496554],
[1.41108341,1.25624795,-0.58954669,2.2815004,2.64365055,0.15474658,0.42913009,0.56386607,-0.01280713,1.49829201,-1.99031709,0.58884736,-0.23954989,1.61467632,-0.93321505,-0.66102015,-0.16221611,0.17475686,-2.3417099],
[0.96874891,1.82522683,-1.05043078,0.04135331,1.07939147,-0.22562553,0.38714051,-2.10604461,-1.06684344,0.53084552,-0.33266296,-0.57241019,0.10704242,1.03908765,0.69910316,-1.88182839,0.60979642,-1.20864215,-0.05376227],
[1.40241702,-1.60110763,-0.00428014,0.44655483,0.97881604,-1.83993937,2.32866425,1.13757099,-0.29855344,-0.06347062,-0.37283522,-0.49757072,0.18664013,0.40490006,0.3948259,1.06653731,0.2250501,0.51807075,-0.33530452],
[-0.6470958,-0.14774967,-0.14600089,1.29661428,1.33911959,-0.93674963,1.62901926,-0.22894504,-0.56888142,-0.11834636,0.81956012,0.26626341,-1.01548321,1.66743679,1.08540331,-0.49792623,-1.50876634,0.51306139,0.25455463],
[0.93214256,-1.04518965,1.82154727,-0.72039059,-1.87748047,1.73620299,-1.60620266,0.52171534,-0.45309317,-0.5948748,-0.62221099,-0.79259125,-1.06601083,-1.31708134,0.32793164,0.71313102,1.63797071,1.1200839,-1.42070603],
[-0.59656279,-1.07543568,0.26673433,1.50101358,1.54562734,0.79150336,-0.2209572,-0.27016763,-0.4963032,-0.27986869,-0.82899563,1.1410152,0.44701399,0.35172133,-0.91209342,-1.88125255,0.71397813,-0.79248467,0.93522125],
[0.24774259,-0.08896873,0.89430368,-1.56569733,-0.84863742,1.34415633,0.13957573,0.59445681,0.80662166,0.01686974,0.26580477,-0.09975384,-1.6466264,0.08298479,-1.09525364,1.51535352,0.3877903,-0.94617711,0.36074],
[2.68740786,-0.45835046,0.20848942,1.10212111,-1.32636851,-1.37975911,-2.40228467,-1.99733859,0.30039893,0.71335296,-0.0134618,-0.49293597,-0.67229063,-0.02186946,-0.44262611,-0.4082487,-0.11786876,0.14626021,0.96403755],
[0.71713568,-1.00359811,-2.41100838,0.37045011,0.71165118,0.56423235,0.22073345,-0.71067905,-0.64049041,1.56907082,0.59563607,-0.96212172,0.47812549,-1.02506176,-1.89555079,-0.4687316,-0.44711883,0.32916234,0.02043501],
[0.45068104,0.33184688,-0.46024358,-1.78321911,1.09483323,-2.10418985,0.39997647,-0.56291832,0.42818598,1.60876733,-1.9231477,1.80713432,1.06095323,0.89066496,0.34012234,0.62589856,-0.07441645,-0.47582463,0.40236478],
[9.56537139,9.6832266,6.84405639,-9.83005979,10.57089329,0.87928804,0.22399382,-0.75698894,0.23604831,-1.1641209,0.87606628,-0.01583484,-0.80972958,-1.81781541,-0.46593058,0.56565909,-0.21821463,0.88096844,-1.07196498],
[0.27966177,-1.99001737,0.52795021,-1.03691901,-1.6994475,-0.79302163,-0.29852335,0.55679762,-0.42674822,-0.25694193,-0.42257456,-0.02862159,1.47874865,-0.32065014,-0.12878283,-0.40602531,-0.49759163,0.53969105,-0.60116738],
[-8.08420197,10.2790168,11.16720031,11.13189378,9.21376329,-0.08936922,0.12506851,-0.3992845,-1.05558631,0.35932645,0.76079221,0.53527191,0.83207732,0.89687796,-0.77041159,1.04800921,-0.43723597,0.5789316,-0.31321481],
[1.69669818,0.22207202,0.15357816,-0.0534005,-1.12643156,-1.6818626,-0.86107903,0.5827244,0.57587196,-0.20785611,1.74232351,-1.2981149,-1.64857145,-1.26850739,2.03026653,-1.82709557,-0.85249491,-0.06688093,0.91992538],
[-0.38532859,-0.61178213,0.62243986,-1.5556692,0.9204375,1.71754733,0.86808114,2.15333127,-0.40003758,0.48267976,0.67906595,0.27769957,0.43978345,1.48474531,0.39626488,1.44461221,1.45434794,-0.87018726,2.00465256],
[-0.07899811,-0.10184967,1.08220159,0.23029619,-0.91857178,0.35457514,1.70616582,-0.0047519,-1.07129448,-0.43060498,0.69035469,0.0107604,0.38364603,-1.45503298,-1.04993514,-0.90448352,-0.59281804,-0.77441482,-1.01438402],
[1.07625432,0.2581142,0.88965823,-0.03208544,0.55966167,-0.16220558,-1.47857362,-0.20069198,-0.96647657,1.56250814,-0.38735121,0.04017588,0.82766935,1.42745461,-0.11353614,-0.5597824,1.5351779,1.68978847,0.63453874],
[0.0517929,0.78441249,-0.2406459,-0.01089122,-0.30705208,0.85758608,-0.84192589,-0.93715978,-0.92546838,-0.00674815,0.74645869,-0.63843497,0.20640416,0.31772701,-0.10787135,0.00674229,0.71828797,-2.10560317,-0.01968741],
[-10.69386108,-7.81547777,10.77441223,10.05250576,9.57915652,0.59502889,2.58664431,-1.44683495,-0.65197215,0.83867676,-0.13952079,-0.65920716,0.11906511,-0.5351009,-0.51862219,0.10906575,-1.37485754,-0.42003825,0.71130977],
[0.33247212,-0.98757554,0.90463198,0.25480916,-0.57048785,-1.14979938,-2.18065434,-0.50981046,0.01270556,1.03773759,0.51504851,-0.2239342,0.18729747,-0.70539295,0.55908025,0.25471319,0.11312497,1.18632971,-0.26792865],
[0.24038798,-0.98955425,-0.19724139,0.92583414,-0.69759191,-0.82400546,0.42376352,-1.02182108,0.73658458,-1.1052339,-1.85566057,0.42545009,0.01145432,0.5294562,-0.03183184,0.88053793,-0.4517947,-0.37531414,0.87332859],
[0.98561552,-0.26785132,0.16948871,0.88636345,-0.73736502,0.87496884,-0.29837779,2.05276332,0.19407916,0.27950871,-0.83199544,0.72858732,0.5937236,-0.51328096,1.32547557,1.76504633,0.60668793,1.06153259,0.32703403],
[0.08034666,0.64974523,-1.81359643,0.96970655,-1.09343082,0.74193242,0.01030593,1.5466553,0.22434932,-0.78533663,-0.86046054,-0.00755323,-0.68879926,0.05123234,-0.27064205,0.13816798,0.54252798,-0.22317752,-0.6647029]]
[-4.95450716,0.93423771,0.85255992,1.86080364,-2.54257244,-3.63701411,2.66547485,-5.45241612,-1.56770246,-1.49895766,1.3705557,0.18693951,-14.50343022,3.14578142,-0.63525097,-1.72221714,2.30160635,-10.22912226,3.05270333,-4.21071858,-1.85620954,2.92494839,2.49806552,2.78779166,0.30335151,3.52375339,3.65695169,-0.37405806,-1.24558649,0.44023344,-0.55292566,-1.6762465,4.74077747,-2.18399948,0.69550589,-1.43581096,-0.62872804,-0.29510552,4.16539822,1.04324549,-11.65058024,-2.03673484,-8.65664831,-5.32980606,-0.84790585,0.28354747,-0.17798596,-1.78553448,1.06113126,-2.80892397,-0.98384715,-2.94324684,0.22613269,-0.27045818,1.45674595,0.31612438,-1.26543925,-3.95083037,0.5988218,0.06729871,-8.24206719,-2.83204342,-0.73304034,4.45003443,-1.07592628,-9.81684052,0.35991959,-0.5457434,-0.77873703,2.10020843,1.21406817,-1.50662544,1.26709263,1.93007141,-4.54373327,-2.35522742,3.27168082,0.54774003,2.15140511,-0.64054219,0.33686313,-0.4887077,4.28596315,-9.01917953,-1.15333007,-0.80817885,7.40530183,1.62369005,0.36810371,-9.8155057,1.15605194,-1.1662067,-2.27980968,2.2264518,-8.18888923,0.08858593,-13.63581958,2.42428381,-2.52598298,1.21455497,-1.24717808,-4.47114125,-1.25908223,-11.60575101,-2.00243465,-1.23254946,2.45828996,-7.52230995,0.27540272,4.53947998,0.78174909,0.1318836,0.78747496,0.65173641,1.27152561,-1.84911289,-0.18429859,-11.27188369,0.18497217,5.47238504,1.13726758,-1.81073108,-2.12451746,-12.74039093,1.50073986,-2.81013062,-3.22917104,7.1563463,2.75591873,0.62447831,1.7513555,0.16818812,2.78645551,0.08739775,0.29478087,-0.86767076,-4.05809627,-13.35070679,-5.42935368,-9.73562791,0.45319006,0.87700579,0.99607994,2.84622137,1.67072649,-8.10831011,-1.29798863,-2.83737754,0.84650228,-0.1945578]