[[-0.82577396,1.83407537,1.04742284,-0.32114492,0.38837486,0.27627955,-0.2792994,-0.81136932,0.83280452,-1.40520255,-0.1192738,0.71149679,2.16913575,1.62778475,-1.08613975,0.40337499,0.6240674,-1.57267574,1.1154718],
[-1.44028964,1.40272491,0.59457375,0.69835444,0.2230873,-0.54279872,-0.25190906,-1.01185191,3.82389167,0.08793664,1.86717052,0.75516763,-0.65401924,0.12071396,0.54847987,1.25596553,-1.04073508,-0.03200437,0.44270396],
[1.25156052,-1.12754085,-0.21786142,2.10068836,1.45729743,-1.54491087,-0.22455296,1.36494598,-1.28650381,0.20135642,0.0114205,-0.2778747,-1.3142238,-1.74423309,1.63857907,0.55171873,-1.78903432,0.75712195,-0.68214635],
[0.69955717,-1.58904485,0.6125601,-0.76616394,0.09728906,0.30593695,1.33036659,-1.22622923,-0.68697435,1.00286822,0.92518768,2.00926718,0.00958582,-1.21388173,-1.34781355,-0.34533418,-1.10746929,-0.48704286,1.3190563],
[2.03316885,-1.15853558,0.55823085,0.07092846,0.14256688,-0.37549044,-0.16672851,-0.1232218,-0.33358608,1.18638411,0.12685814,-0.35780292,0.28450313,0.60462601,-0.92185075,0.18063205,1.55068298,0.498493,0.08541285],
[-0.96205418,0.10300757,1.25676089,-0.02487112,0.17623053,0.53809818,-0.47742555,0.96878084,-0.54798602,0.39663188,-0.86937763,-0.78096661,0.77077508,0.26140908,-0.13973551,1.29376968,0.17793619,1.18080196,-1.78968412],
[-0.7526486,-1.98923175,-1.28151963,-2.1587909,1.07314846,-1.58677646,-0.149866,-0.34873374,1.07238466,-0.65016754,-0.270857,-0.92751704,1.53449156,0.25329626,0.29065692,-0.74521173,-0.2477945,0.28138216,0.74642196],
[6.72564291,-10.25137581,11.26377255,-9.23342328,6.86718779,-0.13099585,-0.19105859,-1.23988,0.06544691,-1.11295447,-0.28806702,1.01196063,0.62806403,-1.47136198,-0.58839481,-0.1770722,-0.80309048,-1.07470188,0.35969327],
[-0.53122437,-0.08541672,-0.99531464,0.67894023,-0.78165919,0.57532406,-0.2047809,-0.58900417,-0.37738924,1.84834527,-0.72381708,-0.24328224,-0.4214539,-2.53747044,1.65717774,1.84885294,0.05174612,0.53224391,-0.4676161],
[0.81033461,-0.50159828,-0.25225399,-0.08834183,0.41887914,0.15520395,-0.24892313,-0.89569167,-1.02396297,0.01481284,-2.33313968,-0.40972669,0.58562963,-0.77954195,-2.61936741,-2.37869464,-0.0163975,0.38856523,0.18820865],
[-0.99274584,-0.22889915,-0.38311989,1.83568092,-0.61372891,0.47473955,-0.16381764,0.29540822,0.35867263,-0.19943554,0.85789762,-0.13172717,1.66447876,0.18907852,-0.97762695,0.66658986,-0.07810797,1.65413399,-0.97571339],
[0.40504479,-0.86039777,-0.44704239,-1.48129509,-1.00704911,1.28730706,-1.17963621,0.01237588,-0.61396951,-1.2645133,-0.85581336,-1.90351255,-1.97419132,0.10758927,-0.89660814,0.18324598,1.00565398,-0.10988576,0.84489458],
[9.70515939e-01,4.01403577e-01,1.98407290e+00,1.14039857e-01,2.01737729e+00,-1.09671114e+00,-1.07278311e+00,-3.32370008e-01,-3.71333265e-01,-3.20429691e-03,-1.84579518e+00,-4.45801861e-01,2.10015829e-01,-8.12162852e-02,-1.16048943e-04,-6.65824795e-01,2.24761669e+00,-9.70474940e-01,-5.18148208e-01],
[-1.31873096,-0.46077209,0.58400308,1.85672233,-2.14370732,-1.59906539,1.07535164,-0.96759524,-0.142453,1.01047681,0.57152333,2.21859905,-1.03175958,-0.0985473,1.67050781,-0.87951128,0.56105369,0.69151874,-0.20851638],
[1.51083759,1.42212293,0.71141352,0.07724232,-1.63788729,-0.99846422,-1.06237304,-0.94673055,-0.82205524,-0.84189509,0.6328989,0.52703181,1.15205942,-1.33218204,-0.20444588,-1.25989879,0.61103458,0.42233153,-1.38970233],
[-0.95936598,0.93247772,-0.01858789,0.59570744,0.74866851,0.102513,-0.96718533,0.95924993,-1.51768561,1.51861531,0.52660185,-0.86295876,1.38088393,1.38407431,-0.1986012,-0.19224718,1.18636787,-1.22378236,0.12820042],
[0.72364084,0.14315507,-0.66094918,-1.52354952,-0.86560879,-0.85835025,-1.91384902,1.24032473,0.14307991,0.86799111,-2.04130983,-0.36075127,0.13315833,-0.18784092,0.95381477,-0.22373367,-1.7463806,-1.15735699,0.81505464],
[0.8535099,0.90252469,1.04996322,-0.32943358,0.52568207,0.85449304,0.45367236,-0.25435209,-0.81846334,-0.72976876,0.80838945,1.04581064,-0.14284139,1.46763488,-0.53482966,-2.26774717,-0.80487014,0.26264949,-2.32671],
[1.58066909,0.65491466,-1.30514281,-0.72461357,1.11933505,-0.19181047,-0.238847,0.32437445,-1.08489143,0.29017253,0.99574635,0.83004493,-0.01514463,-0.69570929,-1.9948627,0.03802753,-0.49124616,-2.70325082,-0.15002664],
[-1.17157408,0.87097863,1.98856734,-0.1631504,-3.32157533,0.83744336,-1.18460764,2.2033299,-0.88481721,1.62651047,0.39928149,0.03820167,-1.71509685,-2.25584952,-0.42607959,0.42574631,-0.2232836,0.08153911,-0.30851929],
[1.74101481,-1.69712442,-1.57138305,-0.18264604,0.49544658,-0.36832121,0.88494731,1.00790003,0.01556764,-0.34041182,0.36098945,0.3156199,-0.4500186,0.42760488,0.4534032,1.73640539,1.28520177,1.44740517,-0.08204327],
[0.63087003,-0.53813939,0.90817544,1.01662498,-0.65038021,0.80870371,-0.90073443,0.63168704,0.41597341,2.70953008,-1.55654997,-0.59691597,0.46832884,1.69649237,-0.88789099,-0.29032637,-0.08797149,-1.13564646,0.01230969],
[-0.52088697,-0.17492208,0.27792013,-0.1962543,1.69186503,-0.9148541,1.23491196,-2.3101576,-0.76318477,1.14935773,0.044167,-0.18610532,-1.75994919,0.60066378,-0.16983847,0.43244314,0.10178531,2.4350881,2.18879756],
[2.24234479,0.27964124,1.2719616,-0.86217687,0.08547453,-1.30923947,-1.11671841,2.62676132,2.04569472,0.50888008,-0.76010467,0.21052483,-0.1159197,-1.18650365,1.31471711,0.71225617,-0.38140319,0.96910913,-1.27972444],
[-0.16347353,-0.28718247,0.84804927,-0.0347562,0.21955847,-0.10597943,-0.11912842,-0.2677571,0.57238418,-0.64425669,-0.48987383,2.18188124,1.49491319,1.10667165,0.36730372,0.61721967,0.8157233,0.19826823,1.20963145],
[0.67660296,-0.37687091,0.38868208,0.539928,1.87580134,1.84486409,0.34130456,-1.30988017,-0.34037653,-0.73143313,-0.54020921,-0.66426697,0.31736292,0.76388002,1.24536808,0.43630601,0.04155871,0.89164006,0.24928421],
[-1.18224997,0.5406923,0.7914012,-0.0545998,-0.40946282,1.37497317,0.17701823,0.55615856,-1.83106922,1.12690185,-0.69516844,-2.2322847,1.4533492,-0.42239719,-0.89198763,1.22257207,-1.2072467,-2.61845269,1.85909072],
[1.10569298,-0.94977322,-0.63623726,-0.10099802,-1.20814798,-0.38166788,-0.73036477,-0.17030864,0.17411029,0.91616115,-0.37894443,0.5053183,-0.47254353,-0.52061849,0.01951064,0.9866825,-2.66331735,-0.18382273,-0.17939601],
[0.21230329,-1.77031943,-1.02840789,0.37092842,0.7312271,-0.62336169,-0.80978929,-0.90533623,0.90722297,-0.58582076,-2.5157375,-0.802229,-0.43173637,-0.45805582,1.20121185,-0.55719147,0.21348576,-0.02982263,1.67647661],
[0.03296726,0.09353143,-1.38475869,-0.10534259,-0.0739297,0.56132916,-0.09399536,0.61378149,1.3816522,0.52426902,1.1385678,-1.01692369,0.32198801,0.80136847,1.13967836,-1.57318102,-1.42206656,-0.38045285,-0.47711741],
[-0.75589532,0.19007501,-0.27773187,0.37363606,0.27984885,-1.37728689,-0.53109042,-1.4343563,2.0846849,-0.16125923,-0.27630531,0.16413764,0.63556849,-1.70685395,0.66882337,-1.60200939,-1.16199972,-0.58665603,-0.03219488],
[1.06102634,-1.27401491,-0.12522651,0.42541589,1.04420135,0.43616275,0.02437087,-0.05915874,0.99282056,0.89016653,1.17914409,0.68888297,-1.33102708,-1.05300959,1.62421137,0.63856712,2.28094066,0.2458502,0.54635238],
[-0.44228148,-0.19180115,-0.30106885,1.22495388,0.35584621,0.93466901,0.0394306,-1.74711185,0.03400672,-1.78985344,1.25339532,-1.2630451,1.75680348,0.17990924,-0.68319764,0.01531066,0.86739655,0.06523598,-2.14228506],
[-0.41508989,-0.37673715,-1.16460139,0.58994942,-0.41080547,-0.46773141,0.73650379,1.24316395,2.1327345,0.99185739,0.11425932,-0.10056567,-1.37802822,0.8408277,-0.90097124,0.98166594,0.95581921,-0.19126668,0.21183851],
[-1.52803253,-1.5155563,0.68446255,-0.47954062,-0.64141836,-0.32097104,-0.43209166,0.79589214,-1.54101042,0.77306751,-0.16281033,-2.09969138,-1.42375999,-1.19949214,0.54295569,0.56502418,-0.32644592,-0.07833599,0.52607592],
[-0.04493667,0.87836008,-0.59812404,-0.27900391,-0.1662151,0.54907787,1.1248222,0.72892012,0.18482971,1.24541061,-1.02343571,1.10411113,0.71879812,0.60712143,0.86213418,-2.052957,-0.36162043,-0.69103706,0.17521041],
[0.97857633,-0.07428265,0.46195887,-2.68373617,0.17029028,-0.26446647,-0.50910198,0.93593949,0.87670691,0.56342759,-1.66653441,-0.6517473,0.71604728,-0.89310222,0.15780205,-1.22602045,1.5299897,-0.97633627,-1.48590917],
[-0.00338731,-0.91379231,0.13440928,-2.09700804,1.2598925,0.09564682,0.0647819,-1.33166632,0.4679904,0.87628709,-1.05344586,-0.75713612,1.09615016,0.0475438,0.95554918,0.28227821,-0.79547544,0.65000045,0.79884291],
[-0.81540691,0.13015689,0.13771784,0.93412293,-0.29386557,0.60500148,-0.62665063,2.1559799,-0.01772857,0.4548153,0.21861836,-0.55375295,0.89541249,-0.52893398,0.71661258,0.17578386,1.26890712,-0.15885262,-1.2361598],
[11.36370931,11.15268174,9.98272561,9.64376524,12.03777314,0.35726961,-0.22543552,-1.53122264,0.10948185,-0.63787353,-0.25071794,1.39153788,-0.97328927,0.3125693,1.48623267,0.6186324,0.11330137,0.46356048,1.11506004],
[12.25316365,-9.9202526,-11.12436418,-11.56224603,7.9688665,-0.39215142,-0.83576749,-0.0722915,-0.52809198,0.94875014,-1.38499172,-0.46310554,-1.43886115,0.13893828,-1.52475925,1.66098575,-3.63363091,-1.06519297,-0.22710596],
[1.08770352,-0.47891158,1.17339933,-1.39801644,-0.94813761,-0.2436824,0.61381034,-1.96401871,0.39123304,-0.66647278,-0.3501533,-3.12620221,-0.91338019,-0.20165654,-0.01064313,0.76770665,1.19984929,0.01650247,-0.3541772],
[-9.2632975,-7.36879853,-9.09247021,9.26265952,-11.59290599,0.99893961,1.14827438,-0.05418969,-0.06135191,1.6543603,-0.23103719,-0.02446747,0.71189459,-0.35726732,-0.51463074,-0.72193872,-0.38488301,0.43189693,0.08116675],
[-0.59794925,-0.43833642,-0.49482762,2.08782305,-0.47832042,-0.24377371,-0.18774028,0.86159288,0.05921785,-0.81835961,1.05241782,-2.23921097,-0.15570297,1.28182468,0.31079779,1.52609462,0.81253829,1.04520629,0.85334603],
[0.22605342,-0.72871111,-0.91256725,0.99956489,0.26773569,0.67380651,-0.64605561,-1.74486309,-0.56459316,-0.76094427,-1.52792623,0.56055952,-1.00112149,-2.4369684,0.25615538,-1.35257198,-0.7578382,0.34961983,0.18489472],
[-1.37427801,0.23197616,0.79062709,1.50209797,-0.09889343,0.01094209,-0.26144906,0.03776932,-0.68250221,-1.09704296,-0.62578929,0.9398508,0.95524795,0.86316266,-0.17905911,-0.75035835,-0.86967254,-0.93376302,1.01287788],
[-0.25786205,-0.33417234,0.12380575,0.35331126,-0.19371379,-0.14091607,1.34621365,-0.66884533,1.42775291,-0.41062044,-0.7005835,0.03380866,-1.47775578,-0.95392819,-1.27286888,1.91742836,-0.99223091,-0.91571205,-1.86122656],
[0.94973274,0.10366741,-0.72405709,0.55274979,-0.17836445,-0.16457728,1.57860113,-0.32281667,0.89658295,-0.03060276,-0.09888521,0.29103879,-0.59486185,0.79588042,0.26186934,1.99822593,-0.98414396,-0.0928883,-0.04654195],
[1.07682311,0.86299258,-1.02015067,-0.24629867,0.66986457,0.55215612,-0.16647975,-0.44748009,0.40562147,1.4648689,0.13588781,0.43759558,2.22215289,0.60989112,0.18456319,-0.47800637,-0.06092776,-1.08191899,0.10314491],
[-0.82258083,-0.54672521,-0.40929507,0.96378577,0.18817009,0.38510264,0.54647575,-1.99040522,1.39377307,-0.53828972,0.23588093,0.8090054,0.8827688,0.82849303,0.66921146,-0.15609091,-1.38034585,-0.09991482,0.79352016],
[9.37028601,9.05083258,-12.34881481,10.15228815,11.17127639,0.8623458,-0.25864721,-1.44823659,-1.40994124,-0.25037993,0.12560171,0.57017622,-0.27342943,-0.4698752,0.20806252,0.69616784,-1.47176791,-0.42721829,0.49425205],
[11.51564657,8.59811217,9.27956376,-11.40763646,-9.96116581,-0.58855961,-1.01963527,0.37052953,2.0037818,1.04709489,0.05306529,-2.08572588,-1.38100756,-1.26243471,0.50441305,2.47490447,0.17221882,0.87437259,1.08343763],
[-0.05143713,-1.87073254,-1.14950501,1.519279,0.53788604,-1.02790254,0.81042975,-0.0254491,-1.03605523,-2.02049837,-0.37149736,0.42141805,0.11887935,-0.10453003,1.20274101,1.03772213,2.01005617,0.37573366,0.3639869],
[2.28837108,-0.81103022,-0.52687383,0.18524134,0.45665694,0.24681622,0.65183176,1.37558964,0.7218762,-2.05507716,0.10202693,-1.0474763,0.15912954,0.22175221,-1.18506639,-0.58647416,-0.23326722,-0.4679148,0.86167939],
[0.38143043,1.12395201,-2.14751706,-0.88392315,0.70281529,-0.44415671,-0.37818119,0.65992599,0.08470134,-0.84933327,-0.84306386,-0.38007069,0.30347877,0.65079209,1.37050117,-1.05327371,-0.38278538,0.06134369,0.56289496],
[-7.34135833,-11.18080146,11.68203055,-10.67899464,-10.17987045,1.14807877,0.70828574,-1.22169688,0.21127664,-0.24164875,-1.02606362,0.75126032,0.48569765,-0.85074222,-0.73459883,-1.66813137,-0.09435175,-0.76654678,-0.63597105],
[-1.77201647,-0.36236373,-0.5003926,-0.06327397,-0.36977858,0.16346008,-0.29505744,-0.32710328,0.53440032,-0.91149692,-0.23639597,0.78203296,0.01774322,0.10045244,0.72816863,-0.76718243,-0.95528397,1.15944638,0.31720269],
[-3.00035363e-01,-9.54428656e-02,5.64937381e-04,5.21532718e-01,-1.88307255e-01,-1.84716489e+00,-4.33928983e-01,-2.00127886e+00,-8.28931601e-01,-6.25114831e-02,-1.90359761e+00,-5.75843197e-01,-6.50988699e-01,-1.56337391e+00,-4.73860003e-01,-2.33153910e+00,1.04563574e-02,-2.30569783e+00,-9.20258413e-01],
[-0.60533364,-2.18955437,-1.68419032,0.3594724,-0.72748416,-0.87871943,0.82135571,-0.77698206,-0.07213132,-0.89173985,0.16941811,0.60728351,0.751056,-1.39700165,0.33221123,0.92588606,-0.7717633,-1.71763158,-0.48490005],
[-1.05006289,1.83346592,-0.18992367,-0.41302131,-0.72229785,0.53377595,-0.50103388,2.25674823,-0.33275578,-1.66006209,-0.27956442,-1.10100057,-0.09903074,0.81622422,-0.30242391,0.333576,-1.40500205,-1.46271411,0.69744822],
[-0.15543598,-2.32482979,0.9798745,-0.04907386,1.04624858,-0.56659723,-1.95205386,0.22473924,-0.75736666,-0.2948064,-0.73857064,0.65493999,0.74528092,1.27623354,0.24988564,-0.70073211,-0.65802168,-0.34345655,0.32522434],
[0.80979009,0.63604424,-0.15701537,0.08007052,1.20372158,-0.17990539,-1.26066073,0.37741405,1.39064572,-1.41729155,0.77866886,1.91289847,2.06586653,1.23959241,-0.62910797,0.71711791,0.9663421,-0.85430853,-1.02563477],
[-1.96619964,-0.04574973,-1.45101925,-0.10884002,-0.67228201,0.91485946,1.21549529,0.07065396,0.53379863,0.19718822,-0.26765727,-0.11225049,-0.68897538,0.19290176,1.36922727,-1.15476355,0.58204417,0.4120286,-0.12844755],
[9.4246493,-10.3059864,-9.09216455,-9.44444603,10.48635649,-0.95950887,0.08103698,-0.58019853,-1.29962833,-0.56693589,-2.14772026,-0.27034354,-0.27213483,0.875927,-1.41255417,1.06194729,1.29003043,1.30594594,1.20038791],
[-0.2338876,1.07160461,1.2802305,0.64276286,-1.04008313,0.26776554,-0.69051185,1.09204579,0.34338175,0.31422709,-1.89851337,2.03801242,-0.9371984,-0.8837876,0.78538649,1.17954048,0.11001719,0.92019112,0.70321776],
[-0.08479982,-0.33497844,0.35247716,1.62256219,-1.10764108,-0.12530071,1.78674338,1.10746699,-0.9205614,0.99550917,0.09683091,-0.7591905,-0.95411171,-1.75637051,1.49330705,-1.70957535,-2.01049277,-0.42735434,1.57627594],
[-1.64838989,-0.18249519,-0.38897226,0.00417462,0.49559303,-2.32527118,0.11203888,-0.32262684,-0.70837446,-0.25163419,1.82191442,2.25693335,1.01421324,0.80881011,-1.23616926,0.42145796,-0.59665297,-1.15969052,1.96092777],
[-1.07451064,-0.40082456,0.01871964,-0.33205697,0.01807801,-0.09242372,0.48017485,1.62637843,0.05294843,-0.50895331,-0.26054711,0.1910353,0.00560714,-1.96783956,-0.23533021,0.53544573,-0.38317848,-0.69624911,-0.10159385],
[0.30454632,-0.36860514,-0.4332738,-0.31486706,-0.91597041,0.50941144,0.53140613,1.27969083,1.784233,-0.38633493,-2.47539068,-0.31267747,-0.49760424,0.14084485,0.18904506,-0.67702913,-0.25181815,0.21232249,0.61924809],
[-0.87101533,-0.17393077,0.3965767,-1.05499709,1.15699105,1.04986631,-0.45196313,1.62343608,0.47074679,0.63220007,0.46265139,0.00511353,-1.13850306,0.12668741,-0.74083925,-0.21105736,-0.97105086,0.48896591,-0.13616684],
[-0.11769709,-0.32895256,0.65589579,0.49684745,0.14355773,0.91527816,-0.45778662,0.22458605,0.04669789,1.15323317,-0.802875,0.67620687,-1.08346387,-0.12209139,-0.56528021,-0.08419584,0.68340094,0.3812494,-1.28532127],
[0.42101017,-1.01382821,-0.08029246,0.0023682,-0.44055129,-0.20707565,0.03534125,0.50856963,2.08518235,0.11570596,-0.18831898,0.93134906,-1.39656728,-0.19878581,-1.37834544,-0.05613544,-0.58162981,2.03043018,0.89429178],
[0.97458552,-0.29253768,-0.60281948,2.5219958,-1.77204102,0.27732688,-0.39740311,-0.52872385,0.24237076,1.28852597,-1.10997373,0.25860319,1.12999589,0.07483414,-1.69910282,-1.59287231,-1.2515677,-1.53004565,-0.65200012],
[-0.97970493,2.08673731,-0.86625556,-0.78978214,0.36209192,0.37712008,1.04293653,1.43527806,-0.42987103,0.90768456,-1.36015941,0.90403711,-1.28143847,0.23071378,-1.34535877,-0.48213607,0.93465698,-0.70125912,2.44024658],
[2.04322689,-0.89161828,0.82766688,0.89963939,-1.18958311,-1.05690431,1.25337522,0.90816692,1.46135591,-0.35342828,-0.75979012,-0.16947688,-0.47402561,-0.74277739,0.41191541,-0.19144929,-2.98330831,1.28873971,1.62367111],
[-0.05398425,-1.30147246,0.17435523,0.43686436,1.30087151,0.08611741,-0.87673357,-1.30819234,-2.71181995,0.73339413,0.86169145,0.1299879,2.24132909,-0.0339778,0.48279831,-0.33752064,1.64161119,-0.59460499,-0.29828735],
[8.94134556e-01,-1.07681958e+00,9.43156450e-01,-1.01678685e+00,-1.80988152e+00,-2.23612098e-01,-3.45762353e-01,6.34124619e-01,4.37781569e-01,-1.05192588e-01,-4.23416527e-01,-7.36575544e-01,-8.99923713e-02,1.31509785e+00,3.33136374e-01,-1.00121164e-03,-6.03663041e-01,1.28850657e+00,-6.73807076e-01],
[-1.14320492,0.7053597,-0.75126912,-0.80014749,-1.26408622,-0.31210796,-0.82290266,-0.39172347,1.53800748,1.49849589,0.16036942,0.07155489,0.84636188,-1.46268956,-0.0201387,0.65702866,0.819466,-0.5368318,1.52882554],
[1.26064847,0.00287396,-1.73670085,-0.95135426,0.46424033,1.90344876,0.30823577,0.01392754,0.35603324,0.80756088,0.39059525,0.68448211,-0.26990659,0.92341358,-0.27932204,1.68373365,0.60022302,-0.26859116,-1.03867193],
[1.15491205,-0.72154573,-0.19812565,-0.06820273,-0.18565287,-0.16023344,0.9657683,0.30457472,-0.91763557,-1.47329209,0.63177989,0.26367784,0.14804891,-0.92975703,0.25977946,-0.33321143,-0.14443513,0.12535139,-0.4397615],
[-0.94198151,0.19795991,-0.97384705,0.36552412,0.93739354,-0.83433189,-0.41000408,1.0000903,-0.75558481,0.86072267,0.58692954,-0.30193086,1.01282761,-0.15663206,0.31535479,-0.32774496,-0.13676762,-1.07622912,-0.73417615],
[-0.45021427,-0.75034541,-0.65351783,0.2362836,-1.64852082,-0.15569937,-0.56007228,-0.4413317,0.64889622,0.06253367,0.25944381,0.68856933,-0.16428731,2.0025827,-0.48185611,-0.67424745,0.87476417,0.75071832,-1.33972037],
[-1.03430835,-1.47377145,1.14014911,0.37276425,1.32359403,-0.15876143,0.18626776,0.51111126,0.28023614,0.14908477,1.09210072,-0.57122791,0.90402606,-0.57879307,-0.38546012,-0.18239955,-0.55638831,-1.32260514,-1.05331093],
[-10.70946347,9.49194537,-13.66111804,11.30006804,-11.3742823,1.56624171,-0.76455262,0.09985512,0.69929239,1.77154277,0.23848439,0.56176767,1.43784454,1.09224781,1.89675148,0.70410633,-0.70176985,-1.19158713,-0.40631448],
[-0.69413797,1.21148051,1.6930472,-0.68960948,1.12646103,-0.62840385,0.74426448,-0.21895753,-0.78266405,-1.34150071,-0.72122374,-1.42722806,-1.61878461,-0.2055137,-2.15001577,-0.27630862,0.63321746,0.67458423,-0.22782251],
[0.44438881,0.24135988,-0.94115664,0.14130172,-0.74306953,-0.62254702,-0.49767888,2.52443871,0.39742171,-1.30219686,0.39640635,-0.29141886,0.04347782,0.62907332,1.17095318,0.50613662,-0.33934963,-1.09438641,-2.04923385],
[-0.73089881,1.16547309,0.02296656,-0.11880103,0.68004013,-0.46188478,0.77477596,0.16928411,0.41315608,-0.06634282,0.17919818,-1.1590245,-1.35473423,0.28638979,-0.36036037,0.91798352,1.06603462,-0.24098567,2.2969078],
[0.26958821,-0.54147306,-0.35300074,-0.63990857,0.68358537,0.16664433,0.29591197,1.45117207,0.76817063,1.8399565,-0.26671582,1.98384861,-0.28179811,1.0783063,-0.275355,-0.68942906,-0.44971212,-0.46823897,-0.95232705],
[0.82057935,-1.61633281,0.11801751,-0.03349174,0.18440721,-0.73178364,-0.16827722,-0.772804,-0.72216472,0.33375338,1.30713308,0.53660028,-0.02278608,-0.93294973,0.45558255,-0.59326935,-0.87512056,1.2623579,-1.27134264],
[-1.52351863,1.24979786,-1.06493443,-0.58248313,0.41398337,0.56156879,-0.88952675,0.00807558,1.23921241,-0.94065175,-0.91876419,2.04337292,0.84933504,-0.04093943,0.48446355,0.25226361,-0.60080925,-1.14782728,1.94723889],
[1.29176775,0.79002175,-0.22382221,-0.68414167,-0.02983788,-0.49049287,0.34551518,2.0754405,-0.0713131,2.45760059,-1.23272465,1.45383601,-1.7481121,-0.32045243,-0.33982113,-0.44425729,-0.51543689,-0.00980216,-0.99004683],
[0.3344586,0.91392974,-0.53058154,-1.30192198,-0.96203562,0.2546807,0.11384318,1.2390303,-0.41909756,0.78849555,-1.53082959,0.70320281,0.23101949,-0.23765221,-0.84702339,-0.99959872,-0.38958184,-0.88099104,0.71055853],
[-0.35131907,-1.1113662,-0.53445145,0.13145598,-1.79699791,0.49774014,-1.44119168,1.19945739,0.27434689,0.6897517,0.26576244,-0.1057905,-0.49521349,-0.13760118,-0.24783726,-3.03479708,0.44013839,-0.35943199,-1.36066099],
[-1.16068118,-0.04112903,0.36435047,0.16983011,-1.22355281,1.80620892,0.28327608,0.14259731,1.08922973,1.71895673,0.56272135,-1.92989391,-0.39296591,-0.0465793,-0.74363982,-0.13256351,1.80226853,0.39946048,-0.56785687],
[-0.79064913,-0.60664003,0.24428581,0.92325695,1.50747136,-2.30275415,-0.59733776,1.04871906,0.38179076,0.33496846,-0.77808247,0.55914145,1.97222893,0.50968861,0.07233556,-0.60704191,-0.04455831,-0.94992249,-0.99432615],
[-0.48755224,1.8830773,-0.71661073,0.15250064,-1.27356618,1.91685147,-1.00509683,0.74324901,0.12812775,-0.30418624,0.43184897,-0.8821908,0.09852409,-0.18900469,0.48833461,-1.05824234,0.03639739,-0.2730635,0.31966871],
[-0.23390403,1.1137709,0.47576038,-0.20472704,-1.00434641,-0.12362059,0.87515933,1.28008353,1.72178088,-1.02851505,0.41240591,0.8435519,0.5535815,0.71789141,-0.92018452,-0.19863286,0.57376646,-1.51710596,-0.08486434],
[-9.28614813,-9.56305938,-8.16767828,11.03767685,-8.79663633,0.90232765,2.03303557,-1.85291377,0.7374842,-2.23708412,0.38313972,1.35235526,0.42147174,1.624185,1.80160471,0.59785254,-0.8226804,-0.24693603,0.93380708],
[0.2721834,1.09651667,-0.12135483,2.37504033,-0.7015849,-0.49249528,-1.61565925,2.12170698,-0.30659648,0.20713104,-0.7695965,0.93046141,-0.12948743,4.18463251,1.36827749,0.54012782,-1.56028258,1.00638011,1.34024621],
[0.50865553,-1.4525305,-1.09693651,-0.45164686,0.8289982,-2.4524774,-0.21177574,0.72253807,0.55870632,-0.20384394,-1.37514743,-0.50614879,-1.30392062,-0.86418985,1.68474767,-0.90602941,-0.51975146,0.46079877,0.25678961],
[0.18604364,-0.23054462,0.98465541,-0.92799677,0.67564745,-1.28149214,-0.52454811,0.29815235,-1.47880528,0.50479904,-0.70187362,0.38503194,1.44914771,-0.8535167,-0.94058142,0.58346079,-0.70777337,-1.20626383,0.56833218],
[-0.2821684,-1.4097928,0.96081474,1.38350073,-0.18593479,-0.19983698,-1.25275206,-0.19361928,0.27004186,-0.16096842,-0.10467404,-1.05010607,-0.02551051,-1.51141668,1.79716682,-1.66413219,0.44736425,0.07620508,0.1010746],
[-1.4382418,-0.12709107,0.24528162,-1.61600177,-0.58333705,-1.35833635,-0.48307874,0.1632385,0.01717794,1.44764796,-1.25772824,2.05807329,0.6884505,1.24738093,-1.28197368,-1.40340471,0.94252675,-0.14255051,-0.94203282],
[-0.59637014,-1.28109304,1.73665999,0.33403813,-0.66220409,-0.11435412,-0.33729818,1.74875276,-0.40446869,-1.52247153,-1.51224288,-0.17197807,1.59523265,1.99358456,0.037594,0.16225752,1.04744653,1.51921211,-0.68913199],
[-0.66371937,-2.07377261,2.38690454,-0.49453346,-0.56853821,-0.66414759,1.2575317,0.3681904,0.37008022,-0.87880207,-1.51330721,0.51773997,0.99816865,-0.37647662,-0.92390824,-1.15205136,0.07239783,-2.43460717,-1.25995391],
[0.39998698,1.78297321,0.90171998,2.16560435,0.21647105,-0.78292379,-0.89400033,0.03964756,1.95497831,-0.0218391,0.32585569,-0.41573976,1.90884273,-0.25123792,-1.66276297,0.41818302,1.36610257,0.97514928,-1.65847156],
[-0.86721226,-0.59525369,1.01042614,-1.43468576,-0.40166294,0.50993509,1.31171468,0.45502469,0.54438716,-0.1804084,-2.08263255,1.34513322,-0.6898988,1.33667186,0.69098652,-0.00210884,-0.0799125,-0.45788858,-1.86368796],
[0.39981196,-0.36324889,0.11925373,0.92618301,-1.59974242,1.31843042,1.18212257,0.43925603,-0.14555657,0.32356821,-0.66546826,0.3069886,-0.69892572,-0.7597335,-0.48955011,0.71894468,0.56477705,-0.3616219,-0.39370955],
[-0.32880111,0.48969132,-0.49825502,-0.46914096,1.16996072,0.67572414,0.81917432,1.25527284,1.84725173,0.49977993,0.39919764,0.83447162,0.20371732,0.39690429,0.18709578,0.80378083,-0.71564577,-0.70310419,0.83501813],
[0.93504482,1.74209705,-1.60515935,1.31262515,0.59386182,-0.44496028,-1.53052407,-0.29383281,0.02249456,0.79733427,0.14700695,1.07497114,0.45811256,-0.33935628,-0.54241761,-0.45695593,-0.53895245,-1.45464669,-1.48977467],
[-9.47882031,-11.23946488,-10.22701223,-11.26804471,8.78879685,0.46001493,1.54356502,1.97973364,0.30559441,-0.05381345,0.57125818,1.07332143,-1.21826425,1.4858832,1.20664641,0.43375974,1.41348355,-1.03826093,0.11578468],
[1.57066066,0.12836839,1.15624858,0.62255678,-0.05367441,-1.03082859,-2.03197835,0.92513921,0.12852013,-0.6506915,-1.16390234,2.12304075,0.1039036,0.25965055,-0.41671462,-0.2600571,-0.1666298,1.21495822,0.08002103],
[-1.35256515,1.09320825,-0.74573756,0.99429365,0.50522386,1.16218634,-1.62231905,-0.13325431,-1.62932912,-2.44104155,1.75449623,0.5580734,0.07945208,1.01618371,-1.01234633,0.13083961,-1.11438049,-0.62124569,0.10316423],
[-0.49604152,-1.53704926,-1.59286364,1.86275993,1.25433268,-2.49384908,-0.28370122,-0.21829944,-1.05476456,1.00745095,-0.25688187,-1.12198275,0.08174573,0.23515561,-0.05159402,-0.07502045,-0.48462685,0.18292306,-1.8685067],
[0.11014433,0.08886267,2.22280838,0.02041862,-0.05076421,-1.66256053,0.67723911,-0.1572168,0.24356464,0.84732385,-0.0166963,0.6132906,0.28047472,-0.03392412,0.24837025,-1.77067342,-0.34682091,0.22474878,-1.57988443],
[1.18247573,-0.08628026,-2.33974117,-0.41597125,-0.66797066,0.60831113,0.41230797,-0.96547257,1.66106972,-1.0802083,-0.24148641,-1.4341216,-1.17791106,-0.2350064,0.33345277,-1.08888548,0.4785734,-0.14146873,-0.02010088],
[-0.95673229,-1.13309752,-0.17362685,0.78902799,-1.37587138,0.35727419,-0.20693801,-1.3346701,1.19958217,-0.43269961,-1.48109359,-0.56680227,0.79879612,0.24392572,0.77701177,0.13065592,0.69590375,1.06290938,0.34737507],
[-0.82631226,-1.49330433,-1.17843541,-0.45146428,0.52482464,-0.10750139,-0.06898058,-0.43084718,0.02140006,-0.99552265,0.71720876,0.91126362,1.00990558,-0.5963486,1.03499551,-1.65118707,0.82613936,-0.30623253,-0.91639912],
[0.31389005,1.93387377,-0.24408077,1.09848985,-0.69280687,0.26166957,-0.08931428,-0.18294375,1.24451989,-1.83032335,-0.67575394,0.96149086,-0.01070912,1.78005711,-1.66622557,-1.40067239,0.00409802,-1.12401093,0.12943248],
[-0.16342362,-0.64781288,0.39482946,0.90736434,-1.24628989,-0.18417103,-2.06473976,-0.28054633,-1.22231107,-0.85932392,-0.09289816,-1.5811469,-0.18866897,0.40622865,-0.61312526,-0.07379178,-0.41628296,0.04968457,0.6285522],
[0.74860075,-0.79127913,-1.8718241,-1.09126912,-0.78070431,-0.72071577,-0.49209889,0.08840874,1.32528152,-0.54300887,1.4448273,-0.67680133,2.09459551,0.74242334,-1.07952146,0.04479472,-0.48050337,1.39806281,0.02923186],
[8.29897829,11.6452517,-9.75415017,-9.29254553,11.85243019,-0.45501489,0.48968127,1.16298925,-0.52165467,0.47815901,-0.98380418,-0.29654763,-0.12261486,1.11557717,-0.48918776,0.18943318,-1.26738643,-0.72250032,1.61473738],
[-1.03673623,0.11592123,0.5321922,-0.06443163,0.38830779,-0.91711492,-1.84956102,-0.00997905,0.26496736,-0.13001293,-0.58139781,-1.6787789,-0.35668828,-0.93535508,0.70708267,-1.66663629,1.1796388,-0.63140229,0.78341175],
[-0.64199198,-0.43581363,-1.7064707,0.11696174,-1.63250959,-0.16093948,-0.08666598,1.09230369,-0.07419437,0.62789118,-0.10462285,-0.58743599,-0.81222298,-1.63910942,-1.89800594,-0.72351138,0.55956259,0.89818829,2.77957448],
[0.74415301,-0.97347369,-0.52663123,-0.03098524,-2.2375364,0.6705538,-1.24986774,-0.47371791,-0.42405139,0.09046625,0.15086431,0.16741116,0.70988053,-0.84598221,0.22368841,-1.11974794,-0.0935601,0.7136312,-1.2094751],
[-2.16775616,-0.20649324,-0.66237928,0.43744057,0.22896591,0.30299547,0.39075025,1.63587239,-1.7485126,1.71770121,-0.03507111,-1.17228999,1.63700441,-0.48661137,-1.98453902,0.32742359,-0.14227214,0.51823795,0.04257806],
[-0.10038492,0.35451387,-0.33253151,-0.22050133,-1.28469624,1.3167422,2.15995628,-2.00771953,-0.09424879,-1.4260247,1.37595444,0.10307177,0.30046681,0.74880305,-0.0492926,-1.47646677,-0.44794224,-1.74482128,-0.1308579],
[1.7792344,0.94055341,1.46426482,0.99375685,-0.15668115,0.86979705,-1.81708517,0.29197457,-0.05326248,0.18781079,-0.58685023,-1.44778753,0.83130392,-0.79798337,0.55133287,-0.20120236,1.25479397,-0.83905932,-1.01405597],
[0.24857334,-0.20536414,-2.24014125,0.26155813,-1.33406444,0.05001958,0.5807731,2.40715952,-0.23898444,0.82356733,0.38786187,1.26631014,-0.61935309,-0.12460889,1.12139417,0.49145296,0.29005552,1.47598934,0.24001954],
[-1.46076811,1.18526895,0.76907079,0.30937547,-0.99267468,0.02748718,0.96867459,1.38946107,-0.45520186,-0.55768786,0.03186467,0.30536719,-0.97945765,1.0665375,0.56883961,1.25442185,-1.13479836,0.4419953,0.27135891],
[0.97176528,-1.27931591,0.58784586,-0.20353469,-0.93273384,1.61527675,0.1230908,-1.2377794,0.73434557,0.94977066,2.18305052,2.27051592,0.43644223,1.39793859,0.74523,0.6516422,0.61898221,1.17874732,-0.17924839],
[0.78333513,0.19521027,0.47851113,0.04693634,-1.47585092,-1.3456227,-0.01971552,-0.8022292,0.52477961,1.51457713,-1.45437393,-1.68354592,-0.08623126,-0.29348186,1.39252502,-0.04840182,-0.2475943,0.14692115,-1.40294006],
[0.58762634,0.10635415,0.24155773,1.19588449,-0.50415402,1.8864667,-1.71949462,-1.51970458,1.45283523,-0.74172608,0.83159074,-0.20099051,-1.44608429,-1.20657262,1.4158333,-0.35615093,0.84124258,0.40811706,-0.52872115],
[-0.02495304,-0.74323662,0.00858492,-0.81870275,-1.59620416,0.36902972,0.6727947,0.06077003,0.99136316,0.73052768,-1.79030949,-2.33865615,-0.60673434,0.64491511,-0.42993948,1.17054808,0.49847719,-2.41903379,0.49201421],
[-9.51895194,8.51414793,10.07075395,11.62806673,-9.46902221,0.73683487,-0.53650028,-1.73303698,-0.29518301,0.12044162,-1.53173085,-1.60016631,1.4398068,0.32682054,1.36361562,-0.07620907,1.21695846,-1.63560342,-0.92645781],
[-1.60256912,0.24515332,0.6933382,-0.44765287,-0.31268606,2.03718511,-0.68594608,-0.51282936,1.08863986,1.01618277,1.64232681,1.11684914,0.9377169,-1.00182615,0.18249565,0.46687805,-0.03699841,-0.93271951,0.75268852],
[0.51547445,2.03185439,-0.72492455,1.53024127,-0.73796786,-1.03364572,-1.36243375,0.31285522,1.40902358,-0.79204266,0.69757382,1.76143294,0.50126531,1.02494066,0.25319017,-0.71039287,2.52336147,-0.32173061,-0.38507396],
[-0.21350683,1.97568112,0.87141489,-0.38450825,0.47784079,-1.6635361,1.03320483,0.86584428,-0.68587111,0.29498301,0.17981437,2.34709334,-0.21438402,2.91153511,-2.62785985,-1.02481377,-0.10845427,0.23866849,0.38494039],
[0.25465469,-0.06535559,-0.40479896,0.74523051,0.60370283,1.42161512,0.86424533,-0.50257518,0.33500266,0.67424113,-1.5131729,0.8873833,1.01862427,0.313667,-0.98054442,0.47015028,-0.26373129,-0.04162265,0.77044866],
[-0.1867161,0.32770305,0.02306127,-0.6213861,0.9937758,-0.45139359,-1.65487077,1.45837177,-2.13413756,-1.27972723,0.2189033,1.72594927,-0.26190254,-1.7607705,-0.22368941,-0.9361848,-1.0891124,1.15669059,-1.21098504],
[-0.99264444,0.35534376,-1.30479797,0.48270442,0.13253359,0.78912695,-0.00985145,-1.42971927,-0.3432972,1.33426681,-0.21671329,1.00323183,-0.59807831,-0.59994793,0.09281138,-0.71165588,0.26138196,1.22898011,1.39688462],
[-0.62422906,-0.13960631,-0.20689928,-0.94265172,-1.18050266,0.21769942,-0.95643467,-0.37578064,-0.22191244,-1.62670295,0.36624933,-1.11781259,0.97829599,-0.208963,-0.26752685,-0.63278011,0.5250425,-1.60204339,1.58198253],
[-0.94101501,-1.01378433,0.51993129,-1.38385846,-0.16021247,1.82194786,2.49305129,-0.65237643,-0.78044862,-0.71690892,-0.23144685,-0.59315171,-2.23616707,1.53891972,0.35070655,0.53627106,-0.04536003,0.26397584,0.50716704],
[-1.78720631,0.90805363,1.34498786,-0.23731679,-0.62829284,-0.85851746,-0.06762389,0.48570862,-0.38794571,0.04657508,0.47463771,-2.39423617,-0.39551467,1.35914737,-0.92511352,-0.90778641,2.55113793,-0.41109596,1.09745919],
[-0.62670071,0.30849753,-2.73195375,0.67506119,0.09138512,-2.12048684,-0.04369478,-0.06989237,0.35407837,0.17665622,-1.47947637,-0.31679357,-0.3285192,-1.55387961,-0.36846607,-0.60260486,0.31055942,0.1575988,-0.50427735],
[-0.40214562,0.14809008,0.01215667,-0.24070024,0.28671008,-1.15427104,0.30356605,-0.75312661,-0.42628956,-0.73784987,-1.12880312,0.12337508,1.28462297,0.67947715,-1.10206536,0.04784675,-0.69503482,-0.24540292,-0.13048183],
[-0.5672799,-1.37959441,-0.08049261,-0.7946361,-1.35759488,0.19970081,0.45601652,0.32255162,-0.09028603,1.05391237,-1.41553692,1.34760013,-0.01341977,0.16781473,-1.73991344,-0.96337305,0.70668746,-0.76153009,-0.83224627],
[1.18761244,-0.36666466,-0.22528947,2.87062153,-0.42467553,-0.71764877,-0.25740115,-0.4255505,-0.36443086,0.68764742,-1.5725961,-1.64508217,-1.64328061,-1.65337264,1.45765675,1.48470246,-1.28922865,-0.86909367,-0.66876179],
[-0.74378503,1.37562327,0.17118067,0.52441727,0.44718446,-0.41848472,0.07086156,-1.10872556,0.31236958,0.59501564,0.43688503,-0.29923249,-1.25761032,0.34003987,0.49196547,-0.56323442,-0.08764543,0.33722315,-0.10141834],
[-0.08553747,1.00754055,0.60274655,0.34055553,-1.16420132,0.71296392,-0.23560586,-0.64537723,-0.47250459,-0.49762097,0.16457234,-1.08610974,-1.85345602,-0.25314117,0.40236834,0.01108878,1.80827556,0.77089153,0.62169045]]
[2.37028612e+00,1.45149717e+00,1.96313594e+00,-5.28651405e-01,2.86418168e-01,1.01539038e+00,-6.61040207e+00,-1.19369186e+01,-6.96603183e-01,7.16088263e-01,-3.74220913e-01,-2.75006335e+00,4.51695808e+00,-3.57451824e+00,6.62356718e-01,2.50985189e+00,-2.61168192e+00,2.84859457e+00,2.09198802e+00,-1.84098479e+00,-1.02782228e+00,2.22090596e+00,5.70206781e-01,2.26284667e+00,-6.29319785e-01,4.70468217e+00,1.17747925e+00,-3.07625450e+00,-1.92628819e+00,-5.24122931e-02,-4.97930105e-01,2.43321266e+00,1.99656936e+00,-3.61315618e+00,-5.42267325e+00,6.91056153e-01,-1.80815597e+00,-1.26613306e+00,6.72836703e-01,-6.03940621e+00,-1.43207258e+01,-8.56227107e-01,-5.96888141e+00,-1.34576393e+00,1.25545231e+00,3.06130129e-03,-1.29578700e+00,3.26708717e-01,7.86255948e-01,2.03653327e-01,-1.30099993e+01,-1.45810392e+01,-1.14087530e+00,2.32121944e+00,-1.68271691e-03,-7.05125078e+00,-4.54083863e+00,-2.03836140e+00,-5.05256988e+00,-1.35489959e-01,-2.09371109e+00,2.47297226e+00,-3.11239032e+00,-1.11402150e+01,7.64104264e-01,9.90606308e-01,-3.41894376e+00,-1.41537956e+00,-1.10934608e+00,9.86244992e-01,2.92449875e+00,-1.90707742e+00,1.55997488e+00,-4.65950852e-01,1.39496998e+00,6.21597394e-01,-1.47549647e+00,-3.79665983e+00,9.95109161e-02,-1.73151595e-01,-9.60905482e-01,-3.70405759e+00,7.23815862e-01,-1.01432927e+01,2.92886345e+00,-1.52606781e+00,5.70660933e-01,3.22215658e-01,-6.13733608e-01,-9.57344875e-01,8.99371043e-01,-1.96052944e+00,-3.66836265e+00,-7.13164101e-02,-9.79750165e-01,2.69763552e-01,5.49837348e-01,-5.21301034e+00,1.95603753e+00,-4.09027409e+00,-1.84503006e+00,-4.28422111e-01,-4.89070437e+00,1.03735075e+00,-1.58114936e+00,4.10285358e+00,-1.63105857e+00,1.23572381e+00,1.46068665e+00,2.46903443e+00,-1.05835684e+01,2.39048083e+00,8.24397322e-01,-2.53505107e+00,1.36031472e+00,-2.02727689e+00,-3.09071494e+00,-3.50500235e+00,4.03921084e+00,-1.06012693e+00,-4.46819531e+00,-8.62637701e+00,2.29026926e-01,-3.83583400e+00,-2.31920823e+00,-2.63040389e+00,-4.59402275e-01,5.58508248e+00,-1.94810397e+00,-6.32575799e-01,4.67863425e-01,-1.36927460e+00,3.85917177e+00,-2.52524947e+00,-1.05757817e+01,3.34354494e-01,2.87514697e+00,1.05759393e+00,2.39950115e+00,-2.63074486e-02,-6.67985838e-01,-2.48810596e+00,-2.26050087e-01,-1.49671212e+00,-4.50841400e+00,-1.56413973e+00,-4.79023719e+00,3.39812449e+00,2.27980711e+00,2.01263216e+00]