[[-1.82277761,0.05535399,0.53363111,-2.24080457,-0.23381132,1.11451152,-0.70289832,1.04269406,-1.96688034,-0.3910501,0.04279056,-0.38778494,1.49793374,-0.97181176,0.33269902,-2.31753594,-1.26690023,0.71847916,-0.64083352,0.76082406,0.81512605,-0.15844387,-1.17292995,-0.60223392,-0.13987158,0.65579797,0.87385136,0.10731072,-0.87293383],
[-1.73194222,1.29182484,-0.07838772,-1.60882368,1.52992417,-0.99477383,-0.58030012,-0.51649805,0.21758894,-0.30245983,-0.83240721,1.13112711,0.19487314,1.41430187,0.02816039,-0.4731504,-0.21357585,-0.93178916,-1.15291654,1.59336246,-0.2946256,0.71045015,-0.73036443,0.32174928,0.46385218,0.05404737,2.38676843,0.48523667,-0.96069968],
[0.9336692,1.8470687,1.21361037,0.19664477,-1.45689638,0.4090632,-1.41151088,0.93269756,0.83120257,0.45928379,0.40559515,-0.02634921,0.55007514,0.24044697,-0.0500216,-0.52904729,-1.33732623,-0.87842502,0.47344827,-0.08776356,-0.48724548,-0.51511068,0.67246571,0.36139913,0.37425508,0.07702491,-0.28173901,-0.74727016,-0.09731258],
[0.70400247,0.8066578,0.22504215,-0.78241973,0.36695843,-0.5894445,-0.57872156,1.73213671,0.39757482,1.18241929,0.70201328,0.49929746,-0.93477208,-1.5048814,-0.53185825,-3.16986371,0.4844884,1.62001484,-0.67886372,0.48624718,-0.56873979,-0.48328859,-0.04251074,-1.08414604,0.33531464,-0.75360817,-0.62835231,-1.68046449,0.55391242],
[-1.02590783e+01,1.03200805e+01,1.14061246e+01,7.21104554e+00,-9.55842346e+00,1.96913251e+00,1.82834611e-01,-6.75364971e-02,-5.61351188e-01,-4.04208103e-01,-1.25957460e-01,2.10289986e+00,6.18221624e-01,-4.56533849e-01,-5.73860103e-01,-1.16543534e+00,2.55758554e+00,1.28840229e-01,-1.80028637e+00,7.27967120e-03,-8.00899028e-01,-7.73426138e-01,1.21798616e+00,9.53134616e-01,-6.18517015e-01,5.44529608e-01,1.46861376e+00,-4.47661121e-01,-9.74211465e-01],
[0.65301848,0.69994406,-0.0560284,1.40822846,0.15506408,-0.17375708,0.52680225,-0.71222544,1.21353496,-0.8617833,0.80679274,1.54583946,0.69770924,-0.24655715,1.24125892,-0.91798785,-1.69772879,-0.18624539,1.07416038,-0.08897272,-1.42302575,-0.06340184,-0.29680862,1.32215463,0.15428091,-0.04195843,0.68783418,-1.1001628,-0.58450981],
[-0.11696653,0.62180948,0.48871477,2.15743799,1.42313497,0.53444838,-0.37583194,-1.0524094,-0.92411702,0.91466995,-0.16738097,-0.09454342,0.24666701,-0.32467491,-0.91028106,-1.00729919,-0.20264908,-1.11265095,-1.76929497,-0.0579161,0.57242301,0.08532318,-0.77754668,-0.98516148,0.0502325,1.51079857,0.0711881,-0.4818174,-0.30829643],
[-0.06676473,1.58595767,-1.32088974,-0.8298604,1.38418579,-2.78660114,0.21513948,0.33189246,2.53112164,-0.43194629,-1.79653606,-1.87608028,0.45939195,0.2141183,0.7361929,-1.06087886,-2.29057798,-0.64263064,-2.18991743,-1.55514648,0.18869998,1.35267782,0.81940126,-0.7564245,-1.87845056,0.44552996,-0.61824103,0.643546,-0.27750553],
[0.16055731,1.37793317,0.03474763,0.05231697,1.50654211,-0.00727451,1.68188668,0.27512922,-0.99421451,1.92797302,-0.1795987,-0.24361774,0.43515134,0.61133924,0.93003411,0.40597228,0.52658022,1.41877138,0.04968374,1.60228704,0.63668931,0.23798889,0.51020936,-0.18277189,-0.54394689,0.08673226,-0.26626602,1.44118375,-1.30003309],
[0.60362111,0.48009567,-0.64540597,1.43801932,-1.0419567,-1.06300765,1.2786573,0.54859499,0.95965749,1.2910543,0.22384124,0.95387736,-2.31419424,0.89463219,-1.85777893,0.36741891,0.62939518,-0.53807608,-0.43918987,-0.18423313,-0.63213089,0.82157059,-1.556504,-0.51665224,-0.15062375,-0.44618574,-1.29560953,0.92541288,-1.35209919],
[0.57283046,0.11597954,0.78991279,-1.72697816,-0.28145345,-3.09067407,0.05115927,0.03732331,0.24452521,0.65650857,-1.175964,1.36590985,0.20596468,-0.33423262,-1.17057973,-0.24550608,1.56885578,-0.35517662,-0.0553782,-0.03090038,1.30553928,-0.18158072,-0.18393753,0.51312457,-0.52078983,-0.02485786,1.04734489,-0.33796719,-0.59482462],
[0.24078409,0.80358882,0.01059025,-0.54726323,-1.18141385,-0.41218835,0.11639097,0.43984484,0.78048522,1.12376138,-1.18889833,2.54675577,-1.32653299,0.17737776,0.28195003,-0.04541979,-0.28861143,1.41236343,1.46150056,-0.71155639,-0.33100535,-1.22826689,-0.20317998,0.72190797,-0.18610457,-0.17591468,-1.35007924,-1.1489596,-0.1334432],
[10.81724775,-9.86015299,9.43973203,-9.49485172,10.06661695,-0.89752045,0.01958335,0.23727152,-2.21155081,-0.59614225,0.62993325,-2.20515008,-0.3701564,-0.04358509,-0.1322109,0.9507582,-0.7629445,0.54825762,-0.50343887,0.12593165,-1.38496603,1.71458246,0.56470417,-0.08957194,-0.58495804,-1.0355319,-0.10853796,1.02575634,-0.30313027],
[10.07400034,-9.71644094,8.78093974,-8.3116361,-11.43872278,-0.75987879,-0.12542566,0.92971619,0.09710237,0.4306601,0.62344001,1.02392703,-0.8696153,-0.67534071,-0.03304879,-0.18189579,-1.26652108,0.74834099,-0.0154954,-0.18989712,-0.12871728,1.79993482,-1.51304872,-0.91372005,-1.56180495,-0.54744935,0.8862778,0.0166791,-0.97054964],
[-8.18512210e-01,-4.11197106e-01,-1.21517611e-03,4.67846244e-02,2.87519418e-02,-2.51784516e-01,1.64969640e-01,6.78564528e-03,-3.27277726e-01,4.21686644e-01,-1.19403170e+00,1.47528550e+00,1.13956126e+00,6.90855143e-01,2.04934495e-01,2.15950246e+00,9.07342241e-01,7.11087941e-01,-1.94560452e+00,1.13910299e+00,1.75544282e+00,2.05878077e-01,1.18594078e+00,-8.14158595e-01,4.34042758e-01,3.96349329e-01,-1.34412383e+00,-5.30943558e-01,-1.25848643e+00],
[-0.54602516,0.30413351,-0.57954737,2.41885439,0.95885877,0.09674876,1.06275054,1.08662376,1.73821992,1.20560016,0.58635304,0.61318259,0.61638263,-0.50611801,-0.2137983,-0.23109935,-0.12598442,0.65611554,0.25116656,0.44283451,0.47491992,-0.13462946,1.0485494,0.87656506,2.09710177,-2.52242608,0.77380667,1.18200403,1.3879936],
[6.98109819e-01,-6.50604102e-01,-1.15760164e+00,-2.56989117e-01,-1.20295502e-01,-2.88334643e-01,2.66413377e-01,6.02694111e-01,-1.32231594e+00,1.29409627e+00,5.92560015e-01,-3.42815331e-01,1.21348551e+00,2.84797770e-01,1.05428370e-03,3.07368334e-01,4.86330910e-01,-2.67499731e+00,-1.48820335e+00,2.84577078e-01,2.08260815e-01,2.02927181e+00,1.76133227e-01,-1.03755161e+00,4.21609428e-01,-1.38219615e-02,8.18695323e-01,1.68920421e-01,2.35211195e-01],
[0.59900011,0.65810074,-0.79242664,-0.07585153,0.30116604,0.57339154,0.03720977,-0.23618005,-1.04327532,1.46074893,-0.90673353,-1.17564961,0.035651,-0.47706678,2.20365596,-1.76817274,1.25461187,0.90286304,-0.60998805,0.65781203,-0.49055344,0.18324627,0.90879484,-0.23887766,-0.20191018,-0.37137295,0.21483859,0.65196408,1.49028834],
[0.12543362,-1.47568766,1.41314622,0.71235094,-1.82341942,-1.45186205,-0.2749983,0.15267664,0.26464272,1.88033221,0.20422321,-1.7251855,-1.84535425,0.18701261,-1.1512378,-1.27637223,-1.77181893,0.1857701,-0.4916607,-0.44662506,0.43327651,0.38268496,-1.20290302,0.61526794,2.47778644,1.18786328,-0.9489832,0.50009365,-0.41059044],
[1.32142084,-0.42345989,-0.47650773,-0.04513559,-0.37498304,1.46654005,0.71768497,-0.10190559,0.62022197,-0.71173694,-1.04872798,0.78450997,0.22300446,-0.20965721,-0.42648992,0.30860819,-1.01558109,-1.53124805,-1.18423406,2.50841831,-0.05627086,-0.95357005,0.76672423,0.44297362,1.64743041,-0.50827524,1.24323354,-1.80416231,1.1624358],
[0.85515674,0.37181081,-1.75434873,-1.44686486,-0.99418529,-1.19803439,0.53378199,-2.31627394,-0.63313191,0.20002095,0.05899226,-0.54568025,-0.01632134,1.17035009,-0.60380381,-1.02191136,-1.0684441,-0.38458017,-0.34316318,0.01708475,-0.37927052,-0.49064428,-0.83610637,-0.29316583,0.25417762,-1.18449127,0.45085522,-1.69243929,-0.02858095],
[-1.10225068,0.66751803,0.20609902,-1.23493035,-2.04595284,-0.86910849,1.61010519,-1.1405236,0.12796813,-0.27614943,-0.71576505,-2.28867447,-0.24749843,-0.49079427,2.2203417,0.07353527,-1.0819141,-0.50723829,0.61681613,-0.5737272,-1.27650408,1.08792653,-0.20981483,0.51356567,-0.26397917,-0.42380008,-0.95755039,1.91356821,1.30832875],
[-0.51346443,-1.00991455,2.01015608,0.28447339,-0.15876674,-0.14561573,-0.99163399,-0.91159263,-0.88807772,0.63097339,0.53000168,0.62876855,-1.3028368,1.22061913,-0.82768681,-0.80079992,0.52215298,-0.22159526,-1.9476377,0.86499368,-1.73965251,-1.0326501,0.72579187,-1.11719294,-0.83365397,1.18074672,1.07215379,1.88953339,0.22753805],
[-0.63798642,0.88518762,0.75987865,0.38846922,-0.6322512,0.70963511,-0.2126518,2.38096289,-0.31954344,0.1658933,0.18739705,0.2980865,0.6176298,-1.21525866,1.26505391,-0.35470114,1.29817035,-0.36897638,1.30300534,-0.13130709,0.47044136,-0.80349808,0.5766027,0.25851921,-0.3776857,-0.28293537,-0.29584216,-2.1808699,-1.86017943],
[-1.07581481,-1.23828424,-0.37450262,-0.7310623,-0.3912409,0.84171547,1.05641116,-0.90780857,1.28224879,-0.06777419,0.23990126,-0.67324279,1.97679684,0.90849748,0.05429808,0.65762251,1.05881165,0.50016133,-0.07063668,0.41057196,-2.09684721,-0.40240567,0.06054853,0.54925822,0.85990897,-0.57933613,-0.13556322,-0.50638973,-0.11712769],
[-0.47531292,-0.4433165,0.37666561,1.52854219,-0.63269357,0.82153252,2.61321199,-1.3292469,-0.89617817,0.55561003,0.38536217,1.88239937,-1.56335676,-0.64530443,0.3128698,-1.57347297,-1.98211523,-3.57812139,-0.53856091,0.62004194,-0.93161466,0.11559856,-0.98188692,0.51912154,-0.75669196,-1.48694906,-0.51200284,-0.93317551,-1.67731561],
[0.05690274,0.21790401,0.70005382,1.34296254,0.38638742,0.02200068,-1.63704031,-0.79182808,-0.44699604,1.28921482,0.27420831,2.06515865,0.64981363,-0.4629821,1.0657317,-1.07964306,-0.84617868,0.03898968,-1.13579918,-0.6197184,1.19002613,-0.24161665,-0.22747369,-0.73380692,-1.25128397,-0.26695085,-0.4214387,-1.47330526,-1.33048955],
[1.81347929,0.21014068,0.20470323,0.29193715,0.7503793,-0.06570372,1.34683058,-1.69146661,-0.33586115,-1.45166194,-0.89315489,1.31564667,1.6699077,0.58064856,1.79630695,1.52550828,1.0867315,0.97990175,-0.88497432,1.73529095,1.02041145,0.339464,0.39287311,-0.88085082,-0.40738897,0.80073627,-0.29917825,0.53091115,-1.33473735],
[-0.14966918,-0.60589256,-0.33821971,-0.08822595,-1.99711558,-0.01548783,0.34906642,0.90712563,-0.92193877,0.01111019,-0.59052074,0.70982006,0.91484033,0.66997034,1.35993579,-0.85077692,-0.23361682,0.04682448,-1.13610086,-1.2458146,-0.00434044,-1.82826025,-1.76773791,0.24336268,0.69201889,-0.34193933,0.28270933,-0.46679071,-0.63195496],
[7.95449614e-01,-3.43866895e-01,-2.50853011e-01,6.39390819e-01,-4.15474783e-01,-9.87976006e-01,3.14080062e-01,1.37035625e+00,9.52275739e-01,-8.99006360e-01,1.75822831e-03,1.46897044e+00,-7.71596949e-01,6.70458537e-01,-5.70594571e-01,-3.13759223e-01,-9.24141917e-01,1.07947605e+00,-2.65065026e-01,8.67216841e-01,-2.07708404e-01,1.29871610e+00,-2.01921323e-01,-3.80032182e-01,2.27871708e-01,1.86829766e+00,2.75607765e-01,2.57516050e-01,5.72234483e-01],
[0.18661164,-0.51020174,0.06508872,-1.5408116,0.75475686,-0.07034424,-0.18500976,0.94535536,0.28293265,0.72238317,-0.54244015,0.68154513,-1.42889354,-0.75887725,0.38224702,-0.83333324,-0.19813361,-0.56371799,0.29649995,1.80677814,-1.67398959,1.07834067,0.33680964,0.61866324,0.01073964,0.39714423,0.04361629,-0.17447298,1.03575431],
[0.34781901,-0.88262138,2.13771136,-0.1464649,0.43569166,-0.92793607,1.64567663,-0.61578808,1.4752901,-0.13158368,1.10582966,-1.30573597,-1.03798991,1.9380694,0.95716325,0.74616289,-0.42951746,1.18303266,0.31547551,-0.47787071,-0.49175832,0.39341931,-0.3509194,-1.00296192,-0.99532072,-0.95169771,-1.10891363,-0.1125383,1.12998041],
[-1.29211624,-0.93250722,-1.45897839,-0.15155706,0.83641484,1.03902743,-1.28506173,-0.50068303,-0.88895099,0.77596867,-0.53985133,0.87454879,-1.29462561,1.09297249,-0.59419306,0.61782679,1.8593153,1.65176527,2.03504063,1.57901349,0.61624089,0.16251457,1.67446627,0.14799156,0.1553634,0.22314002,2.11737317,-1.04602985,-1.28661796],
[1.48434507e-03,2.19667480e+00,-4.01931608e-01,3.94819551e-01,-1.08502063e-02,-6.82681358e-01,-1.13046526e+00,1.33633777e+00,1.04513944e-01,-1.00558844e+00,-5.80092459e-02,-6.20934557e-01,-5.70906034e-01,1.38934312e+00,4.67758983e-01,9.72742101e-01,7.40920152e-01,2.47176296e+00,-5.63056753e-02,1.17079666e-01,3.98160702e-01,-7.65585079e-01,4.70524794e-01,-1.36961721e-01,-2.82868671e-01,1.49012107e+00,7.48026630e-01,-1.32240071e-01,-2.04757433e+00],
[0.5263221,0.57637553,-0.54009556,-0.9042588,0.80795694,0.40349986,-1.07021096,1.21385398,-0.66597832,0.87426818,-0.62166536,1.09503947,0.81902353,-0.75970052,0.38092591,-1.57240951,0.96031389,0.6081701,-0.07894301,-0.56778065,-0.80305225,-0.09176873,-0.19058599,1.16187615,-0.45737791,-0.12062158,-1.14642705,-0.09687112,0.95914826],
[-9.06690691,13.7158975,-9.01545784,-10.49764502,-11.36322818,0.67934454,-0.22886657,-0.0886701,-1.29252231,-1.17032774,-0.60381456,1.45308917,1.65570727,0.92460415,0.37254867,0.78482471,-1.13486703,0.2310189,-1.78501479,-0.03467752,0.09756441,1.60234653,0.81570655,-0.36327852,-0.38845836,0.18436912,-0.83622841,0.87552527,-0.26143528],
[-1.3538872,1.61517569,0.83692597,0.46339548,2.00224843,0.46240242,-0.11809096,0.17274357,0.8203308,-0.03107211,2.33413196,-0.39989085,0.54286208,0.34722407,0.6400961,0.17127276,-0.71165838,0.33304362,-0.6200919,-0.2735396,0.42695793,-0.2820387,2.00569886,0.05553096,-1.90843318,0.59034301,1.15642613,-0.72903385,-0.64652366],
[1.08690012,0.0708118,1.88428377,-0.41333353,-1.15616873,-0.06377229,-0.32657703,-0.93307656,1.13993414,-0.23738728,-1.31024898,-0.87725773,-0.69474856,-0.59547986,1.52639396,-0.21923109,-0.17966583,1.05485531,0.52178587,1.01704976,-0.73222507,1.23630743,0.69316663,0.40121254,-1.54678926,1.79304414,1.22528793,-0.61115578,-0.97257918],
[-0.79458612,-0.26415908,-0.39035104,-1.31015227,-1.75134628,1.78513641,2.20162324,-1.43210525,0.34911911,-0.34989646,-0.5156046,-0.66439441,0.53646308,0.19982907,-2.44078647,0.34480234,-0.03452127,0.01937339,-0.86543151,0.37822078,-1.01208839,0.03233156,-0.38783331,1.40082704,0.73169945,0.66862696,-0.90427008,1.26638412,0.0397169],
[0.42227156,-0.31909183,0.68274535,-0.75128125,-1.32651157,1.29902475,-0.24109321,-0.98246518,1.05281755,0.62892554,-0.26142603,-2.17371377,-0.13236492,-0.56031101,-1.43129597,-2.08016897,-1.85738128,-0.57697004,0.93018109,0.48792173,-1.69608312,0.08195608,-0.60606309,0.92383109,-0.73756466,-0.05855551,-0.59157657,1.07731454,-1.06471118],
[2.14169918,-0.46525927,-1.18182958,0.3806259,-0.27843821,-3.1155735,-0.05841447,0.93590293,-1.32555276,-0.04094127,-0.53500923,0.40258555,-0.86558238,-0.70189811,-1.45595577,1.88479691,-0.318003,-1.04413021,-0.54388176,-1.68334631,0.01450094,0.26243602,0.19437785,0.06271914,-0.91875238,1.40951089,0.01092892,0.55728646,-0.56718953],
[0.75225512,-1.04947398,-1.23238269,-1.75462461,-1.02422492,0.7719949,1.18699076,0.24934624,-0.57859991,0.32244172,1.45168603,0.88441502,-1.99433401,0.7488757,1.51997624,1.88798017,0.52118828,-0.24988655,-1.41198512,-0.87726533,0.21748624,-1.64760096,0.70473969,0.38166762,1.25256333,-0.33238905,-2.01389074,0.51257932,-0.8229329],
[-3.08169911,1.17674687,-1.30720508,2.00300001,1.54577512,1.00990562,0.81355196,0.25887438,-0.44747052,0.66088231,-1.14773417,0.81750577,2.49890653,0.14209332,0.00397492,-0.15449325,0.56960561,-0.45136631,-0.25017861,-0.26660604,0.76222531,-0.78570372,-0.20552581,0.75065571,-0.23396378,-0.39115485,0.94213221,0.66455746,-1.24430248],
[0.58286784,1.19116591,-1.25356162,-1.65216813,0.28562692,-1.45340756,-0.37840954,0.82252431,-0.5657189,1.285628,-0.44862338,1.82704551,-2.49866581,1.24328963,-2.2650034,-1.2197516,-0.4369002,0.31115373,-0.79745345,-0.90158437,-0.5435014,0.79286046,-0.23626288,0.07918401,-0.30828519,-1.67697107,0.7968846,-0.50807433,-0.22846396],
[-0.80485757,0.98827462,0.82603542,-0.73101177,0.19959423,-0.92350722,0.37766677,0.45815345,-0.68634775,-0.40185074,0.63388802,-0.84959063,-1.44138331,0.11106282,1.29874839,-0.96797359,-0.85715921,0.63780865,-2.28048701,0.28117693,0.27989513,-0.13920736,0.87179161,0.30268648,1.23830576,-0.0607535,-0.69900518,1.06172574,-0.68249859],
[0.3934608,-0.5648293,1.33170396,-0.77415003,1.89203505,-0.54340568,0.66589984,-1.12057639,0.72754761,0.2123597,-0.25385022,1.04213619,-0.69995496,-0.55454206,1.20003446,-0.27974791,0.7014392,-0.38871536,-0.89137713,1.49369813,2.1980748,0.28399499,-1.63042292,-0.41254729,-0.44550298,-0.15935082,0.34908566,0.42145962,-1.80050931],
[2.21129765,0.09266295,-0.66499934,0.91373239,-0.64680804,-0.1151359,-0.43662747,2.47383886,-0.78547853,-0.08920022,-1.1860629,1.50390929,0.6873665,0.89584854,0.39874254,-2.06310751,0.46011343,-1.33182873,-0.92069807,-0.43381816,0.30513634,-0.48358301,1.68408774,-1.78659779,-1.52270074,0.61579059,-1.07866161,-1.18890587,0.71018201],
[0.89249874,-1.00918285,0.85327786,1.22813211,-0.04603754,0.40431064,1.07899216,-0.48489457,0.90429128,-0.85080517,-0.96568463,1.22604478,-0.41175416,0.95438992,0.9223326,0.72734183,-0.14672025,-0.15082234,-1.45113209,2.38045512,0.63720841,0.37681539,1.2782888,-0.77585306,-0.23422429,0.20627417,0.84486237,-0.34499671,0.62837945],
[-1.2976506,-2.08684399,-0.1544683,-1.77181395,-0.55748202,-0.18554741,-1.16639336,-0.19418575,-0.64601517,1.73497382,0.6205489,-0.29030508,-1.36650301,0.03104305,1.69082636,-0.46803385,-0.49701324,0.16687431,0.80096407,-0.64785436,-1.4820554,0.11609621,-0.27459109,0.41085062,0.11087065,-1.98725494,0.19183156,2.24471092,1.15629543],
[6.31208822,-11.7563036,-11.70583589,-9.87301898,12.45445163,1.16816024,-0.75821097,-0.25238124,-0.73534107,1.41304419,0.02052384,0.84328223,-0.48143041,0.06985327,0.40518175,0.7674477,0.30613267,-0.52486392,0.25893848,-0.79287006,0.83968544,-0.90108403,1.23118275,-1.2192212,-0.0546287,0.54884556,0.3850317,1.17312637,0.57066318],
[-0.84203653,0.34229312,-0.19128937,0.71431591,-0.51012545,1.08308695,-0.83299541,0.36455482,0.55468053,-1.87422546,-0.66272468,-0.46208271,-0.60045729,0.12285293,1.61719578,-0.6052851,1.19353082,1.72231724,1.61511073,0.07438763,1.85271352,-1.1962791,-0.31057315,-0.5560459,-0.72394491,-2.44391862,0.22267814,-1.77933449,-0.24281499],
[-2.26578695e+00,2.10171823e-01,3.36803447e-01,-1.60716970e+00,2.04423364e-01,-3.42248481e-02,-1.48570480e-01,4.02909822e-01,-7.62916389e-01,2.88370843e-01,-1.94033756e+00,-7.39668736e-01,-1.21573963e+00,-6.54940789e-01,-5.87622953e-01,1.46374021e+00,-2.63115380e-01,-5.99036098e-01,-9.80119957e-01,-7.25150465e-01,1.72471564e+00,3.60259978e-01,9.00392285e-02,-7.66176751e-04,-2.19114232e-01,1.38336268e+00,1.62646082e-01,2.55619352e-01,1.32335771e+00],
[-1.20651679,-0.7815813,-0.94366983,0.81009705,-0.50988153,1.53235122,-0.56690839,2.39432274,-0.61868208,-0.84373688,-0.24141956,-0.27807246,-0.3065559,0.62033679,0.91555286,-1.99455549,-1.07937978,-2.3195042,-1.63873365,-1.17445197,-0.6941866,0.70704633,0.47018894,0.72582464,0.13153072,-0.11218084,-2.63984038,-0.86170322,-0.12184254],
[-10.58042249,9.7223464,-10.63164775,-12.26540693,8.86778433,1.16700626,-0.92178867,-0.59840057,-0.32986693,-0.15031572,-0.46637398,-0.58975811,-0.92870208,-0.4093494,-0.6160476,0.20185432,0.27159935,0.10853957,-0.78535478,0.08163463,-0.39644296,1.15945831,-1.06289779,0.82648384,-0.68004179,1.39663986,0.10000535,-0.97017111,0.44194482],
[-1.14661711e+01,8.55429040e+00,1.18852521e+01,1.06890227e+01,1.21000074e+01,-1.27826992e-01,-1.08233718e+00,-9.52555103e-01,-8.72544370e-01,-1.18454794e+00,1.57833136e+00,5.31747276e-01,-8.90519132e-01,-1.22542390e-01,-1.51337273e+00,1.55099314e+00,-2.37044095e-01,-3.77419252e-01,-1.27821311e+00,1.19168952e-01,-3.99744223e-01,3.82900618e-02,-1.05507001e+00,-1.18404963e-02,-2.21701461e-01,1.23460933e+00,8.04122534e-01,1.42563683e+00,6.02098492e-01],
[0.10379498,-0.43781693,0.20033474,1.06326099,1.12222046,-0.24975415,-0.58006186,0.44503461,0.75131892,-1.05812972,1.01291993,-1.40062099,0.02265046,-0.39065639,2.30765148,-1.71686771,-1.16123072,-1.57672438,0.39079218,-0.80652704,2.0526461,-0.26859287,-0.45076067,-0.36434138,0.60733384,-0.86341786,-0.35721498,-0.19206495,-0.34815451],
[1.3980354,-0.0961842,-1.28918245,2.03484394,-0.01203744,0.70100045,-1.85085134,-1.36757937,-0.31809249,0.47198925,0.95478167,0.13513328,0.65777329,0.51455005,-0.58217613,-0.01445264,0.11689079,-0.47742922,0.76790184,-0.43649482,1.31738311,-0.40670579,-0.47862528,-0.86078888,1.13245718,-0.80435261,-0.76974287,-1.48502387,-1.3728807],
[-1.7121637,0.10884733,-0.21402951,0.09500824,-1.35812207,1.19231537,-0.02149672,0.17310377,0.59268852,-1.27652123,-0.27587957,0.47573683,0.69370136,-0.26104059,-0.4568834,-0.31912031,-0.18938215,-1.19989242,0.4178117,-0.06991524,-1.36505051,0.57749288,0.7514909,0.91092693,0.42639447,0.0792846,1.08083886,-1.42374751,0.03358223],
[-1.81008722e+00,-1.09153117e+00,4.20842335e-01,4.60359293e-01,-2.32740971e-01,1.64379318e-03,-2.47519302e+00,1.00174103e+00,-1.60444968e-01,8.38699120e-03,-4.97347763e-01,3.54651549e-01,-3.35614309e-01,1.37916153e+00,1.42629368e+00,-9.19959750e-01,-4.26416135e-01,1.29405372e+00,2.58971720e-01,-7.12418163e-01,2.02429293e+00,9.18085227e-01,1.42509413e+00,-1.66076526e+00,-2.44676705e-01,7.55150663e-01,6.55775447e-01,-4.65358313e-01,4.32482341e-02],
[0.54708198,-0.28707231,-0.1863929,0.33090836,1.45469328,-2.85015521,-0.31912971,-2.09209524,-0.26550074,0.91720501,0.2067778,0.69682345,1.33527235,-1.13573562,-1.73755346,-0.44631318,-0.65958372,-0.39903165,0.02220771,-0.79626931,1.77699926,-0.66032595,-1.212354,0.56283947,0.8642015,-0.15663143,1.28595935,1.1431599,-0.77723648],
[-1.92604418,-1.32305892,0.72199519,0.1181331,1.07454276,-1.29353361,0.64151569,-2.60542519,0.29563452,-0.35698432,1.2885854,-0.5561083,-0.52204741,0.89192478,1.69159252,1.83077799,0.01310977,-0.30869966,-0.81413578,-0.63509386,1.82974612,0.76625661,0.78779762,0.58109299,-1.01443317,-1.22436823,0.11688194,-0.75783529,-0.61724716],
[0.20994673,1.66351736,1.29142397,1.07534215,-0.83525497,0.65317996,0.28612415,-0.49099968,-1.47538809,1.46223284,1.25584063,-1.32589118,-0.82068303,0.40687035,-1.41058065,-0.55590481,-0.84192286,-1.51914647,-0.09485849,0.94359286,1.5376834,-0.39891173,0.89592612,0.69294548,0.37434867,0.33887693,0.84036606,-0.21953244,2.48312356],
[2.29173514,-0.27691138,1.71313864,0.274086,-0.13474096,0.1591619,0.1385772,-1.49187739,-0.16749173,-0.13588583,0.2397573,-0.03564698,0.53233181,0.78892176,0.75350722,-0.07062486,-0.94034428,1.29016157,-1.20472497,-0.81144897,0.26563967,-0.85468514,0.30775542,-0.6630488,-0.45328694,0.40097702,-0.80872464,-0.55065061,-0.14940841],
[-0.82435382,1.40767084,-0.13597842,0.35246937,-0.67786773,-1.74173156,-0.09865405,-0.34326962,-0.16719561,-0.49091294,1.17586656,0.26000301,1.18104937,0.12419107,-0.54317425,-1.3683685,-0.7250305,-0.58374616,-0.40371964,-0.45996356,-1.13946494,-0.49159219,-0.36076739,1.39817159,-1.74320077,-1.60645193,-0.29692803,-0.42703286,1.27330232],
[1.08798125,-0.78892809,-0.52405574,1.20318102,2.22748804,0.24278085,-1.0233569,0.18822183,-0.6896861,-1.03995261,0.92561124,0.42227088,-0.51738597,-0.75539759,2.39482688,-1.04241988,0.87924784,-0.88884578,-2.32608833,-0.97680271,0.14940141,1.56393199,-1.62124506,0.56390129,-0.74193615,0.64320976,0.03808184,-1.98553118,-0.04575657],
[0.53939096,0.72717598,0.06499609,-0.81403471,0.40299704,1.28630008,1.55331307,1.39901184,1.04275526,0.47407786,-1.6998603,-2.52281485,-2.23966709,-0.20030116,1.16330242,1.61593678,0.49353411,-0.27965901,1.75912178,0.02951347,-0.31835525,0.79291294,-0.39330136,-1.68489675,-0.5512019,-0.05908931,-0.07095452,-0.41857043,0.4663748],
[1.43533787,0.24971064,-0.01126793,-0.68951569,0.93374474,1.61124348,-1.43074143,1.93876939,0.55322067,-1.69037331,0.15472564,1.69561458,0.20017084,0.21870656,-0.22938911,-0.77648454,-1.37051935,0.45296471,-0.2425653,0.40070672,-1.591486,-0.76740615,0.55601312,1.68448202,-0.44302788,1.87787093,-0.8195119,-1.11047506,0.62512238],
[-1.27618736,-1.88454573,0.35561251,-1.08503988,-0.16123685,2.67737071,-1.58319257,0.74576061,0.62692519,0.21683068,1.24732951,2.0086832,-2.09615178,-0.32897117,-0.89832242,-1.35605141,1.61970219,-0.03949094,0.5181952,0.44835011,1.79422319,-0.04148341,0.81279643,0.77161255,-0.47401606,-1.56732174,-1.8035878,-0.62224386,0.31110854],
[-2.057394,0.93394902,0.56012525,-0.81214123,1.14141848,0.51167964,-0.60334563,0.16559142,-0.11615714,-0.68518406,-0.22208296,1.40293915,1.18702831,0.39757234,1.88720794,0.6523186,-0.57661073,-0.15237465,-0.52094947,1.04490678,-0.05494159,1.73645732,0.09229821,-0.50769166,0.00932587,-0.66718867,-0.72178184,0.73363504,-0.80042475],
[1.55469816,-0.35675035,0.85425036,-0.40918229,-1.63815863,-1.05417347,-0.14725725,-1.47375815,-0.65052604,1.16422269,0.93746653,-0.05325182,1.94199473,0.71579402,0.51419001,0.39213799,0.47936032,-2.42302127,-1.67213225,0.21676802,0.98279849,0.76009727,-2.89912161,1.14495798,0.17125555,-1.7147075,0.23301205,-0.55491278,0.33879971],
[0.41105015,1.40914188,1.41765647,1.37383445,1.23423065,-1.12056323,1.05141535,-0.48752034,-0.84756141,0.33250352,-0.86804193,-0.71208288,-0.1652342,0.38383766,-0.4307987,-0.77823497,0.76891654,-1.72119553,-1.10687205,1.80269521,-1.00287342,1.80730923,-0.10453781,-0.7983597,0.06307968,-0.34059461,0.55811393,-0.42617361,0.57707569],
[-0.04648892,0.38077223,-1.07944956,0.64775395,0.25335475,0.56535135,-0.1021812,-0.27272589,1.57908137,-1.60280774,0.95617309,0.17311119,-0.23048435,-0.03191129,-1.2407108,-0.30008343,1.08721641,1.63347911,-0.59513248,1.37568595,0.61438303,0.26198381,0.18905254,-0.29893682,-0.50331887,1.4862378,-1.03357689,-1.36488854,-0.41309303],
[-9.00519722,-8.31885524,-9.78814161,6.5237369,-7.94973933,0.64395593,0.37130241,1.39197946,-0.54119544,0.20480829,0.3722186,-3.87504786,0.05788941,0.54429768,-0.8530427,-0.85058132,-0.31369205,-0.42626887,0.32076328,-0.76181815,0.70132098,1.12638094,-0.06468062,1.14110892,0.68512644,1.41353971,0.33749141,0.97363153,-0.64822186],
[7.61427323e-01,1.17886794e-01,2.74936483e+00,-4.24483404e-01,1.03626777e+00,1.65952926e+00,-4.96099335e-01,-2.81156754e-01,-2.99347558e-01,-2.73749825e+00,1.07175293e+00,1.37051938e-01,9.71424521e-01,1.35858846e+00,8.21814853e-02,-1.26313588e-02,-2.28326879e-01,-8.85705560e-01,-2.50284799e-03,2.27416072e+00,-2.64354351e-01,1.53019359e-01,1.03335696e+00,3.40513543e-01,-1.88103301e-01,-8.94788517e-01,-2.40755221e-01,1.13753793e+00,1.99713732e-01],
[12.1546505,9.0964562,8.18809698,8.48045176,-10.82548772,0.39473083,0.77481222,0.78018311,-0.11408127,-0.27231145,-0.83971055,-0.13339927,-0.25720158,0.31978343,0.31864642,-0.96099883,-1.08798709,-0.43122055,-0.12931839,0.80544816,-0.6194362,0.35090662,2.10212033,0.24886834,1.4137205,1.25395839,2.53271533,-0.61525007,-2.00098194],
[1.75876922,0.5110769,-0.7592086,-0.08213419,1.8073123,0.36607102,1.76160869,-0.48679526,0.56196419,0.984287,0.54932501,-0.59050863,1.19266684,-0.90288843,-0.66401064,-0.4849855,-1.74832712,1.11980727,0.96325732,-1.35316714,1.68531871,-0.4241603,0.47316884,1.62767414,0.23058703,-0.9961234,1.21286359,1.10314859,-1.0631833],
[1.06893507,0.34534489,1.56689972,2.03938626,-0.18009399,-0.16813129,-0.71932784,-0.69357902,-0.54954996,1.06126769,0.35597508,1.86784529,-0.70732823,0.26204804,0.46587064,0.55071519,-0.16852552,-0.23932315,-0.49872552,0.69899158,-0.15582347,0.81125132,0.48480299,1.34075217,-0.76980557,-1.25237456,0.24144138,0.06839838,0.15192548],
[-0.09531104,-0.28260397,0.54368988,0.91113636,0.16929003,0.65492589,-0.30350318,0.76924201,0.02226045,0.49841755,0.37150402,0.92529855,-1.90870668,0.35406771,-0.24553476,-0.29654272,-0.97302816,-0.50579394,-0.98022762,2.65175776,0.26750261,0.74633749,1.58229432,-0.09325629,-0.82906694,0.774434,0.62818288,-0.20863396,-0.64725849],
[-1.0137479,-0.27266929,1.03930223,-1.39403161,0.31730573,-0.37891604,-1.57048919,0.04887349,0.52673479,-0.71116297,-0.15147828,-0.48166277,-0.12934988,0.30799488,-0.15397376,1.24599481,-0.05695362,1.24298756,-0.76210303,0.38477793,1.60856387,1.39746599,1.56418425,0.49414218,2.28289276,-1.43809426,-0.58134043,0.82677587,0.06693121],
[0.466004,-0.04631638,0.29149167,-1.58838616,-1.0805964,-0.23114137,0.64412277,-0.1354031,0.60743815,0.98300985,1.30581789,1.84287253,1.28714305,0.50558002,-0.20829626,0.02690665,-0.71775881,-0.46887947,-0.39745733,0.68891052,1.030875,0.07379106,0.18554058,0.87927042,0.05681157,0.4746892,-0.56479743,-0.35740702,0.29781427],
[-0.18932908,-0.76710157,-1.27837314,-0.19987364,0.88721522,-1.80859859,1.43216992,1.13456209,-0.5531533,1.5426476,0.92290248,0.96056166,-0.79947238,2.20480564,-0.48903579,0.31830802,-0.16019108,-2.40171247,-0.87835742,0.94619143,0.60717658,0.05386226,0.62722816,-0.41158338,0.70526309,-0.03565372,-0.21889726,1.41838669,1.2806061],
[-0.14676819,1.07244696,0.41957845,0.60718963,0.28695694,-0.91674747,0.67659083,-0.27431256,-0.80441462,0.09964977,2.03293926,-0.35785679,-0.56633632,-0.43588244,-1.2864082,-0.39181946,-1.37057723,-1.6545943,1.8306039,0.0433051,1.27695559,0.30953384,-1.13893525,-0.81165962,0.97091645,1.96612915,0.81118964,0.74985372,-0.03939368],
[-0.62330775,-0.17571535,0.26036215,-0.27622664,-1.24536617,1.10344151,1.00323503,2.31716749,0.21213115,0.50301965,0.06254538,-0.44227262,1.67860354,-0.58804984,0.05463832,0.04763381,-1.05148114,0.92813296,-0.51107087,-1.39194801,0.18194018,1.44704313,-1.2386173,1.42846989,-0.43011951,0.20244088,-0.22115714,0.28730152,0.47638971],
[-1.61197222,-0.31952865,0.29457409,0.66358,-1.04661715,1.23923043,0.38223602,-0.74634241,-0.6740774,-1.53292237,-0.3660092,-0.59239693,-1.36099956,-0.47240549,-0.54165747,-0.24364909,0.36862524,0.1890204,-0.09121343,0.67854413,-0.28551008,1.62011004,-1.58260069,-0.68913381,-1.01869616,-0.44474016,0.48956187,-0.56670362,0.82246324],
[0.04748197,1.56534578,0.30381485,-1.76226706,-0.78403035,0.2434331,0.09950567,0.47727118,0.06931519,-1.70917814,1.53803371,1.87031387,-0.13354209,2.15630205,-1.08494906,0.5406688,0.68970388,-0.04396434,-0.31681148,-1.13391553,1.46763281,0.60940599,0.00791428,0.69231281,0.39175629,-0.69669103,-1.13395409,-0.25529964,-0.78786169],
[1.04530428,0.06603996,0.50760249,-1.25019304,-0.03549702,-0.96740298,-1.55747217,-0.76012458,-0.34724448,0.23703644,0.57211746,-0.64493231,-1.48255797,2.01675404,0.14769772,0.87904971,0.71040605,-1.0511755,-0.50625001,1.89193112,1.02746767,0.28441217,1.04384658,-0.7102561,-0.66704741,-0.439188,-0.41787601,0.86799577,-0.65975792],
[0.13356697,-0.5418013,1.65923805,1.11431905,0.56804446,1.07340424,-0.46453786,1.80099832,0.02996972,-0.91591651,0.57418648,-0.07292751,1.55423554,-0.19278398,-0.39002424,-1.15065422,1.0353612,-1.00181758,-0.47947178,0.66890852,-0.63791252,-0.35133821,0.4049946,0.89883503,-0.39173951,0.9583938,0.72059015,1.41877622,0.47183515],
[2.05491818,0.75803192,-0.61891986,-0.85714717,-0.81884092,-1.19104553,0.45047834,-0.2988845,0.614014,1.4298367,1.10928252,0.66297058,-1.10104761,0.38907774,-0.68932501,-1.11914077,-0.91954619,-0.99439185,1.13264394,-2.68750411,0.91315529,-1.16236191,-0.06146721,-0.33337906,-0.82088769,-0.79623776,0.54168299,-0.62566109,0.29787331],
[0.0638272,-0.91472808,0.6228448,-0.84862667,-1.11101658,0.29229633,0.74572629,0.37276673,0.97763432,0.67911216,-1.56603217,0.22869753,0.77881025,-1.54865553,1.16607002,0.06950707,0.04847334,-0.28232187,-1.69319731,0.74912302,-0.75605912,0.6219074,-0.39610185,0.44328611,0.03043013,-0.67272021,1.22307712,-0.10667814,1.27345524],
[-1.6884268,0.02856983,2.01939953,0.44553631,-0.54520254,-0.63720001,1.68063045,0.4215236,-0.74368305,1.11913703,-1.2313766,-0.72294355,-0.86483815,-2.21263499,-0.30069347,-1.09896242,0.36609672,0.70725498,0.08233335,0.93167586,-0.31391781,0.51238243,-0.26894656,-0.58754256,-0.27111739,0.55825448,1.97311961,1.35478512,1.3641351],
[-10.43283129,-11.4968773,9.2373494,7.90640235,10.37798912,-0.46573199,1.85574505,0.73587396,0.74411616,-1.06942951,-0.09853636,-1.3072654,-0.11859595,1.60849589,2.17894489,0.44605561,0.1603476,0.67144272,-1.40725072,-0.79943242,-1.66157408,-0.15976877,1.32681362,-0.76074397,-1.49463105,0.02631917,0.64213798,-0.08707396,-0.05810446],
[-0.72418035,0.36538104,0.83201324,0.94552837,1.09494958,-1.63460271,-0.14859794,-0.62826921,-0.92250637,-0.16777437,-0.36393123,0.55984311,-0.4561164,0.03586831,-0.80496184,0.08999277,-0.39858926,1.21410702,-0.15039152,1.06629795,1.87418699,-0.60327939,0.84328031,-0.00651995,0.46260328,0.82128367,1.15941808,-0.47346164,-1.12437203],
[-0.40491648,-1.92681428,0.00753823,-0.03206933,-2.04923422,-0.51232428,-0.01908474,-0.2929037,0.22141779,0.01327608,-1.06064914,0.91084948,0.91460399,0.09634987,0.49877636,-0.33530695,-1.89809809,-0.35475568,-1.09140836,0.43735839,-1.15199166,-2.98911897,-0.05352715,-2.0089391,0.40494395,0.32476441,-0.4440731,0.55447922,0.75406355],
[0.86712018,0.63211559,-0.36026384,-0.79561421,1.99844322,-0.05489756,1.0309294,1.68922454,0.42035176,1.72825107,0.28501455,0.91952955,-1.26647718,-0.79913686,-0.3257602,0.82039686,-2.04895286,0.36032826,-1.28870092,-0.68499811,0.9617485,0.32407671,-0.75793383,0.89967738,0.79696655,-0.21204984,-0.26095081,-0.8480734,-1.14395145],
[-0.16901948,1.16870902,0.65115411,-0.78370061,-2.15659045,-1.40262069,-0.28717476,0.25132147,0.48686123,0.72438023,-0.61970786,0.80669484,0.67573145,1.60746881,0.07013021,-0.08027303,0.19242448,0.62784039,-1.7217754,0.4922455,0.35513592,1.05054205,0.86682611,-0.58072504,-0.03116365,-0.19864304,0.09063522,-0.1493473,1.10115656],
[-1.12196572,-0.64161975,-0.09191544,0.59250682,0.70301164,-1.00278462,-2.43116669,-0.39968606,0.13419726,-0.41706262,-0.61339052,-1.01543024,1.36418385,-1.16250085,0.95379067,1.25290563,1.05311826,-1.7446431,-0.49416201,-0.24600089,2.09481745,-0.42432701,1.92032633,0.51797013,-0.05465109,0.46379796,1.47607542,0.5903152,-0.92941537],
[1.28069577e+01,-8.83591809e+00,9.50193377e+00,9.27567886e+00,-1.10449973e+01,-5.65736289e-01,-2.53670183e-01,-1.48711187e-01,6.18667024e-01,-1.89943580e-01,-1.13922047e-01,7.79895893e-01,1.08534116e+00,-1.73915780e+00,-7.53642744e-01,-9.18343738e-01,8.50701358e-01,4.80336840e-01,2.94962003e-01,-7.94147389e-01,-4.76782579e-01,2.99013452e-01,8.62815067e-02,1.08150753e+00,-7.35962886e-03,1.74050934e+00,-8.70131889e-01,-2.37752422e-01,-1.27095052e+00],
[1.00593234e+00,-6.51435957e-01,-1.48689400e-03,-1.31287887e-01,6.98717920e-02,1.70065975e-01,-6.93680569e-01,-1.84856295e+00,9.43175058e-02,3.87821689e-01,-1.97351039e+00,2.42283801e-01,1.51688098e+00,-1.46792287e-01,7.62324159e-02,5.03847577e-01,1.28941640e+00,2.16628973e+00,-4.70035151e-01,-2.52634276e+00,7.89631866e-01,3.27546088e-01,2.37431113e-01,-9.33011285e-02,2.81128479e-01,-1.34648989e+00,-3.44549375e-02,1.21625660e-01,1.34179800e+00],
[-0.13559481,0.65765451,-0.74545966,-0.10290376,0.83871258,-0.35866454,0.4270487,0.03230079,1.213226,-1.85264875,-1.37880324,-0.44321615,0.62322563,1.96644789,-2.10142855,-1.02621993,0.06388419,-0.19287251,1.83395235,-1.25097798,-0.14476719,0.97692485,1.97877425,1.17040236,1.71190313,-0.81128408,-1.37191233,-0.64145708,1.65219335],
[-2.61458607,-1.7776698,0.94336585,0.56718794,-0.50226909,-2.37048659,0.32787688,-1.770103,0.13780655,-2.31598022,-0.25202794,0.34917805,-1.69389006,0.703447,0.24598859,-1.15250103,0.45426356,1.32165457,1.66109028,-0.1772883,-0.95035022,-2.76740502,-1.55896915,-0.15804938,0.06618817,-1.56939527,0.01339605,-0.3848584,-0.31679929]]
[-1.63255461,-1.66661206,4.03551762,0.64351174,-7.12196659,2.64622322,6.2717919,-2.76631311,2.70461989,-0.0625934,-4.07573727,-0.95830066,-10.87012027,-13.32238899,-1.88560468,2.35931345,-2.09102081,1.60566725,-4.04851057,1.57366734,-4.08798048,-5.16731533,0.52772612,2.18046949,-2.83202059,1.62610161,2.309382,4.25332574,-3.3780291,-1.25309043,-0.45803832,0.76155823,-2.50386575,2.39735341,-0.59599663,-4.20082284,3.57248079,1.76087992,-2.16800068,0.67280684,-1.78813488,-2.97716459,1.95585661,-2.15875602,-1.29762301,1.11097662,1.23324669,2.07595936,-6.77886081,-10.66121239,0.32129842,-3.05948651,-1.8422338,-8.43656605,-8.66063834,2.64682909,3.74370807,-1.44517826,-1.68424505,-1.13078163,-2.40091342,4.41409954,4.38428515,-3.00894299,4.50705736,2.4473523,3.03570079,-1.21417771,0.93334971,0.5777689,5.18571557,0.2852781,-6.55993125,5.82070088,-11.65707503,4.48783369,2.94807364,2.58167868,-1.21774116,-1.01743524,-1.42153572,0.61433151,-0.51914446,-0.76130968,-0.83671112,-0.36087709,4.32392061,-0.35118496,-2.63318912,-0.62877233,-13.3302738,0.40884476,-5.43267767,2.06039374,-2.54669384,-1.67690957,-9.19220795,0.96090973,0.42588962,-5.20012494]