[[-0.68994938,0.96353816,-0.20684025,-0.14066433,0.07953104,0.00517827,-2.02975506,-0.33185361,-0.25317462],
[0.39973723,1.93125136,1.12207494,1.16510933,0.84259345,0.52815357,1.15576798,0.3768071,-1.31931446],
[0.11775494,0.46169545,0.38891206,-1.92485501,0.20682976,-0.5907652,-0.52498245,0.92363231,-2.70173197],
[2.04810447,-0.69714861,0.29972732,1.95080902,1.26250401,0.1187175,1.7158884,1.43674421,-1.10589891],
[-2.12224543,-2.05738416,-0.19368515,0.10704303,0.98860522,-1.86970199,-0.35396249,0.13668262,0.82516294],
[-0.058128,-1.00222031,0.51148729,0.96435691,1.25459295,-1.46576285,1.08948916,-1.4553071,-0.73805069],
[0.47236117,-0.69059837,1.02562321,-0.01689609,-0.24699932,0.47849433,-1.41711855,-0.07321456,1.25107243],
[0.92867863,0.60521719,-0.79430687,0.32424425,-0.04444502,0.90566034,-1.35299348,-0.69808019,-0.02035489],
[-0.23114985,-0.71518749,-0.51415623,-1.88916715,-0.47068356,-0.66406661,0.52493843,-1.11970982,-0.8255709],
[-0.7489121,0.62362937,0.02081569,-0.4707845,-0.94364764,-0.90722125,2.48146877,0.57997277,1.87362539],
[1.25142507,-0.75557981,-0.65708695,-0.04206717,-0.22295574,-0.86906299,-1.32954881,1.4451281,0.28645231],
[0.07502663,-0.00691566,-0.26300932,0.09736106,-1.13144128,-0.91526976,0.61583524,0.27292399,-1.18911289],
[-0.60657045,-1.48902121,-0.29104885,1.67055304,0.14071175,-0.08600024,1.00159267,-0.53145513,-0.08792159],
[-0.70672461,0.04392818,-1.63194487,-0.12753481,0.37897574,-0.56430636,0.18775011,0.13136022,-0.11068549],
[-0.96711653,-0.46629994,0.94327319,-0.49675243,-0.65755091,-0.29800883,-0.78465701,-1.05169096,-1.02719324],
[-1.13482625,0.43023097,0.37646529,0.43361654,1.21622902,-0.05243008,-1.6468728,1.38857793,-0.27486071],
[1.11881781,-0.40347296,-0.50923163,1.3898389,-0.04801944,-0.4296805,-0.31361079,-2.45378329,-0.63158975],
[-1.95747485,1.68875326,0.27811566,-0.11899688,-0.95235821,0.40455782,0.88508696,-1.19817893,-1.52671607],
[-0.62061129,1.95087124,-1.32965596,-1.60130468,0.41437783,0.31315265,0.01990116,-0.63446656,-0.30601137],
[1.36371401,-0.69266344,0.39966502,0.52325167,1.51960751,0.76350426,0.46451451,-2.36214298,-0.33785438],
[0.02981507,2.58631971,1.8126085,-0.92313811,1.35535004,-1.3145121,-0.15050017,-0.71127874,0.95167646],
[-2.32802422,0.73028617,-1.23990201,-1.17083607,1.79869577,-0.32280395,-1.52563625,0.25938704,0.55282345],
[0.14493894,0.27920232,0.45499375,0.73805517,1.33240182,-0.19073117,0.78751004,-0.12195311,-0.29178135],
[-0.31463204,-1.26567714,1.59437914,1.13048946,-2.04076365,0.34883926,-0.76887532,0.56082964,-0.38929309],
[0.92970199,-0.04432627,0.02825939,0.55569301,-1.01464947,-0.73152419,0.19791901,0.73082474,-1.6763305],
[0.46501676,1.30031908,0.30530871,-1.45437311,-0.91677682,-0.37381795,1.42449553,0.53663688,-0.77978081],
[-8.04050959,-8.82709225,-12.24122169,9.94176851,10.35824304,-0.10694011,-0.78012059,-0.87503278,-0.27904788],
[1.06214373,0.28216934,-1.39795191,-0.55308366,1.7710592,-0.27579149,1.16005909,-0.86939209,1.41806674],
[0.56821795,1.32799935,0.33551465,0.32697813,-1.06708359,0.49546699,0.80521369,-0.91177196,-0.25650282],
[0.82965966,-0.10676336,0.73723732,0.67497084,0.07247708,2.17234774,-1.21702027,-1.08293179,-0.42487751],
[3.69763053e-01,-3.53549617e-04,3.84151253e-01,-2.16802175e+00,2.08199640e+00,-1.45864189e+00,-1.81137274e+00,-5.40963486e-01,1.05312086e+00],
[10.51413819,9.65798409,12.18774298,-8.11320887,9.84095683,1.42588565,0.04757286,1.19628445,-0.08424745],
[0.35529107,-1.21790373,-1.64429,0.87391933,0.62777007,0.53477299,-1.74224891,0.54948811,-1.93241661],
[0.37318575,0.67679471,-1.15185954,-1.32870398,-0.2887627,0.3912447,-0.61068537,-0.74549439,0.32426892],
[-0.0560435,0.29731899,0.4573115,0.03978859,0.68352316,-1.86237026,0.39107828,0.02526066,1.92993183],
[-0.47416422,-1.536969,-0.11825256,1.71397327,-0.12725876,-1.13187528,-2.3214481,0.10108136,-1.0321868],
[-0.28593854,0.76766878,-0.73038188,0.08838472,0.59495153,-1.42479258,1.20472122,0.37288466,1.20031077],
[-0.24822817,-1.31192602,0.78882862,-0.54001213,-0.32508113,-0.96905542,-0.6749642,-2.02976046,0.13017141],
[12.000871,-10.2501234,10.51620377,-11.55230865,-10.37317303,-0.01730821,-0.94718758,-1.73435086,-1.03302212],
[1.28965378,-0.16718245,1.64837228,1.17651894,-0.78446174,0.40902527,0.83190892,2.30921235,-0.61880658],
[-0.74962895,0.41426398,0.24679134,1.09831697,1.02622546,0.56386778,0.79300737,0.64392141,0.36845323],
[-0.25141888,-0.91780185,0.99251257,-0.95660924,-0.01511856,-1.42319492,0.06217478,-0.19906807,2.20652252],
[0.08670889,-0.13988317,-0.11279693,0.61080833,-0.43272226,-0.48684154,-0.22668727,0.99325404,1.96169249],
[-1.8328576,-1.97396308,-0.79861189,-1.89656537,-1.58043293,-1.0067635,-1.1273198,-1.3311114,0.32315411],
[-0.55920598,0.46784614,-0.65528051,-0.63570514,-1.07043094,1.11009665,-0.58067456,0.40013039,0.45028465],
[-0.00778734,-0.08483172,-0.05132502,0.387448,-1.23909797,0.98603385,1.32396145,-0.84986152,-1.27081412],
[-1.61415819,-0.30698561,1.89367033,-0.53616699,0.34140571,-0.68557401,0.87170338,-0.1488057,-0.8670289],
[1.83356333,-0.29858425,1.90070425,-0.12894342,0.53832306,-0.21488357,-0.36617217,-1.58536158,-0.26947038],
[0.33489816,0.60777759,1.70042139,0.58584064,-0.71961463,0.47330531,-1.02188513,0.39850419,1.21222735],
[-1.2322536,-1.15736439,2.17719136,0.09398032,-0.86459366,-0.17289392,-0.56793835,-0.42116639,0.43822323],
[-0.33667363,0.53406914,-0.39977935,2.20106985,0.15579496,0.47373746,0.96011953,0.95946823,0.52853698],
[0.15189752,-1.01792744,-0.00628177,0.86303788,0.38111787,-0.54477335,-1.85334917,-0.78163711,2.28441552],
[-0.0036558,0.14487484,0.02189758,1.48413469,0.96254451,-0.09525202,2.2043026,0.0036787,0.73103317],
[-1.67814802,-0.55017441,-1.02990951,0.51297773,1.94557972,-0.62126198,1.94274838,0.05121697,0.04092327],
[-1.42469582,0.14414604,-0.13209288,-0.54438724,1.14981254,1.11632102,-0.83472518,0.42683412,0.12460176],
[-0.83681997,0.70977883,0.3247431,-1.32098835,-1.73552368,-0.77856155,1.19670568,-1.62572952,-0.63643182],
[-9.94427689e+00,6.77272449e+00,1.16994250e+01,1.11805378e+01,1.02379901e+01,1.12802102e+00,-6.57963068e-03,5.68369200e-01,9.70009165e-01],
[0.38856881,0.03261207,0.96924617,-0.06166264,-1.38877385,-0.48634479,-0.80664657,-0.58359577,-1.88337562],
[-0.64668074,-0.99577328,-0.09604138,1.4262479,-1.42456039,-0.22681129,0.60498709,0.27106416,-1.67849738],
[0.10939003,-0.79901093,-0.91552191,-1.09696277,0.9447864,0.75305018,-1.07247729,0.11476488,-0.90751699],
[1.0370735,0.32264116,0.84420662,2.23178925,2.38433626,-0.0641348,-0.91260223,0.57497065,0.05467912],
[0.94515098,0.17557833,-0.52378672,-0.12920852,-0.8061253,0.5412662,1.63710373,-2.07416482,1.03767345],
[-0.1748256,0.74967958,-0.67470041,0.62170177,-0.20050118,1.01459922,0.75303997,-0.19714489,0.09044674],
[-0.33215195,-0.83242418,-0.26202694,0.53909969,0.7637224,1.52981507,-0.42336594,-0.32740163,-1.15592846],
[-8.56339548,-9.15253931,-9.18055869,-8.55098742,9.01385196,0.83674267,-0.48241191,1.27273392,1.1706554],
[0.07980731,0.08738761,0.58823191,0.39396207,-0.59587608,-1.95440108,0.11330262,0.08277244,0.34581806],
[9.57782661,-12.25925484,-7.19807762,-6.45872663,8.74197492,0.84958532,0.47692878,-0.23726801,1.62284587],
[1.02625734,0.86359333,0.45918022,0.75172391,0.33657843,0.99871486,-0.41835348,-0.07008008,0.02379649],
[0.19969544,0.332955,-2.64651315,0.28299869,-0.18998367,1.49411889,-2.71055832,1.50678051,-0.63386161],
[-1.86503545,-2.17771324,1.38490066,0.83354611,-1.23157891,-0.33843229,-0.76190617,-0.21635918,-1.75943924],
[-1.27400924,1.80812992,-0.44811156,-0.89441318,0.74138301,-1.26154728,0.24561537,0.75431033,0.37514748],
[-2.56827436,0.77196351,-0.56417332,2.360044,0.66731976,-0.46347929,0.16258657,0.77113374,0.74100293],
[-0.26820932,-1.19626181,-0.82882471,0.88142575,-0.7435101,-1.92500242,-2.35467814,-1.65390194,-0.20055859],
[-0.43437419,0.12231116,-0.44318639,0.19070386,-0.49561232,-1.56782245,-0.94975947,0.88107746,0.69449997],
[-0.41397231,0.35710348,0.73980693,1.53160241,-1.09097185,-1.15156076,1.36143356,0.70377786,0.84351985],
[0.48311549,-0.67768224,1.5453986,-1.2292004,-0.96059842,-0.60617686,1.19277562,-0.37123163,-1.82270438],
[0.86646734,-0.03365509,0.05124406,-0.68542845,0.9198711,0.60837498,-0.48726656,0.96406982,-0.90949971],
[2.54751242,0.13665318,0.13457149,-0.3585485,-1.36425544,0.11421822,-0.86868666,-0.12660838,0.91806991],
[3.13595895,0.27877651,1.93608789,-0.03893787,-0.42230418,-0.10337241,-1.37623655,0.46084212,1.63165778],
[0.28755992,-0.85372949,1.22367545,-0.17285595,-0.19104298,-0.03439921,1.52270014,0.29110008,-0.05827844],
[-0.38309924,0.51150558,0.29065623,0.17512277,-0.95713326,-0.91661251,-0.11535785,0.96910544,0.57021776],
[-0.79382162,1.04222562,-1.14860575,0.49953266,0.74964612,2.09597003,0.4515275,1.93826587,1.0385278],
[0.57485678,0.90431198,-1.23978378,-2.18361232,-0.12514494,0.33562454,-0.35878454,-0.39851772,1.3125728],
[-9.95261432,-7.61696787,-9.15013203,10.65733628,8.81141795,0.24634356,1.33943919,0.95519637,1.79418803],
[-0.00525072,-0.9033165,-0.09576139,0.36122873,-0.25315168,-1.28414786,-1.10011916,0.24938673,0.37885568],
[-1.58662315,1.33328386,-0.02449674,-0.06765076,-0.69551795,-0.29127395,1.29657524,0.80694767,0.34027879],
[0.59597256,-0.62944603,0.91424728,1.0742693,-0.71711041,-2.00774138,1.39567809,0.02146917,-0.98333447],
[0.90060244,0.93333432,-0.54364763,2.97739357,0.28636431,-0.22113183,-0.64887354,-1.06550627,0.54989036],
[-0.83892404,-2.03436852,-0.03239069,-0.09700518,0.54321406,0.7942302,-0.54666062,-1.37596433,-0.52675794],
[0.2222435,1.07509128,-0.62834099,0.1190617,1.59380041,-0.86180593,-0.32898058,-3.25606465,-0.5872989],
[7.4954358,9.67039997,9.73489807,10.28604581,-10.24975472,0.01716369,-0.52387812,-0.42793109,0.90172393],
[-1.07759633,-2.08755301,-0.12055909,1.10997493,1.63928864,1.9475414,0.28546687,-1.9759449,1.24488149],
[-1.9954483,-0.78147675,-2.31317983,-1.50800445,-0.43535986,0.72689871,-0.36684695,-0.38165691,-0.66765898],
[-0.48311054,-0.95515524,0.19267291,-0.5646412,2.84019852,-0.52643299,0.83079503,0.06443548,-0.79723368],
[-2.4887505,-0.1783315,0.85509994,0.49974418,-0.85380718,-1.07482714,-1.60652919,1.35871225,-0.61538208],
[0.77597186,-1.93039888,-0.12160771,0.78167954,-1.0832171,0.02477268,0.12217214,-0.10544513,-0.94259375],
[-0.18641385,-0.53826164,-0.24860746,-0.880348,0.25353889,-0.1372147,0.98537567,-0.02971254,-0.36540574],
[0.53601437,1.47248157,-0.13074441,0.80470464,1.2360621,0.93334333,-0.46645208,-2.11772581,0.68269033],
[-0.40406016,-1.94847984,0.01696872,-0.71677844,-0.70841146,-2.05198044,-1.95304467,1.72123435,1.19857783],
[1.8389339,1.75879105,-0.06155212,-0.70132132,-0.14012786,-0.44227197,-1.7643356,1.782341,-0.09573412],
[2.34385790e-01,4.72715384e-01,2.36915078e-01,5.79006003e-01,-9.63897355e-01,1.35255042e+00,-3.04141661e+00,-1.74192492e-03,5.27448407e-01],
[-0.59979131,1.25845471,0.5682571,-1.63735817,-0.64306496,0.18577751,2.26359344,-0.67735101,-0.45676523],
[-0.26723256,-0.09337304,-0.06712272,-2.29483946,0.29349372,-1.25640723,-2.84488406,-0.81122184,-0.10803117],
[-0.50855071,0.3490116,0.98159427,1.44375119,0.74488639,0.67658083,-0.23279476,0.77936351,-1.51248173],
[0.69943155,1.45074213,0.39740383,1.44933659,0.0537905,-0.64899745,1.40352439,-0.02597686,-0.18557194],
[0.94102184,0.73361666,2.58714835,0.92035095,-0.57642766,0.82857311,1.04938313,-1.42928954,-1.51408617],
[0.74534269,-0.23689914,-1.00330189,1.03021077,2.86871669,0.86125465,-0.33602493,1.03255105,-0.61876137],
[0.87931232,1.12349707,-1.70053554,0.17510051,2.67119464,0.61057582,0.1793025,-2.32220477,-2.31010419],
[-0.07287889,1.52055864,0.46516366,0.60636238,-1.39484225,-1.03126309,-0.1903874,-0.719139,1.45865998],
[-0.48472021,1.63555077,-0.6235652,-2.37591182,-0.66986254,0.70077805,0.18942668,0.23294621,0.16887895],
[-2.37554842,-1.0709722,-2.56185091,-0.89277678,0.22668383,0.10615138,0.72780789,0.3105258,-0.15933146],
[0.12300702,-0.56596956,-1.58872004,-0.94682427,-0.2484086,1.47059751,-0.62233408,-0.88444249,0.40849694],
[1.44107385,-0.31634131,-1.43997289,-0.37849556,-0.53856401,0.75366581,-0.48624654,-0.15728789,-1.80487034],
[-0.90377484,-0.50379223,0.44789954,-0.24640599,-1.53023459,-0.25176103,-1.20418601,-0.72352915,0.82298176],
[-0.39193635,0.00327835,1.46836064,-0.82722665,0.53176186,-0.72416137,-0.07612095,1.59603965,1.54151589],
[-0.41566261,-0.06660219,-1.25715227,-0.67746784,-1.328676,-0.54982114,-0.03497712,-0.60713049,0.13821595],
[-1.01790351,0.20187258,-0.65467181,-0.62758527,0.57223397,2.11718074,-0.42476413,-1.0004854,0.49388651],
[1.11118172,-1.03715243,0.68878535,-0.44817178,1.77145907,-0.13770926,-0.80453248,0.27240189,-0.14113983],
[-0.15357184,-0.07808586,-0.61992885,0.66440516,-0.84386718,0.29820379,-0.17578602,-1.15449441,-0.32245648],
[0.42823525,-0.21357001,-0.30715978,0.56296547,-1.60412298,0.27203984,-0.08565048,-0.04138707,-0.69876377],
[0.33000694,0.79850457,-0.62988284,0.43740098,1.00353702,-0.83621977,0.53506192,-0.30516745,-0.6638358],
[-0.22653167,-0.12003444,-0.15527568,-0.12805724,0.63198888,0.88949416,0.32004039,0.44828402,-1.43600463],
[-1.44084545,0.1354477,0.33704833,0.61003086,0.69089309,0.286294,-0.69786357,0.09327028,1.36319935],
[0.31995734,2.53010101,0.82416942,-0.02412861,-0.37747142,1.22813962,-0.59701141,-0.12420317,-1.42317775],
[-0.80039775,-1.21712951,1.43693368,0.64950118,-0.38929011,-0.94574709,0.47502489,1.04702491,0.32943782],
[-0.1595031,-0.66802451,0.86677514,0.2543505,-1.93914504,0.37225473,0.25196832,0.06010275,0.00922939],
[0.21998961,-0.50545458,0.69858822,0.17320218,1.09522998,-0.48907345,0.29767909,-0.58621348,-0.23455409],
[-0.73992873,0.10719867,-0.83791046,1.95463376,0.10024307,-0.8522861,-1.36301014,0.10038275,0.02591356],
[0.12201244,-0.38566183,-0.52735312,0.1836247,1.20927039,1.20514963,0.45131187,-0.04457902,-0.97323108],
[-1.34807499,0.3408398,1.40394437,0.14653828,0.53006506,-0.15120171,-0.39916395,-0.41183081,-0.43124146],
[-0.63674476,-0.50677148,-1.59865721,-0.38578833,-0.33552629,0.70714421,-0.43350783,-1.13627541,0.61416058],
[-0.38962048,-0.34041835,-1.18906962,0.44650594,1.70000298,0.10610439,-0.05867151,3.3587362,0.36739241],
[-0.31185212,0.77189141,0.06827496,-0.20113719,0.45133987,-1.44737574,-0.01641148,0.9718507,0.50820487],
[0.71527516,-0.70637003,0.52404414,-0.16650799,1.1440869,-1.67475684,0.651613,-0.11566354,0.19877906],
[-2.26073596,1.66063134,0.76236626,0.8097029,0.55752601,-0.64406334,-0.03611319,-0.45527572,-1.53867652],
[1.11593263,-1.34012454,-0.33098982,1.73805572,-0.99007561,-1.38955692,-1.98053207,-1.14399057,0.48723326],
[-0.83516765,-1.50211315,-0.40641215,0.08074944,0.33789382,-1.92051842,0.60185131,0.52659394,-0.63600117],
[-0.32351128,0.02312771,0.331224,0.23204113,1.18868325,1.05966637,0.76135556,-0.15213392,-0.56569126],
[10.14680668,9.56774568,-11.14394744,-10.93130203,-8.51167154,0.1098443,0.20232514,0.53181556,0.8085642],
[-0.29875947,1.08752074,0.9925853,0.6988872,-1.79921123,0.14664454,-1.28658679,-0.14501419,1.15995905],
[2.44579508,-0.64426258,-0.3677984,0.09840868,0.97407904,-0.07230293,-1.70257767,-1.0239959,-0.13789405],
[-10.89585367,9.42074164,7.6105127,-9.50645733,-13.0738463,0.81697048,-0.33385635,0.5006659,-0.90353535],
[1.56606666,-0.10369248,0.63119172,-0.36012765,0.05622638,0.84901112,-1.3018861,-1.57544234,-0.82910464],
[0.52398216,-0.03346406,0.48450776,-1.04152604,1.10520833,-0.62539185,-0.67552992,-0.38708939,-0.76459755],
[-0.49043137,2.02325292,0.55237191,0.97838549,-0.44554734,0.48234077,0.32152361,0.29343891,0.75498526],
[-1.35030435,1.26004358,-0.87724328,-0.4743291,-0.82055818,1.40337122,0.46400704,0.7598662,0.03399737],
[1.24649321,-0.40747477,-1.10260003,0.64858742,1.19080222,1.35125705,0.27293764,0.08076921,-0.09422918],
[-1.86735841,0.24898737,-2.62855769,-1.26003342,-1.56937552,-1.79250313,0.28052027,-0.21582844,0.55060931],
[-0.93148949,-0.37074109,0.281647,0.51087737,-0.09678425,0.05226366,-0.67976645,-0.80548078,2.05945852],
[-0.18339792,0.89904864,-0.19816395,-1.4292629,0.72971774,-1.71325849,0.03480266,0.82430931,0.2504627]]
[-0.2283308,5.41164685,-1.84209894,4.68690204,-4.99206722,-0.25062638,0.05041443,2.07303931,-5.83585237,-3.21690452,-1.51572487,-1.59807366,-0.88216516,-2.8286661,-1.15562599,2.10122056,0.98896968,-1.16317956,-1.05831117,3.88894806,3.668651,-2.13815555,1.80871178,0.18631971,-0.68746665,-0.21644207,-11.17425008,1.03016012,1.45515433,5.63217407,0.24679798,-8.97857661,0.57035038,-1.615166,-0.60459589,-1.59162421,-2.08150354,-2.48093432,-10.83846972,2.82399874,2.13748613,-3.24825706,-0.43229089,-7.78790487,-1.20440906,0.25664321,-0.7912268,4.01583111,3.70243011,-2.15193806,2.77317822,-0.41408806,1.60483743,-1.38544032,-1.02714347,-4.24638155,-5.31829089,-1.51157355,-1.94721715,-0.92883024,5.73405329,0.05014814,2.02752235,0.5285465,-6.51691517,-2.21214182,-10.51010062,4.91543652,0.39711177,-3.3207112,-0.76337344,0.53770799,-3.43992873,-2.65487765,-0.59841141,-1.76099578,2.25969218,-0.24195082,4.48002997,-0.47025322,-1.51320939,1.61067391,-2.29808082,-10.02431673,-0.91011406,-2.14297459,-0.60279472,2.20617151,-2.00969621,2.33507329,-12.09939238,0.79167864,-6.00395177,0.54999266,-3.20208589,-1.52777344,-2.40712634,4.54461785,-5.32755536,2.25701681,2.18954865,-1.27606181,-3.79415388,3.95871619,3.7486533,7.20026599,4.17241307,5.4940143,-0.68306779,-2.31104707,-5.34444124,-1.88207458,-0.36041738,-2.10896865,0.1590512,-4.65481299,-0.2176788,0.60914982,-0.2053345,-1.05269366,-0.06836716,1.94184135,0.33826825,4.28396233,-0.63257803,-1.57599426,1.34548889,1.29240552,1.26899192,1.40648102,-2.26336484,0.86015198,0.13648308,0.72208169,1.58727025,-1.23134295,-5.8015282,0.92725205,-7.49084366,0.64953526,2.98660236,-9.48247385,2.78705264,0.66590581,3.20527692,-0.51713754,1.55050431,-8.93492063,-0.63226392,-2.5525839]