[[-0.29037308,-0.13543721,0.14298246,-0.00618335,0.66212625,0.89838689,1.56505095,-0.9194465,3.48989127,-0.07156368,0.43258709,0.03769367,-0.1793911,0.18559242,1.05954923,-1.16699005,0.46246445,0.76557048,0.29030733,-0.31787121,-0.22281711,-0.53968103,-0.54027152,-1.85762146,-0.33267931,0.18430889,-0.76597941,0.6716755,-1.39148296],
[-0.51958915,-0.09521352,1.38391287,-0.16233368,0.78600365,-0.93325254,-0.37477903,0.3511275,-0.5376815,-1.89726221,0.23824665,-0.21734052,0.09944697,0.74475156,0.5609624,0.14504823,0.08348268,0.99100133,-0.91947376,-0.03686469,-0.09038828,-1.073069,1.47514018,0.10170617,1.52632171,0.32798548,-0.96651039,0.76670623,-0.24915356],
[0.5685968,0.17639135,-0.80745522,-1.11558917,0.12124575,1.22855663,-0.26766736,-0.63938212,-0.84699126,-0.73314503,0.90319299,0.02836862,-0.06148123,-0.60629231,-0.42858656,0.87527204,-0.17131441,-2.25816661,-0.72004971,-0.42042998,-0.84000079,-0.02732663,0.60388517,0.80120633,-0.54371449,0.19582231,2.00138088,0.47043255,-1.56879368],
[0.15693033,-1.58482671,-0.86863774,-0.03552925,-0.41342068,-0.5735655,0.62800942,2.12600466,-0.10674532,-1.40588726,0.65480004,-2.16342485,-0.87200471,-0.86167155,-1.58102913,0.67156236,0.6347921,-0.27586306,-0.61523602,-0.8042921,0.40210009,0.29276289,1.29812067,1.1849492,1.02826109,0.63792932,0.74760784,-1.63508433,-0.14778394],
[1.25657404,0.68378258,0.48800936,-1.11440682,-0.70310881,1.24839227,0.23806979,0.92922399,-0.39262981,-0.79920488,0.33646246,-1.95360105,-1.16260159,-0.15444709,-0.42421741,-0.14750521,-1.04968996,0.13101849,-2.0947446,0.39689595,0.59852826,0.33590117,0.23975934,-0.65164815,-0.72484543,0.02032488,0.41180121,0.58106719,0.48718074],
[1.74150749,-0.42135646,1.32346014,-1.35662942,-1.16466878,-0.63733793,1.41499305,2.54956596,0.10970938,-0.69056165,-0.47346837,-1.4128679,-0.22103717,-1.01576173,-0.52147441,-0.85473943,1.20682062,0.99406793,-0.74104098,1.30600467,0.38923951,-1.04747077,-0.07364499,-0.88805755,0.61532777,0.25763745,2.01516494,-1.23666338,0.25299259],
[-0.56893683,0.9642106,-0.74357021,0.41984265,-1.05471753,-0.24289956,-0.38207487,-0.07732365,0.25524667,0.75381951,-0.74196561,-0.16739396,-0.02536224,0.90318708,-1.2362585,-0.13607552,1.16118667,1.14792971,0.4843117,-1.0320335,0.19928067,-0.04196676,1.29380834,1.75126944,0.95040551,0.96903579,-0.24434603,1.44160916,0.40934322],
[-0.22503648,-1.18158559,-0.06428489,-0.4727899,-0.19095631,1.36760925,1.18657215,2.21389945,1.98448817,1.13857353,-2.02803141,-1.24400229,-0.71303436,-0.71149702,-0.68895516,-1.57979046,2.3762206,-1.32000532,1.14112566,-0.67916749,0.79458321,0.67940988,1.10029166,1.00782023,1.02558825,0.91237944,-1.10018604,-1.0234039,0.61183229],
[-1.20046292,0.88994731,-0.83087467,-0.04260956,-0.18964808,0.85427857,1.66443287,0.79087504,0.22982342,0.87405725,-0.86330625,1.57607181,2.31607578,-0.3648123,-0.18510393,0.6473932,-0.64132501,0.01273899,-0.35423115,-1.17178591,-1.3380618,0.06823487,0.70661427,-2.22790683,-0.13606993,1.5703408,-1.22048906,-0.63202358,0.32718065],
[1.00993474,-0.58519535,-0.57969154,1.72781363,0.45284257,-0.62787924,0.06506767,-0.77577552,-0.2903615,-0.28001356,0.16470045,-0.98121699,-0.04839197,0.17755538,-0.64146298,2.4054638,-1.14717644,-1.22977093,1.52290763,-0.93657616,-1.2429015,-0.6934649,-0.86905151,-0.01957245,-1.13321209,2.30133818,-0.21439564,1.34624419,0.13046817],
[2.33388609,-0.75554389,0.94136534,-0.96534757,0.58378319,-1.2908282,-0.46069654,0.50306584,1.69302245,0.83596119,-0.32090469,-0.64688592,0.35662445,-0.67993205,-1.03324617,-0.3854459,0.77202341,0.70501996,0.79241739,0.11636212,-0.34358773,1.55191691,-3.6630342,1.89136828,-2.07492079,-0.27908832,-0.73762022,-0.32530612,0.12171482],
[1.13388176,1.04823441,-1.05251228,0.46767725,-1.1697004,0.32797574,0.83047141,0.44746614,-0.7761285,-0.77124573,-1.28395667,-0.26287621,-1.4008888,1.11902701,-0.09356998,0.24383763,-0.59587778,-0.411152,-2.16674074,-0.16837717,1.37168637,1.36730225,-1.04404389,-0.30298198,1.06715459,-0.98283273,-2.16901306,0.20531269,0.28288811],
[-1.18420592,-0.22932572,-1.61835193,-0.57638878,2.37812443,-1.92746835,-1.06281446,2.40704239,1.05832667,-0.55849413,-0.49092436,-0.07266454,0.00913175,-0.14334229,0.98302511,-0.03838085,-1.00530758,-0.09237838,0.46181035,-0.22083022,0.8922037,-0.93742132,0.08077916,0.66607652,-0.25161566,0.85098245,0.58296557,-0.74285844,0.26463691],
[-1.09774728,-0.45828006,-0.09415512,-1.0353445,0.41183353,1.0986617,-0.61741304,-2.14851813,-1.12303771,0.62542997,-2.58814337,-1.5989677,-1.20786419,-1.11712387,-0.68808397,0.69069345,-0.15581945,-0.53800925,0.44747971,1.03046198,-1.62432988,0.76499424,-0.46032592,2.02146899,0.3281828,-0.71446554,0.57192864,0.53956908,-0.54348886],
[0.10846622,2.29717701,0.26703522,0.73540783,0.52309808,0.95954437,-0.27276266,1.18954936,0.71289823,-1.93721002,0.82401081,0.08378455,2.12895635,-0.54784244,-0.47178049,0.32537805,0.53167618,-0.82010852,2.1834191,-0.93792705,-0.39252,-2.01299687,-0.01787484,-0.33651157,-0.81325891,0.90297288,0.33572119,-0.25866796,-0.34936039],
[-1.59177435,-0.49992214,0.3075337,1.58606024,-1.12367049,1.3113092,0.59679253,0.27368488,-0.80648464,0.13969532,-0.06858384,-1.25350958,0.11443416,0.21866524,-0.11772166,-0.34477628,0.15368374,0.44603674,1.60822199,-0.51251666,-0.29049273,0.49988192,1.372607,-0.37416687,-0.10241123,-0.41610564,-0.16468661,0.37726319,1.23463675],
[-0.57740157,-1.08727742,-1.01335711,0.246332,-1.06623292,1.01564032,-0.23909367,1.27873084,-1.41686824,0.22721479,1.61617421,0.53058948,1.04823771,0.07050937,-0.41699318,-0.87337263,0.47850275,0.09504171,-1.1570301,-0.74601467,1.71988797,0.0399658,1.18653546,0.94978329,-0.11536659,-0.76640607,1.0403234,0.3500124,1.59859428],
[-1.32192007,0.98806008,0.33399727,1.1320987,0.17293327,-0.04709533,0.61183485,-0.43425668,-0.71401035,1.40763224,0.47711726,3.03864409,0.80058079,-0.72145735,1.58266944,-0.18802518,-1.49440527,-1.5030764,-0.86201413,0.03369491,2.08894662,1.3445511,0.59470415,0.59593115,-0.06806366,1.04049997,1.35812558,-1.90698269,-0.0099756],
[1.08311837,-2.47646204,0.11089389,1.31605206,-0.28184211,0.57430914,-0.09955398,0.37355452,-0.68538291,-0.55866701,-0.54270844,0.52730449,1.63465321,-1.18115859,1.10597884,-1.22064158,-0.04095814,-0.70504433,0.0700958,0.02523768,-0.9594415,-0.02534116,0.3669733,-1.20530738,-0.06171666,-0.01413327,1.32227995,0.63013429,0.50386746],
[1.4185989,0.12238053,-0.84582494,-0.44901698,-0.83440851,0.23725066,-0.799707,-0.88278724,-0.64375895,-0.53825876,0.54463293,-0.40003029,0.03876038,-1.15069984,-1.26027569,-0.74007435,-0.74605802,-0.06584945,-0.60932733,-0.1447227,-0.87571927,0.73480455,0.345114,-1.07779116,-0.3338357,0.37054846,-0.69987617,-0.15502743,-1.09101545],
[-9.6104018,-11.08722291,11.47608312,11.2971854,10.85349351,-0.14736411,-1.39683739,0.91653622,1.48027417,-0.54930446,-0.474909,0.08271412,0.257027,-0.46626013,0.36747649,0.36567099,-0.29478574,1.22349905,0.32014286,-0.97454894,-1.00927009,0.07537988,-0.79394585,0.88979896,0.56866535,-1.23685087,0.79744093,-0.58324202,-0.39459601],
[-0.13748624,1.42519505,1.46650116,-1.80489162,-1.00638577,0.65181656,-0.3205254,-0.10017027,-1.97375331,1.0903899,-2.56336758,-0.4681,0.05912635,0.53762794,-0.40171837,2.00348791,-0.9561954,0.01139341,-0.13631164,-0.88991788,-2.31955238,0.00276715,0.15064006,0.09774463,-0.97662865,0.58596695,-1.55769171,0.4366588,1.09891422],
[-0.74517636,0.39928701,-0.13269521,-2.3169076,-0.33173353,-0.06479459,0.10074638,-0.04623421,0.28606851,0.04049077,-0.05908749,-0.53995834,-0.01295473,-0.83375177,-1.16664833,-0.3399265,-0.29027947,-0.28632375,1.79981572,-1.11323242,1.61429045,-0.1383585,0.81531713,0.30885731,-0.69617873,-1.07523167,-0.53527518,0.75118149,1.3907681],
[-1.48794788,2.05366671,0.02951234,2.07827574,-1.51848796,-0.95323614,1.39451588,-0.59694101,-0.81224188,-0.21958996,0.11287191,-1.97758737,-0.99478633,-0.39661469,0.99211559,0.40130381,0.36803613,-0.20293193,0.49564486,-0.72846503,-0.46423295,-0.03254499,1.11055217,-0.89703958,0.8112879,-0.3307024,-0.49508185,1.42158256,-0.68035458],
[0.1473984,-0.46251433,-0.01535751,-0.46988666,0.56786899,-0.57555166,-0.37419865,-1.23253383,0.14794537,0.42330444,-0.99999627,-2.05296215,0.98587074,0.1554432,0.06127599,-1.7577493,-1.30249477,0.38596318,0.19961689,-2.48557556,1.13740628,0.45290713,-0.668658,0.65466678,-0.64442354,-0.92028235,-0.61212968,-0.40992802,-0.54249585],
[1.00598310e-02,-7.97162536e-01,7.64186471e-01,-1.31239436e+00,1.15527931e+00,3.70569667e-01,6.86400663e-01,6.29740401e-01,-2.44128097e+00,1.92907704e-02,-1.21730011e+00,1.76789704e-04,1.18131923e-01,-7.50654404e-01,1.17623777e+00,-5.16908846e-01,4.31726215e-01,-1.48947642e+00,-1.65807556e+00,2.06912716e-01,-1.38529072e+00,-1.22811861e+00,1.05881855e-01,-3.22523024e+00,9.71562938e-01,-2.49776429e-01,4.95842728e-01,4.90726841e-01,4.60581984e-01],
[0.91088829,-1.8111408,2.4035504,-0.13292896,-0.83217345,0.62629855,-0.42550901,-2.70683391,-0.93232605,-0.75184755,1.93781286,1.99101627,0.40561569,-0.65576775,1.36165135,-0.70798207,-0.03809575,2.52964347,0.56519748,-0.48069528,-2.1290223,-2.00265439,-1.63081177,-1.11677968,-0.64437217,-0.95496828,1.14084774,-1.21365187,0.64071754],
[-0.11656574,-0.05002121,-0.84708503,1.32596531,1.12787451,-0.33955503,-0.18222191,0.2802321,-0.00414665,-0.32985594,-0.47647984,-0.03747361,-0.11667711,0.87582632,-1.3851606,-0.09519124,0.14083518,-0.2160548,-1.40474929,-0.15779762,0.4655415,0.30262302,2.19456426,-0.69712518,-0.14818534,0.38346395,-0.27186085,0.97364615,-1.43553971],
[-1.01642671,-1.6360859,-1.02858459,-0.48883482,-0.68127904,-1.78447803,-0.39782963,-0.07844245,-1.18544397,-1.43192283,-1.17608753,1.19418308,0.78679064,0.15977828,-0.46148016,-1.90910687,1.79542699,-0.19288071,0.5230905,-1.01689324,-0.80007942,-0.35958447,0.55202689,-0.58496638,-0.47740039,-1.61421047,1.12130961,2.04896524,1.06457377],
[-0.04784515,0.08940544,0.47248927,-0.76336385,-1.15194564,0.5445526,-0.62138886,-1.71088494,-0.7951866,-0.98967695,1.30236623,-1.48748426,0.21078015,-0.9484233,-0.55903467,-1.16595894,-1.44489436,1.27171219,0.77321003,0.58397935,0.25572047,-0.81618766,-0.42427345,-1.17799381,0.03574443,1.88283634,0.58108225,0.32186499,0.33277322],
[-0.11070978,-1.53818007,1.09695573,1.15496141,1.37438338,-0.38273245,0.10704112,-0.78824341,0.79324839,0.4139906,-0.04091551,0.42166331,0.08216249,1.26882337,0.07783975,0.34230799,0.35598302,0.15940698,-2.6164987,0.02125001,-0.45782325,0.35151329,-0.6220249,-0.61772044,0.23649673,1.40578449,0.39889173,0.1180675,-0.31709731],
[-0.16563305,0.46628388,0.61442853,-1.18232673,0.68601781,-0.03550476,1.22609734,-0.6746838,-1.099563,2.00529074,-1.22229268,0.50081173,-0.39625772,-2.01636294,2.0024308,-0.7003958,0.00432153,-2.54271498,1.80304854,-2.57604642,0.59997959,-0.51376404,0.18027857,-0.44087429,-1.09108407,-0.20935191,-0.72017413,-0.83011604,0.37209384],
[0.123094,-1.59028726,-0.23394112,1.03786969,1.58917713,-1.68001775,-0.78661189,-0.31591066,0.169289,2.25814818,-2.40289995,-1.47463502,-0.03189216,0.32212199,-0.10521837,0.26589453,0.14380032,0.23777581,0.6209626,-0.75183616,0.16341546,-0.3331218,2.31745473,0.67377422,0.24737246,-0.14462398,2.61383979,0.11191282,-0.92721925],
[11.78038068,7.62899393,-11.56739482,-6.3370786,11.59519515,-0.37125223,-0.60384413,0.30415833,-0.6581079,-1.17573617,0.54623314,0.88760098,0.44621686,0.13311328,0.55501401,-0.10414901,0.37750328,0.03469968,1.26173578,0.21852886,0.83684824,-0.33461984,0.01458882,-1.95263949,-1.72932161,1.06641025,1.68884824,0.7684837,-0.80813838],
[-2.32698926,1.2713563,-1.29430898,-1.18746073,3.38443011,-0.84546131,-1.42876579,-0.10447754,0.74496774,-0.60395566,-1.58061424,-3.32022203,2.4612211,0.60853944,0.98322533,0.34524188,-1.38288485,-0.1286643,-0.3240165,1.02293263,0.06298954,1.88114124,1.04394853,-0.84432954,-1.43450197,-0.70429419,0.78402135,-0.43536755,1.00089148],
[-1.04307607e+00,-1.02953481e+00,7.60126929e-01,7.57505323e-01,1.78603819e+00,1.36658760e+00,1.30652195e-03,-1.46087479e+00,1.06719509e+00,-1.49445175e+00,3.02074054e-01,1.41445118e+00,-7.08631953e-01,-5.27853415e-02,1.81661196e-01,1.02756270e+00,2.67391556e-01,-9.34557338e-01,-2.13072032e+00,3.77761022e-01,-2.07687900e-01,-5.30748902e-01,6.09798360e-01,-3.96376009e-02,-1.46610632e-01,-5.90793403e-02,3.32629821e-01,-6.61802630e-01,1.97156356e+00],
[1.55205836,0.60291813,-0.19637531,0.2510331,-1.0174427,0.62243999,0.30346461,-1.41148381,0.5369751,-0.24271639,-0.41574059,0.33324762,-0.10110271,0.80368697,-1.45152271,1.58676418,0.31793301,0.27513124,-0.472825,-0.46424456,0.89031434,0.70161483,0.25306497,0.07026459,-0.98659803,-0.11047572,1.01688549,0.75434209,-1.09245649],
[-5.99137846e-01,-4.25839787e-04,3.59049600e-01,-1.08674317e+00,-5.05029737e-01,1.77686202e+00,1.55949284e+00,-5.37466557e-01,-1.12862675e+00,-5.96261597e-01,1.22511697e+00,-5.85097720e-01,-1.50367359e-01,-3.85186663e-02,8.01783320e-01,-2.74999294e+00,6.37939446e-01,-6.20317207e-01,-5.73993259e-01,-3.79646662e-01,-1.46309256e+00,7.34432708e-01,-1.82542730e+00,-1.21442796e+00,1.05024671e+00,-1.65241173e-01,1.01164281e+00,5.51095508e-01,2.72299952e+00],
[0.84313417,1.27862659,1.02446041,-0.55823615,-0.86364962,-1.12633978,0.85835057,1.10712803,-1.63580642,0.02486022,-0.67346038,0.44043205,-0.50026348,-0.67417002,0.47869993,0.1332202,0.62832816,-0.2456289,1.08979059,-0.73258154,1.5789422,-0.11308523,-1.19008251,-0.87019368,-0.84452734,-1.24600163,1.16696761,-0.73929872,1.44056695],
[-0.50420535,-0.14495549,0.99031596,-1.86537528,-2.31765625,-0.34496378,-1.93771281,1.24485122,0.24365953,-0.23994949,0.31113113,-0.1506273,-0.28807325,-0.65711149,-0.39424055,0.70588696,-0.70323945,-0.18897304,1.6832012,1.14864812,0.39880358,-0.77728039,-1.44874916,0.20842076,0.20222307,-0.3279011,2.35859873,-1.97023654,-0.56836589],
[-0.55289797,-0.02078038,0.39948812,-2.68055168,-0.65815407,0.26057143,-0.7373967,-0.86680148,-0.86506742,-1.25144451,-0.01471337,-0.71792254,-0.71581045,0.81224509,-0.6562744,-0.9577805,-1.85581336,0.05976234,-0.03245185,0.10691949,0.72208484,1.01289254,0.90403555,-0.1823346,1.53886006,0.41310393,0.34031036,0.43327227,0.01782462],
[-0.6941547,-0.52422457,-0.36409266,0.14848783,0.51413741,-0.90569671,-0.4679887,-0.5975096,-0.51266882,0.78303273,1.4274451,0.44545946,-0.55569536,-1.66887456,0.67406702,1.04408722,-1.23741981,-1.07898315,1.77203604,1.5895236,0.28851728,0.72198757,-0.68554112,-0.58206489,1.0497659,0.1212174,-1.88161401,-0.34386111,1.02785344],
[-1.31234279,0.25062104,0.8601027,0.22812556,-0.41994273,-1.01052935,-0.29022677,-0.37747064,0.04719013,-0.40148888,0.10200324,-1.12387384,1.19429746,-0.77769852,0.1658309,0.85122717,-0.21160752,0.47519998,-0.44716114,-0.08819913,0.57131479,-0.11858361,0.46135081,0.53979703,1.78999596,1.2563105,-0.23838383,-0.61747666,2.12152916],
[-9.85650364e+00,1.04428783e+01,8.13670918e+00,-1.23315825e+01,9.71597575e+00,2.01842941e+00,-7.61485485e-02,-9.68305238e-01,1.86307591e+00,-5.12951874e-01,-4.36777998e-01,-3.40001710e-01,5.40791079e-01,-8.33136408e-01,1.13468078e+00,8.64170065e-01,1.02383376e+00,-2.66251488e-01,1.18335531e+00,-1.03938192e+00,-1.61675689e+00,1.23577952e+00,-8.96550388e-01,2.38823595e-01,-4.76705797e-01,-8.15505536e-01,-1.50775849e-01,4.94270294e-03,-5.00755058e-01],
[0.86483933,-0.35819461,0.19876907,-1.67396707,0.14337974,-0.26704755,1.8399833,0.04088606,0.53390719,-0.41903133,0.41217341,0.38372776,-0.01753504,-0.53403103,-0.9319568,1.30975784,1.35455422,1.55514502,-0.80184053,-1.75029799,1.34455451,-1.09175729,1.53722617,0.65955999,0.41370014,0.39558656,0.85579233,1.02109649,1.17373145],
[0.07366674,0.06229259,0.06784079,0.08752869,1.41987504,1.59703529,1.3334681,-1.06658141,-1.28249075,-0.77999638,-0.14784324,-0.65801397,-0.16162688,-0.24006231,-1.92071723,0.38654545,1.67105133,1.49082337,-1.28582205,-0.18566877,-0.02524588,-1.2688102,-0.13660823,0.23132216,1.22879879,-0.04159134,2.18004847,1.51133178,-0.87720117],
[0.32656769,-0.81340278,-1.7377988,-1.76152501,0.79382517,0.04538541,-1.74864472,-0.50045665,1.43729735,-0.64630699,-0.98442891,-1.47750013,0.3864899,-0.4301994,0.23217191,1.05200983,-0.93115091,-0.14370423,-1.84670444,-0.55026835,-0.56673186,-0.36164761,0.02456773,0.99454117,0.511684,-0.64845083,1.18157402,1.96174361,0.55892362],
[0.42020863,-0.26994407,-0.27416328,0.67091353,-0.70973017,-1.96097885,-1.15943339,0.62599435,-0.67551525,-1.43741457,-0.18736751,-0.47434857,1.84370615,0.96636785,0.10471923,0.91497328,0.14944011,0.63393767,0.59963533,-0.72424728,-0.53291171,-0.15594338,-0.63266327,-0.24363867,0.20450556,-1.51538316,0.03476166,1.25263854,-0.13356023],
[0.70832307,-0.10029221,-1.24515187,1.85306865,-0.50969693,-0.3507988,1.30176077,1.00633892,0.34817929,-1.39991572,-1.68540686,1.06545833,0.01113363,-0.65157597,-0.96021899,-1.98484873,-1.42331232,-0.77739882,-0.32467749,0.61656351,0.03181788,0.85034455,0.29538011,0.23907072,1.02367771,0.44735729,0.83842205,1.27269992,0.18521044],
[0.14263341,-0.9945378,2.18484021,0.52833803,1.66211337,-0.08630982,0.08392692,0.88785968,-0.90234939,0.08767582,-1.20346738,-0.64333616,0.12370771,0.8150993,0.0932925,0.65489628,0.24179711,0.48454844,0.20372523,1.01734198,0.52705415,-1.0554086,-0.38828319,2.16019407,-0.39659848,-0.21285884,0.81503896,0.33060906,0.37962012],
[1.03252267,-0.5764169,-0.17593139,0.18249806,-1.3917697,1.34225206,-1.11292593,1.64541154,0.46373061,-0.68084921,-0.34231104,0.81958014,-1.34492924,-0.41292369,-0.41909035,0.10813993,0.12878744,-1.26305346,-0.56047856,-0.22006378,0.47167245,0.94235066,-0.44544391,1.90389348,-0.08346089,-0.18365484,-0.74885877,-0.35308302,0.51346133],
[-0.66165003,1.32101705,0.99280858,-0.07135858,1.04408268,-0.41493267,0.58644649,1.39025087,0.56382139,0.92577374,-0.53830867,-1.01324817,-0.20407113,1.49851643,1.61418973,2.19898227,-2.07989047,-1.64775457,-0.49274283,-0.91538274,0.28962779,-0.31371802,0.5525527,-0.57936638,-0.53334031,1.01562931,-0.14500702,0.62005762,0.77298249],
[1.32929276,0.80949499,-0.65346677,1.62247943,0.07578999,-0.53851486,0.12234725,-0.25700054,-0.57123011,-0.12288104,0.6198284,-0.50753642,-0.36404234,-0.18342916,-0.38542378,-0.81697884,1.57957031,0.04509762,-0.18670641,0.75617124,0.52990503,-0.55714673,-0.08983077,0.82448439,-0.33443885,2.21631427,2.19207488,1.51336135,0.09731064],
[1.41006337e-01,-2.27487645e+00,-7.83884200e-01,-1.68219165e+00,2.81025381e-01,-8.71386624e-01,6.36538694e-01,-7.40315388e-01,-1.50969577e+00,-1.68033442e-01,9.11411721e-01,9.53887597e-02,-6.32531163e-01,-1.35776988e+00,1.23484032e-03,8.16855000e-01,-1.25933780e+00,-1.86696834e-01,1.15189989e+00,1.31649189e+00,2.37067715e-01,-1.74344457e+00,-1.08644613e-01,-3.07376103e-01,-8.94960981e-01,1.70097379e+00,-3.62990978e-01,9.74689571e-01,1.04792834e+00],
[-8.4194023,12.09165689,8.74698298,11.96543295,10.14589101,-2.63773607,-0.35733515,-0.12471962,0.41695037,0.6046099,-0.81755187,0.4919702,-1.91664585,-0.02410309,0.86515303,-0.23524897,1.17931497,0.09252703,0.74000511,0.84922556,-1.887577,-1.78796583,-1.91244898,0.49437309,-0.39233636,-0.3864816,-0.8592268,0.22268626,-1.01261369],
[-0.56437909,-0.96312269,-0.51880021,0.51435874,-0.81020072,1.72589759,-1.25993016,1.41800991,0.05355936,-0.58448714,1.34138009,0.40748292,-1.42063971,0.48676447,2.20258459,0.33276139,0.28923142,-1.63923913,0.25544949,-0.79579434,0.126263,-0.02275009,-0.72831834,-1.75685879,-0.19093995,0.24514349,0.8138572,-0.86826694,0.21625994],
[0.374534,-0.31369057,-1.23627368,0.16518909,1.29637881,0.21138067,0.01113842,-0.15511178,-0.13562926,0.537436,0.69013746,1.09092341,2.07211444,-1.27714219,-0.2414424,0.94998147,-1.75388197,-0.95955134,0.34068321,1.02976349,0.07246858,-2.537123,1.10232402,0.55504206,0.09084839,0.99031063,0.4517642,-0.40164873,1.73835554],
[-1.22224495,1.07792762,0.66834476,-1.64385466,-1.53788469,-0.21084037,-1.38561869,-0.59422851,1.10517464,1.75473397,-0.53120218,0.43828159,-0.88150728,0.07884117,0.34075704,0.22684043,-0.90031314,0.99437972,-0.15401931,-0.23597385,-0.28703131,-0.06457977,-0.53513527,0.10540677,0.1279245,-0.03843931,1.00257091,-0.44123188,0.83594845],
[-10.43952514,9.99671397,10.55601615,-11.08621316,10.09155331,-0.93359582,1.3363303,-3.36428597,1.0386875,0.75936298,0.39817991,-1.48405242,-0.80244005,0.04009425,0.26291557,0.50187558,-1.8117631,0.9781951,0.95944425,0.49391791,1.24664006,1.42313528,-0.46899865,-0.35836338,-0.7698403,-0.77888541,1.06523794,0.0634491,1.16314751],
[0.34278477,-0.5431871,0.44825374,0.76991978,0.58420015,3.13956954,-1.32186748,-0.95686154,1.00462264,-1.03736715,-0.05272163,-0.28452551,0.75854784,1.4197415,-1.63779589,-0.8461253,1.50628376,0.53741506,-1.26826077,-1.15589842,-0.3165607,0.13117081,-1.10984646,0.4038216,-0.04752393,0.49789223,-0.03071683,-0.37941191,-1.52697387],
[0.16252193,0.7379083,-0.65729789,0.34635607,-0.96906729,0.0056908,0.64951026,0.2582304,-0.76749156,-0.56120344,2.28168861,1.82268174,1.20775027,0.42570927,-1.74922728,1.02885618,1.04285451,-1.82978285,-1.70082444,0.463867,0.07217976,0.38163894,-0.73038563,0.064072,0.78120837,-0.13292409,-1.88809903,0.74781,0.75945934],
[-6.05178764e-01,5.68416181e-02,-8.75402152e-01,-5.97114259e-01,4.48876902e-01,-6.67829622e-01,2.15935285e-01,8.64124498e-04,1.88405711e+00,-2.67015454e-01,5.23127795e-01,1.37650768e+00,-4.07949264e-01,-5.14994786e-01,3.84657448e-02,-1.65584880e+00,-1.39800652e+00,-9.13322073e-02,1.48905057e+00,-1.97220720e+00,-1.76265649e+00,-1.22437908e+00,-9.73891131e-01,-2.30613946e+00,-6.29601657e-01,-2.03870143e+00,-1.17803621e-01,3.16495488e-01,8.78083315e-01],
[7.89544137,-10.9533904,-9.9661891,-11.57420938,13.1262821,-0.61021943,1.44033274,-0.03063889,-0.71180908,1.04499285,0.61850073,-1.03267499,0.56518674,0.5898346,-0.01773649,1.57986264,0.41165161,0.86572874,-0.27564022,0.58668034,0.6809259,-1.39601699,-0.30077725,-0.45455659,0.35635874,0.22180045,0.05534948,-0.48370036,1.19530401],
[0.66671545,-0.22688152,0.86734951,-0.28423208,-1.51871668,0.67844276,0.70456665,-0.65985715,-1.09783947,-1.42591286,-0.66527858,-0.56115901,-0.79162049,-0.82226107,-1.0280158,2.65186207,-0.5942003,-1.31658459,-1.84606531,-2.03598769,-1.43852352,-0.02334516,0.57435647,0.02494498,0.19195459,0.49005932,0.48552317,-1.63063781,0.79145747],
[-0.08062579,0.36900566,-2.09822351,0.19037134,0.3592034,-0.37139789,-0.15806216,-0.92940465,1.17916409,0.28136083,1.39044646,1.36304124,-2.30767342,0.8360805,-1.19203217,1.16337297,-2.29296611,0.70494923,-1.30350531,0.28043638,0.4067936,0.67952766,1.72175032,2.35526855,0.64160614,0.49177271,-1.7289787,-0.84613895,1.59498731],
[1.09635959,-1.63943898,0.45720104,-0.35565661,0.01904264,0.83148272,1.38434912,-0.18793297,-0.48539895,-1.6489658,-1.44316365,1.25281207,0.56937182,0.81666216,1.10835549,-0.51900212,-0.58872244,-0.10593951,-0.80700158,-1.36912726,-0.87724152,-0.89147492,-0.43561584,0.30893816,-1.25865272,0.585439,0.31557587,1.01529784,-0.72764323],
[-0.04953846,0.51091178,-0.66914371,0.72178654,0.31233122,2.25438267,-0.2588053,-1.86385696,-1.60558568,0.75039034,-0.05045971,-0.10950601,0.02788788,-1.48544035,-0.6198188,0.03901811,0.03843186,-0.04159105,-0.50288575,-1.55742062,0.05574001,0.6071032,-0.33321488,0.90395455,-0.31966795,1.52378255,-0.92321208,-1.06260741,2.55656049],
[0.39793377,0.58828418,-0.78996837,1.4380704,1.16754923,1.95406043,0.39990518,-0.65243103,0.48376923,-0.86820259,0.80827671,-0.11014165,-0.54463957,0.31209997,0.31122503,1.39624968,-0.4258543,-0.25080169,0.44667794,-1.05262431,0.55380808,-0.24576733,0.97081964,0.39334085,-1.26666416,0.79996829,-0.59342199,0.32010644,1.49209101],
[0.9907576,1.19489885,-0.34209033,-0.13919043,-0.88734014,-0.91058166,0.27499184,-0.44863523,0.13143541,-1.47770009,0.99362016,-1.13035443,2.49790239,0.41795692,-0.50826208,-0.67640927,1.70194255,-0.59508776,-0.03231903,0.95012712,1.33040432,1.81981261,-2.0869773,-0.52888727,0.53450452,2.06667831,-1.04514734,0.49482552,1.14554249],
[-1.09523858,-2.26412777,0.71548375,-0.29692681,-0.20604267,-0.41661332,-1.61512785,0.56982237,0.25638493,-1.13268349,-0.02921336,0.98103533,-0.52813958,-2.14905785,-0.2814512,-0.20033515,0.15515184,-1.20692056,-2.01020772,0.3328307,-0.07346176,1.7277969,-0.33297348,0.94891376,1.30167437,0.72927079,0.22995396,0.3306216,-0.96560174],
[-1.0805821,0.44968281,0.19148247,-0.34255554,0.52129281,-1.33611796,-0.74337101,-1.35155823,-0.21460274,0.84375503,0.32260024,0.08012078,1.43255578,-1.08005349,-1.60590871,-0.61247505,-1.73466513,-0.89869708,-0.77202643,-0.72046191,-0.46733988,0.03967634,0.05290529,-0.03447753,-0.10095203,0.41083251,0.31655249,0.84825236,0.3912152],
[-1.93231402,-0.16382059,-1.45956481,1.50360343,-0.00325516,0.22690756,-0.82596949,0.50793652,0.81892821,-0.16355729,-0.08758153,0.0369605,1.27327584,0.09437664,-0.30286806,-0.38604483,-1.15091175,-0.30402812,-1.5272044,0.14174106,0.32741398,-0.76416201,-1.39582613,0.29048142,-1.73392797,-0.62050542,0.04758554,-0.39956173,-0.04062427],
[-1.12120747,0.08245899,0.5600771,-0.27381999,1.22626779,-0.4171703,1.80221101,1.6535377,1.17903517,0.0334234,0.31454031,0.92465802,-1.32140637,0.06443978,-0.88462002,-0.79459692,-1.70470297,-0.46418729,-0.13288415,-0.28351337,0.3197051,-1.81201574,-1.07828394,0.24095343,-0.41429874,0.28663171,-0.62174007,0.62691537,-1.02786215],
[8.31816553e+00,1.14910458e+01,-8.89329707e+00,-1.08099212e+01,1.11352993e+01,-5.55860228e-01,-3.62241154e-01,1.04586739e+00,-1.35082081e+00,4.31819487e-01,3.46336462e-01,9.32464479e-02,-1.42036260e-01,3.83700069e-02,1.61218861e+00,2.00249289e-02,1.37543591e-01,1.18822596e+00,-7.23553140e-02,1.64910760e+00,2.22973475e-01,5.74385437e-03,-6.35984525e-03,-5.57022015e-01,1.28976726e+00,-9.01018725e-01,-7.33435291e-01,-1.30906334e+00,-6.88239652e-01],
[-0.8356486,-1.60192557,1.85438559,-0.11040811,0.59631806,-0.84101963,1.99442207,-0.19154999,-0.70755639,-0.24009011,-0.07412393,1.02195173,-0.17045219,0.53227602,0.52345681,-0.71965544,-0.33754255,0.25453959,0.91587557,-0.35709657,-2.11769623,-1.37274961,1.63557362,1.00984921,1.06058956,-1.03467177,-0.04794914,-1.0434247,0.33725922],
[0.44404411,-0.98196086,1.03454827,0.11716832,0.8337853,-0.48963875,0.96126445,-0.00637446,-0.0591108,0.28477406,-1.91015153,-0.14439755,0.11944367,-1.59587711,-1.01631579,0.32799874,1.09992087,0.49905328,-0.24042776,-0.84560028,0.09566767,0.15301554,0.39499782,0.94331886,-1.23639438,0.49893823,0.58603716,0.33014347,-0.04774939],
[1.68155198,-0.67915704,-0.99130286,-0.81618607,-0.73913279,-1.73069543,0.13323967,0.91023725,-0.08729872,-0.9435255,-0.92276204,0.35981368,1.17953989,-0.32053986,0.45627911,1.0274118,0.54895906,-0.20316198,-0.82969694,0.69891907,-0.24830287,0.29295171,-1.81077283,0.42163318,1.17303205,0.14083724,-0.41011416,0.91217003,0.26304244],
[-8.64033038,-11.41982756,-9.49398156,11.36463581,10.85552523,-0.79894082,-0.71395896,-2.52595357,-0.63731942,0.20958512,1.93878393,0.31467422,0.8562828,0.19738834,-2.65659124,-0.75032022,0.478513,1.20453543,0.31356951,1.77813841,-0.12129377,-0.71300368,-1.02015128,-0.91719954,-0.48195664,1.51191916,-0.20757437,0.98755703,-0.34714402],
[-6.06133216,-9.37328523,10.42179926,7.89927257,-8.2479685,-1.5394105,-0.82622977,-0.62778529,-0.71784689,0.08781427,-0.0778668,0.68294268,1.04317163,-1.21448512,1.10594946,-0.3269821,-0.52031537,-0.87669227,-0.49587493,-0.24593696,-0.24277784,0.8489592,0.55620553,1.50608269,0.12898032,0.33620193,1.7077696,-0.8104837,-0.18766409],
[-1.21441235,0.79136413,2.68839795,-1.11174275,0.57127223,-0.4108751,-0.36230522,0.2317706,0.32487351,-0.7858682,0.54225669,-0.48865918,-0.93905673,1.27417544,0.01713845,0.09734337,1.48405773,-0.07010348,-0.12714827,0.34988923,2.10386278,-0.41377984,-1.15681187,0.13012835,-0.19943659,-0.39796159,0.46966311,1.38809513,0.19395974],
[-0.77694162,0.97581619,1.14898696,0.21584439,-2.40545859,-1.44059151,0.81709905,-0.46476762,-0.48960909,-0.7319514,0.14378861,-0.38665888,-0.35353981,-1.26538253,1.54423331,-1.02592683,0.54252714,-2.88099965,-1.96287962,-1.02202355,0.57227741,-0.35769764,-0.3215204,0.21615836,-0.10962353,-0.38725462,0.72705929,-0.0537,0.59699103],
[0.50151455,-2.16141888,-0.10462547,-0.29609513,-0.24394702,0.0218951,-1.55021631,-0.7281675,-0.15584111,-0.60951853,0.75385372,-1.14692405,1.20481441,-0.18610845,0.45915154,-0.29124772,1.55149642,1.02664453,0.48044875,1.13454565,1.60341227,-0.45876869,0.21522811,1.97463318,1.28039709,0.55259044,1.38636232,-1.04922019,1.08200172],
[-0.06478439,-0.27067832,0.6765916,-0.46947425,0.15180854,0.51152785,0.1814624,0.76387196,-0.18025309,0.5337304,0.2638409,-0.13918188,0.72428621,0.37334402,1.56713162,0.00469944,0.23866331,2.27075193,0.70451061,2.08841912,-0.18969277,-1.55499638,-0.95318273,-0.40021295,1.95837363,-0.52398835,0.83082662,1.42059103,-0.08990945],
[2.53680231,-1.08763536,-0.1106859,1.21322128,-0.58264487,-0.4909154,-0.05293725,-0.16224401,0.0581873,-1.2400447,0.0519667,-0.2030472,0.88140183,-1.92767258,-0.15446917,0.92059345,0.14156012,0.53542525,0.59061598,0.07595939,-0.69181394,-0.63605587,-0.23343796,-0.81838531,-0.58437108,-0.88102642,1.06483924,1.23619481,-1.55318109],
[0.92546006,-0.99052776,0.31274428,0.5491883,0.61834961,-1.11577989,-1.39116303,1.79597784,-0.9791279,1.61530567,0.94860837,-0.72169543,-0.27535121,1.35868044,1.64164169,-1.85343145,0.31904395,-1.13621086,-0.44577512,-0.74031375,1.14819079,-0.94297367,-0.37309949,0.7248215,0.19187186,-1.08570044,1.58098014,0.16682148,0.22834562],
[-0.56195778,0.69429757,-0.53562092,-1.29389449,0.98544452,0.49828995,-0.37748201,0.1183186,-0.78554643,-0.82940329,-0.27950416,1.06841645,0.50833985,-0.43260641,0.10643849,0.77948032,1.13637878,0.52797887,0.36100217,-0.21589747,-1.46601206,-0.82907811,2.12719322,2.03680105,0.66610288,-1.1486988,-0.83910753,0.17207189,0.75018979],
[1.68363555,-0.33071937,0.80186141,-1.51825106,-1.98190585,0.89530473,0.32085235,-1.96299294,-0.5089137,-0.45333424,0.5022575,-0.38552647,-0.99900455,-0.37633939,-0.9927026,0.10749118,1.22306261,0.21653457,0.80127063,-0.44046527,0.43787189,-0.09072936,-1.82248372,0.46393759,0.77510744,-1.44428279,-0.83949536,-0.09912973,-0.04371908],
[0.49895227,-0.23883643,0.99263961,-0.93339752,-0.20982088,-1.95996792,-0.702833,-1.46117877,0.91443547,-0.35267022,0.01264085,1.13675826,0.9088181,-1.11773905,0.08071442,-0.01286024,-0.60705943,0.8835023,1.72413316,-0.995453,-0.34755539,2.74299836,0.81478178,0.14399186,1.44403999,-1.22083245,0.68843194,-0.43790314,-0.59685569],
[-1.01624962e+01,-1.07444020e+01,-8.86923897e+00,-5.71690485e+00,1.05751443e+01,4.18637715e-03,-4.15853260e-01,-2.45094598e-01,-4.02467878e-01,1.66698108e+00,4.74006257e-01,2.08544993e+00,1.41354227e+00,1.27002318e+00,-5.62144925e-01,-1.92359247e-01,5.85167021e-01,-1.94040762e-01,1.21672939e+00,1.14182153e+00,2.20729886e-01,2.81383366e-01,1.49215783e+00,7.90408492e-01,-1.34254492e+00,3.73500065e-01,-4.43954662e-02,-2.32031613e+00,-1.07508323e+00],
[-12.36263356,10.87850943,10.6413194,10.9738492,-10.11452287,-1.65074248,-0.38852404,0.50409022,-2.03584635,0.37206408,0.41345366,0.11723512,0.41535567,0.72718687,-1.18458145,0.57293285,-0.40037861,-1.61170376,-0.29386955,0.39318178,-0.48882114,-0.10143092,0.01492183,0.52405897,-0.75637968,-2.78012305,0.68629514,-0.22960118,2.10355954],
[11.83001072,9.84515119,9.71428971,9.19728946,-9.71581964,0.20495934,-0.26012611,-0.25229659,-1.03036195,1.249821,0.85579018,-1.65339076,-2.79419879,-1.80220956,0.11740942,-0.69256633,1.1384255,1.56842946,1.0474453,-0.70404295,0.6782493,-0.16137824,1.16036678,0.85644965,0.80533399,-0.09245873,0.09388865,1.03274197,-3.16678983],
[0.73122734,-1.19987113,0.41323534,-0.74467528,0.61902268,-0.60892963,-1.09506207,1.18638108,0.73250443,0.3482444,-0.89721987,-0.82907089,0.28211741,-0.16561767,-0.03079839,0.67199103,-0.32126514,-0.74690247,0.37360732,1.84076577,2.15553878,-0.08692583,-1.41083254,-0.07612746,1.23121804,-1.42238327,0.62926677,-0.58073341,0.86892375],
[8.38145854e+00,1.05725158e+01,9.62593260e+00,7.42045463e+00,-9.93007361e+00,6.20376324e-01,-1.50023440e-01,5.10792813e-01,2.80349507e-01,4.60698826e-01,1.81501378e+00,-8.72852921e-01,-2.23868150e+00,-3.45831043e-01,-9.90675971e-01,1.05877836e+00,1.19996795e+00,-4.58728602e-01,-4.60925587e-01,-6.74280270e-01,9.05328688e-01,2.84328974e+00,1.52491528e-01,3.00924695e-01,-1.28831805e+00,1.06749467e+00,2.82499314e-01,-5.81059440e-02,-8.62745086e-03],
[10.11273252,-8.02635302,9.15723461,-9.89883497,11.04223168,-0.65928715,-1.12528819,-0.67945098,-0.05343369,-0.0436387,-0.29784849,0.53445533,-0.4023153,-0.19931015,-0.88540436,-0.7577099,-0.96469951,0.35138795,-1.64965818,0.47993162,1.06646626,-0.3128648,0.15818667,-1.53815461,-1.73033688,-0.60398292,-1.21481469,-1.46624998,0.67223026],
[0.57847531,-0.61853372,0.11813198,1.36643428,0.25917898,-0.21900468,0.09856794,-0.9489128,-0.57662202,-1.70416806,2.81581769,-0.28020252,0.0736759,0.24011183,-0.03313784,0.90423292,0.71778227,-0.59930363,1.47558256,-0.94447548,0.76799313,0.11163365,-0.123262,1.11307665,0.92570378,1.1942227,0.71989232,0.49217108,0.58739499],
[-9.73290171,8.70205167,-11.15859877,10.64169451,10.62324795,0.12827539,0.38519134,-1.15070424,0.03935478,0.06222601,-0.75878842,-0.15322719,-2.06259829,-0.77727338,-0.36258898,-0.9535164,-2.01429475,-0.34090587,-0.59050879,-0.73620128,0.57161676,-0.26346144,-0.96829276,1.3451504,0.09481551,-0.62344552,-0.22751446,-1.25011792,0.06294856],
[0.14452422,-0.31708139,0.8590645,-0.11137993,-0.58885416,-0.4086791,-1.46770506,0.22026487,1.22961957,-1.07541155,-0.4942325,-2.0858051,0.36642614,1.00949348,-0.79295101,0.35188058,0.90972194,-0.69054444,-1.5465834,0.5054063,0.37929764,0.24458609,0.12884774,0.56515058,0.06127472,-0.88277561,0.39036602,-0.12390618,-0.18041341],
[1.43741385,-0.96226225,-1.22166833,-0.41799277,-1.12834824,-0.61490076,0.80465052,0.30228867,-0.86606827,-0.72675732,-1.360543,-0.32247017,-0.82904033,0.51866172,1.96246535,-0.0757658,-0.79171838,1.01063904,-0.51547063,0.26391418,-1.11162957,0.75235319,0.46790111,-0.21635579,-0.6777273,1.42351786,-0.08515954,-0.24581889,-1.44938537],
[-0.50979399,-1.05360162,0.22847421,0.13796062,1.36068219,-0.40337218,-0.55179024,-1.16716447,0.75882409,-1.85188402,-1.35300378,0.65606699,-1.69128412,1.02974535,0.50741861,-1.08717778,2.34441244,-0.3007387,-0.09685907,1.53657064,-0.58723222,0.78947541,-1.18222958,0.93877953,-0.26966891,-0.31294571,1.53033173,1.01508081,-0.04329511],
[0.66045016,1.41860364,-0.29702142,-0.08213595,-0.1990914,0.22237409,0.07367444,0.91152658,1.73015814,-0.52278426,-1.08148172,-0.09288624,0.11330797,1.12545467,1.0823146,-0.53705556,0.45670767,1.07087292,0.23174324,0.64170311,0.52096192,-1.71454408,0.29122167,-1.14737983,0.98789666,0.15330137,1.21862127,-1.20844042,1.05610031],
[-0.39131973,-0.35133779,-0.4876082,0.92573257,0.92298008,-0.51262643,2.09382176,-0.92545947,0.55256212,-0.47110096,-1.19360275,1.15287973,-0.75551676,0.10721999,-1.28894067,-0.76836687,0.53843275,0.13901941,1.09028552,-0.14779674,-0.15615976,1.31284783,1.20994043,-0.13227709,-1.64716993,0.1145228,1.64044631,-0.20674072,-2.35255274],
[-1.06106086,0.57935699,-1.4072857,1.3245856,1.63455302,1.6060933,0.06822591,-1.20139644,-0.1607731,1.82362614,-0.17996944,0.18364769,-1.43726302,-0.42518972,-1.2038491,-0.19565563,-1.33803553,-1.45315088,0.14247271,0.75802431,-0.74976712,0.74949411,-0.86637698,0.71632947,-1.39152455,-0.29019762,-0.70244049,2.23773285,0.38878587],
[-0.35451892,-0.34156632,0.58140424,-0.48612396,0.52818837,-0.80955043,0.14376734,-0.55700285,-0.56996657,1.95052412,-0.93169839,0.78314247,0.34430787,0.42077266,-0.10910987,1.53173324,0.32421413,0.01300503,-0.48818939,-0.96010506,-2.74739646,-0.52963543,0.02561281,0.57764765,0.98950322,-0.7115036,-0.89724761,-0.2074951,-0.09861434],
[0.56764671,1.00638537,0.07264588,-0.63612385,1.34611045,0.37297881,0.5359763,-1.07694519,0.02999441,0.54218258,-0.55050612,1.32314149,-0.48250414,-1.42763954,1.42159342,2.10025286,-1.0171527,-1.12791384,-0.31352469,-0.09103155,-0.69179243,1.40202825,-0.1573909,0.41594112,0.05605744,0.96776898,1.59833962,0.34899606,0.92055667],
[1.55492261,0.52745327,-2.11512233,-1.12483324,0.67366648,0.04895974,-0.59613992,-0.2755332,-1.11435158,-0.08274074,-0.48912586,-0.70362921,-1.0344596,1.09266594,-0.54276491,-2.63762334,1.26719769,2.74825041,0.05578947,0.17854552,1.20342233,-0.47103296,-0.933939,0.57366301,-0.29250632,-1.26038014,1.05633992,-0.29577588,-0.81828941],
[0.43774445,1.45882471,-0.92204723,-1.65582737,0.70681572,-0.10446955,1.86417876,-0.90285575,-0.8487706,-0.46410553,-0.75346388,1.05223002,-0.74201687,0.43472035,0.82924694,-0.21150603,0.05192121,1.27938973,-0.88959677,-0.86955862,-0.35029921,0.50605003,-0.34659552,0.06728992,0.37311205,-0.64307524,-1.19111969,-0.98174768,-0.44707744],
[-0.42023626,-0.11876079,1.45484518,-1.08896213,0.28950545,-0.83779375,-0.51289742,2.58969436,-0.0320809,-1.33436861,-0.26448549,-1.10577929,0.82957992,-0.52702805,-0.97143561,-1.11487531,-0.22164303,-0.22763074,-1.71685465,-1.30241198,-0.33867185,-1.10773847,0.26350743,0.59185499,0.69316947,0.49670257,-0.75848703,0.99720594,0.41129724],
[-1.20450077,0.4414185,0.87192528,-1.02948981,0.96502752,0.01848571,1.35361393,1.07799281,0.31920346,-0.22005726,-1.42122631,-0.81401788,-0.19423632,-0.11789502,-0.21405564,0.8529166,0.92303198,-0.09276609,-0.92052421,-0.68621554,0.26669218,1.23304176,0.72127445,1.23361753,-0.21210789,-1.27851689,0.93643933,0.88862915,-1.25156346],
[0.50548596,0.74322578,-0.32668661,0.5328479,-2.1339471,-0.55877942,1.14620396,0.90416973,-0.96610967,1.97898211,-0.51689665,-1.88597867,-0.78225335,0.15938024,0.49705007,-0.56531496,0.57651664,0.40722101,0.41588153,0.19013633,0.89614983,0.71227548,-0.51111842,0.01028782,0.92208449,0.39041912,-1.13361035,-0.93808356,0.26779696],
[-0.47033856,-0.43990563,1.4828397,-0.16006758,-0.09517786,0.46211227,0.36285393,-1.4370863,-0.45046281,-0.49797491,0.04119279,0.89649124,0.62787396,-0.96045841,-0.8784993,-0.13266029,-1.93402437,1.63789829,0.42380787,0.24365985,0.932939,-0.09374106,-0.58755699,-1.05040875,0.26433471,0.49014205,-0.15098588,-0.82238564,-0.11239855],
[-0.47621267,2.84879079,-0.79378544,-0.04010687,-1.22583782,-0.39853394,0.60685796,-0.09637929,-0.98798274,0.42902561,-0.19677552,0.75550326,-0.27791521,0.24301837,-1.24914445,-1.03012767,-1.31552352,1.71327179,-0.45673928,0.13744295,-1.44271511,-0.51017473,0.46340638,0.25647941,-0.12171273,-0.5944398,-0.67375307,0.72864006,-0.34850268],
[-0.12171959,0.57344134,-0.16326079,1.3194718,1.35492228,1.05429592,-0.64570897,-0.65200837,1.00587956,0.04853726,0.74714246,-1.01598455,0.97214282,-0.29416398,0.65308847,1.69671299,-1.37171829,-0.26928143,0.62581113,-2.62601903,-0.22041162,-0.51204811,0.84306748,-0.22981243,-0.52246568,-1.73499958,0.15575329,0.06626209,-1.12900985],
[-1.00146597,-0.64011923,0.07074982,-0.45872113,-0.26746935,1.14402831,1.59108652,0.20983858,-0.17004827,0.13469228,-0.45332359,-1.69374696,0.55727781,1.10021614,0.10503621,-0.62293759,1.227751,1.12207813,-0.08558172,-0.21243161,-1.29894999,-0.3810294,-0.87343639,0.65383343,1.481876,-1.75619268,1.03477738,0.21567219,-0.05839747],
[-0.00291539,0.49968069,-0.13025842,-0.79491574,0.69031517,-1.05877336,0.24105291,-2.52145011,-2.19777654,-0.819329,-0.95178125,0.31442413,0.91504314,1.36906323,1.23706534,0.67787201,0.11830629,-0.0145427,-0.85586008,1.92372411,0.06136703,0.34572727,0.24883749,0.29176513,-1.15798725,0.12554069,-1.14001107,0.38827062,-0.92569995],
[3.38026248e-01,-1.76605820e+00,-2.52760885e-01,7.66538581e-01,-1.41942492e-01,2.38152596e-01,-1.54693322e+00,-7.55369870e-01,-1.24991260e+00,1.63886751e+00,1.87806240e+00,-7.05358479e-04,1.40083358e+00,-6.88554036e-01,4.82754272e-01,3.57235046e-01,6.25526324e-01,5.64903604e-02,-6.44785886e-01,7.09118460e-01,-5.05344435e-01,1.18563724e+00,3.27331236e-02,-1.13709925e+00,5.52429556e-01,8.39619283e-01,5.79080249e-01,7.70831433e-01,-1.83159052e+00],
[-0.51949087,-0.21299302,-0.21615982,-0.72602367,-0.54423455,-0.1932618,-1.5701312,0.70999717,0.90713056,0.7566578,0.06851757,-0.86050498,0.34552515,-0.99622866,-1.39139132,0.67559051,-0.19654509,-0.31544573,0.55397947,-2.24953834,0.55241073,-0.68144721,1.46112395,-0.53668044,-0.26510604,-1.73483201,-0.81327775,0.0210704,-0.40780415],
[-1.20922211,0.43035001,-1.57509008,2.33556436,0.84465605,0.11852205,-3.31582232,0.08860198,-0.38688699,-0.14950019,0.38749204,0.43931413,1.57135515,-1.77705706,-0.01710265,-0.23369687,0.78507346,0.49729214,-1.73693889,0.76027872,0.6678816,-2.75275197,-1.37152397,-1.02369713,-0.16295015,-0.30035274,-0.06295635,-1.05871949,1.20168336],
[0.78703601,0.22871695,-0.48349816,1.99124934,0.14349447,0.05260411,2.28186068,-2.12744885,0.11916353,-0.12179661,1.40230538,-0.33941828,0.35324391,-0.03095154,-1.21194651,1.00589266,0.49066429,0.36661802,0.18785221,0.08187051,-0.11990543,-0.21634421,-0.87834544,1.85757357,-0.60825159,-0.18242193,1.2819154,-1.41300618,-0.24935245],
[0.22183545,0.75141972,0.54520807,1.3868127,-0.17304914,0.00184054,0.45523677,1.33007293,0.72982189,0.47647297,0.62315302,-0.01998258,0.8533516,1.33576148,1.33207491,-0.15791184,0.77264454,-1.37600837,-0.47895496,1.59463049,-0.4347603,1.08565142,1.10907953,-0.11669729,1.24396522,0.17415869,-1.04147116,0.50037452,0.59481769],
[-3.61474471e-02,-5.62428395e-01,9.17585519e-04,-5.09644737e-01,-4.42930473e-01,9.68712795e-01,-5.95024233e-01,4.78056736e-01,-7.16963879e-01,-1.68631521e+00,1.09363130e+00,-2.65073110e-02,1.17081239e+00,-1.20499612e-02,1.11999016e+00,2.79749326e-01,7.59307645e-01,1.22148396e-01,-2.34933973e+00,-1.82126291e-03,1.15200889e+00,7.00195044e-01,-1.10622447e+00,2.21030401e+00,2.95618345e-01,7.08072082e-01,-1.09858963e-01,1.87026791e+00,-4.31397064e-01],
[4.91252093e-02,-1.73296740e+00,-1.25167589e+00,1.53496128e+00,1.32839129e-01,-1.35326615e+00,-9.77557514e-04,1.22325282e+00,9.56818114e-01,7.68760617e-02,-6.01066806e-01,-6.15986989e-02,2.44290314e+00,-1.29225461e+00,-2.90239348e-01,5.85655674e-01,-1.01753665e+00,1.50302549e+00,-4.16368607e-02,-1.71631721e-01,7.51972730e-01,2.53545957e-01,-1.32899198e+00,-7.28482357e-01,-2.53146236e+00,-2.21297063e+00,-3.68242769e-01,-1.01119701e-01,-1.80904295e-01],
[-0.40993794,0.54688332,-1.40131406,-2.16842735,-0.53858496,0.91175266,-0.27563059,-0.92228414,-1.10691823,1.0804017,0.4869532,-0.94209209,1.18289276,-1.58651724,-0.71756882,-0.09181986,-0.85931374,-1.28306745,-0.88819334,1.01340428,2.31879996,-1.06628755,1.50370775,1.25801133,-0.59258919,-0.65415965,-1.4207802,-0.56668438,-1.24051606],
[0.57867756,-1.99136347,0.26628752,0.19450907,-1.99099872,-0.43615173,-1.2064672,1.58447671,1.74982305,-0.75522177,0.1743747,3.25597522,0.77088499,0.1431438,-0.54986971,1.13584272,0.1591729,-1.11809393,-0.76447071,-1.753034,-0.27037368,-1.00842346,-0.99553886,-0.30945021,0.46339302,0.14799522,-0.95400586,-2.95779295,0.29369337],
[0.3028006,-1.6588883,-0.29740597,0.74975151,-0.99080286,0.83239163,-0.63887889,-1.26129897,-1.25733618,1.65415773,1.05488666,1.48773941,-0.3144769,-1.33455246,-0.99615719,0.36139625,1.69193842,-0.80970598,1.03257896,-0.72501806,-0.31179896,1.58433154,0.72608666,1.2898757,-0.73940698,1.25351816,-1.52404294,-1.14763534,-1.45572829],
[-1.4384647,-0.68232972,-0.34887858,-2.60340026,0.06275945,-0.11600201,0.10646684,-1.79879315,0.66851018,1.53841136,1.17761742,1.01216569,1.4751444,-0.95967989,1.31854361,1.34760424,1.38570228,0.63995564,-0.51158036,-0.07398876,0.42272529,-1.80309612,-0.18271861,-0.40039639,-0.5540068,2.44964867,0.77917269,0.1608534,-0.38862557],
[0.4493854,-1.0961762,-1.65697923,-0.58845707,1.87050029,-0.87722908,-0.37046424,0.89925847,-0.26014858,0.17973999,-0.19658105,-0.62086721,0.09406182,-1.33510196,1.17173917,0.20247005,0.12485011,1.60622372,-0.61586949,0.8666635,-0.1802103,0.54609287,0.25800543,-0.79266231,-1.0252057,-0.57642619,0.49272872,-0.68046586,-1.49701287],
[0.43548327,-0.44402852,-0.42413992,-0.37471325,1.90041868,-0.00862759,0.65414637,0.41700462,0.3956814,0.25976423,1.02802006,0.62671206,-0.00913915,-0.07033931,-1.65884109,0.52367286,0.21151793,0.29482765,-0.42676583,0.99125598,0.81974069,-0.2402581,-0.43638975,-2.32679914,1.55017582,0.73954914,-0.63826111,-0.49648538,0.31569272],
[-2.80269365,0.5354613,-1.83242511,0.23634989,1.60374384,-1.00083041,0.34434544,1.50061597,0.7244392,0.75452265,0.69784079,0.37700035,0.34955799,-1.05222633,-0.605836,2.37817659,-0.02997868,1.00555339,-1.78577853,1.6847509,-0.91089621,-1.41282235,-0.76481936,-0.29902585,0.25446321,-1.13342147,-0.59963363,1.27184911,1.63301902],
[-0.41097651,1.47928316,-0.92926937,0.39534603,-0.44625025,0.81299298,1.92985276,0.17026388,-0.40617514,-0.77142799,-0.27187932,-0.23453014,-0.36314669,0.04918162,-0.02979875,-0.97778747,0.96041411,-0.91824304,0.39485885,-2.31941887,-0.39253054,-0.3923461,0.07758023,-1.69822001,-0.38827786,2.7956643,0.65146477,0.05868777,-1.04250012],
[0.0042027,0.08725646,0.3993639,-0.6930779,0.17531541,0.53689864,-0.0100048,0.60950771,0.37183619,0.20389994,0.4039817,0.08005474,-0.8408096,-1.14703612,1.82626206,1.6960341,0.50121063,1.14418738,-1.94294243,0.20144611,1.37259911,-0.06891825,0.60204649,-1.22611289,-0.28414592,1.2035236,0.14472628,0.984935,-0.12282818],
[1.95958785,-1.31766669,-0.86151886,0.22368749,-0.50452753,0.60621621,-1.58974483,-0.48306616,-0.20385632,1.41818226,0.94525904,1.34687754,-0.94805876,0.44659631,-0.84624885,0.42044314,-0.02147096,2.26619528,-0.43142591,-0.16486027,-1.51458463,-0.59552714,1.8614406,-0.42665406,-0.49639615,0.9846872,-0.45371001,0.25012429,0.13681084],
[-1.56683714,1.34188087,0.08803201,0.02474941,0.07767876,-0.10629225,1.40933507,-0.37468439,-0.88215858,0.66274789,0.51550521,-0.25905201,-0.89938997,-1.30145673,0.34622644,0.5699441,-0.1922277,-1.08707408,0.47796498,-0.40655605,0.53851522,1.09275558,0.00921211,-1.36274203,0.10535978,0.88286769,0.74409847,0.81060724,-0.33361526],
[1.59491805,0.31370445,0.34502075,1.35854459,1.21966501,-0.30781548,-1.43632757,-0.25405112,0.19556364,0.58146961,0.57183225,-0.27475145,-1.14160534,-0.82378875,0.15612701,-0.26060159,-0.5717187,0.61460787,-0.20510441,1.32966952,-0.11813027,-0.83569041,1.39634164,0.22389124,-0.24572948,-0.58082402,1.17425695,0.42538048,0.8348115],
[0.79555062,0.06095847,0.50711574,0.1325649,0.92553504,-0.11455856,0.02592809,0.63806244,1.05506221,-0.10779201,-1.58968459,0.8059035,1.83195749,-2.16014918,-0.09499698,-0.27034957,-0.02745773,0.2477052,-0.56462247,1.16868334,-1.14851605,2.62545032,2.05555021,-0.05658292,-1.00008609,0.6572404,1.96535361,-0.93525902,-0.69961923],
[1.12197499,-1.14028985,-1.09118141,-1.11544618,-0.65533973,-0.77960916,0.71566706,0.20612493,0.19844125,-0.30228964,1.40966296,-1.01249791,0.58180123,-0.61048743,-0.34515225,1.24759107,-0.08369067,-0.27567015,0.75775224,0.18635796,-0.51537885,0.34633313,-0.59396416,-0.49871696,0.49505749,-0.18447815,-0.15541864,-0.34536076,-0.51002844],
[-1.32886785,-0.75763959,0.27780791,0.7004884,0.21298022,0.32912042,2.39023638,-1.9248517,-1.32490806,-0.67810605,-1.70338962,0.22748711,-1.65976948,0.00352937,0.03291017,1.34774424,0.22324801,0.75882582,0.22278579,0.39849457,-0.30895758,-1.66683355,-0.55089584,1.17276341,1.66937635,-0.187502,-0.44011802,1.45058551,0.29045897],
[0.49001405,-1.40883037,0.75560268,1.12312064,0.53384872,0.68885641,-0.8105083,0.16993957,-0.03577696,-0.72482896,-0.69103481,2.56541617,0.6456492,-0.19355113,1.23423894,-0.66583468,0.42415894,-0.29105826,-0.82389047,0.20227259,-0.49386894,-0.2064813,0.29928491,0.03741661,1.72740657,-1.91025789,1.40527882,-1.08475427,0.62081473],
[0.01177513,0.3120201,0.93968088,1.68865345,-1.33561129,0.43963312,0.77693979,-0.75075989,1.19031742,1.47663885,-0.80910182,1.20084818,0.08405844,-0.20430084,1.96686578,-0.66785942,1.69081505,-0.05703593,-0.34770726,1.62336483,1.93200778,0.23166064,-1.43731795,-0.46211084,1.56123457,1.1538713,0.33039569,-0.45565006,-1.79947758],
[-0.07665079,-0.68732692,-0.89276852,-0.36153698,0.3989378,0.10943487,1.35915554,-0.5071962,0.02224613,-0.22349947,1.07235327,0.19431287,-0.13248786,0.1331603,0.15304806,1.5298072,-0.18370704,1.23744832,1.01462528,0.60693519,-0.51789339,-0.87446777,1.20762221,-0.09713,-0.99881564,-0.6730685,1.46510518,0.94982808,0.21843086],
[-0.60973155,0.02567874,-1.27099377,0.21307576,0.73787765,0.50701372,-1.53532891,0.77909118,0.82122072,-0.35981338,-1.95755733,0.94708792,-1.40444308,-0.24913271,0.18528898,-1.07578686,0.4474072,-0.13809404,1.63100101,0.5323904,0.38330028,0.1386339,0.38465478,1.30809154,0.32353972,1.16911305,0.54880542,-0.40475039,0.13450408],
[-0.42288431,0.53602739,-0.66702598,2.03642959,-1.62430626,-1.83269252,0.66607736,0.85222156,-0.36929082,0.26232131,1.63761731,0.85701177,-0.2372629,0.31127806,-1.05679312,-0.18971242,0.99159652,1.17346053,-0.95487098,0.21585654,1.32546867,1.98673576,-1.47944778,1.20000472,-0.10185778,1.26749331,-0.57730145,1.58002433,1.39201103],
[10.35526187,10.73560665,10.10247821,-12.37614574,-9.43252838,-0.43740034,0.38657045,-1.47120043,-0.43443353,-0.47798908,1.21082751,-0.27439786,-1.47949389,0.3925234,-0.93985878,0.41255687,-0.51421983,-0.13221847,1.58192687,-0.13929197,0.57050884,0.19507441,-1.61130501,-1.65231088,0.01712099,-1.21603739,-2.31302903,-0.85381909,0.24590851],
[11.20207708,10.59102726,-10.925381,10.47888753,8.71648027,1.97768029,-0.1338216,1.34451173,0.31353121,1.10206727,-0.5394106,0.89930264,1.2413448,-0.49026812,-1.14955284,0.76534938,0.05438659,0.01520444,1.25154878,-1.29662032,-0.8435653,-1.0981271,-0.1998734,-0.93900595,-0.58540976,-0.53076289,1.05557736,0.30925081,-1.02581506],
[-1.11654633,-1.0461078,0.29558563,-1.87580509,1.14656115,0.86041198,0.21290432,-1.0150872,-0.85516964,0.82733556,0.09394266,1.28434854,0.85960739,0.47405037,0.37240496,1.67241355,1.08247825,0.67507088,-1.74081921,-0.50483679,-0.80417235,1.3085082,-1.43777348,0.39831982,0.23095253,-0.20175603,-0.19026395,-1.41916869,-2.18968306],
[2.57283669,0.98827131,-0.37599162,-0.34575858,-1.89602987,0.63895562,0.99774781,-0.47217746,-0.16883352,1.21654986,0.16826004,-0.10853079,-0.53970183,0.61635151,1.41042062,-0.80991927,-1.02581435,-0.45849804,1.37823493,-1.04014514,-0.68358605,0.03127794,1.86185433,-0.5941805,-0.7169064,1.11398216,0.72050111,0.20067176,-0.55119746],
[0.36367161,-0.23134541,-0.35373511,-0.09269765,-0.28277757,1.57252895,1.95731171,-1.01952702,0.19678104,-1.43970609,1.16889783,0.68161205,-0.50427636,-1.54736805,0.95490069,0.37719686,-0.4151085,0.7824365,0.10978873,0.01171026,0.83856933,0.70098818,-0.65712943,1.20878885,-0.61833559,-1.82357915,-1.02924909,1.16580928,1.56099846],
[-0.17890204,0.806636,-0.59489877,-2.17851441,-0.59466292,-2.77218594,-0.99953934,-0.16674673,1.11799362,-1.02261936,0.94375246,-1.52103658,1.72834548,0.68519996,-0.11051306,0.24335698,0.54650821,-0.74175501,-2.54144825,0.34304779,1.33525793,-0.80492027,-0.63243789,1.59018445,2.08607201,-0.01311612,-0.78938559,2.31872719,0.15650548],
[0.40536497,0.93656776,-0.06508316,0.24400166,-0.1286548,0.1515715,0.21316156,0.56967129,0.6494716,0.22885791,-1.73851751,1.68049378,1.07590658,0.83228657,0.41240591,0.41880849,-0.44649727,-1.2601782,0.61912583,0.51524688,-0.37225361,0.17331333,-1.04938184,-0.78076636,-0.31399476,-1.28252768,-0.31675039,-1.03807253,-0.80752422],
[-0.34567725,-0.40474397,0.50267606,-0.1086604,-0.03989389,-1.3955218,-0.55271686,1.18913288,0.34129792,-1.16340674,0.58952557,1.45094451,-1.20566292,0.10075117,0.63299473,-0.20190591,-0.25953045,0.09650893,-0.00778121,-0.37001892,2.18293533,2.13378184,1.08153102,0.44206929,0.01422992,1.38443231,0.04470874,-1.46952623,2.46371622],
[-0.07381083,-0.44713456,-0.75800684,0.12337357,-0.32432636,0.32585061,-0.19166899,0.30299427,0.82264464,-1.13859081,2.5100932,-0.98525462,1.05412555,-0.2974805,0.86121667,-0.05514523,0.2069296,0.29720506,-1.41060622,-0.22502065,0.61075132,-0.5984121,0.14898246,-2.20565684,0.41796875,-0.84326507,-1.51277938,2.04179995,0.03598992]]
[1.33405172e+00,-3.16787747e-02,-4.25718922e-01,-3.71793043e+00,1.45077895e+00,1.65719421e-01,-1.24866471e+00,-2.30681356e-01,-8.86684298e-01,9.08146594e-01,2.09744402e+00,1.67613047e+00,-5.04773248e+00,-8.22361822e-02,4.26133846e+00,6.05993977e-01,-2.99078456e+00,1.73952917e+00,-4.78186545e-01,-7.80610659e-01,-6.58523535e+00,-4.62970176e-01,-2.98429971e+00,4.39068955e-01,-1.14713546e+00,-1.28185208e+00,1.70473306e+00,7.62028757e-01,-7.60776013e+00,-2.00162330e+00,1.73061137e+00,-3.15053592e-01,-8.97624667e-01,-9.88053174e+00,-9.38735207e-01,3.40754966e+00,1.98319227e+00,-3.02113931e-01,1.08048358e+00,-4.67555328e+00,-3.92988642e+00,-2.23452469e+00,-2.53924117e+00,-1.25867435e+01,-1.24864992e+00,2.53659753e+00,-3.64881667e+00,-3.03376685e+00,7.50164236e-02,4.21829747e+00,3.35556887e-01,2.26182857e+00,2.24716054e+00,-6.62974095e+00,-1.12013702e+01,1.57248576e+00,-5.43360263e-01,-3.32483769e+00,-1.22770001e+01,5.00829657e+00,-1.09368739e-01,-2.83253047e+00,-1.17925068e+01,1.74373731e+00,-1.75128146e+00,-8.19057322e-01,4.38225526e+00,5.12126508e+00,8.28177126e-02,-2.16100756e+00,-8.39383814e-01,-1.46990339e+00,2.89188198e-04,-1.23262734e+01,-1.37857528e+00,5.89180809e-01,-2.77058121e+00,-9.34149695e+00,-9.57695337e+00,2.78832300e+00,-2.64834979e+00,-1.45398361e+00,9.05594610e-01,1.45785138e+00,7.37252075e-01,-4.85458562e-01,-6.63493133e-01,-1.21930934e+00,-6.32701373e+00,-1.09050759e+01,-6.35581416e+00,5.96362507e-01,-1.01874017e+01,-9.32670521e+00,-2.61891630e-01,-1.39562121e+01,6.42305416e-01,-2.51236416e+00,-1.87090804e+00,2.42843297e+00,-3.36479728e-01,2.97067801e+00,-3.83158288e-01,2.84525288e+00,-1.44115663e+00,-4.79491395e-01,-6.13117716e-01,1.01526415e-01,-1.33561612e+00,2.98950794e-01,-1.38381329e-02,3.94494890e+00,-1.11601303e+00,-3.33812144e-01,3.56800970e-01,-1.86832438e+00,3.27601304e-01,3.36070892e+00,2.43402790e+00,-2.37091173e-01,-2.73687367e+00,-2.87590717e+00,-3.88707373e+00,-1.76703174e+00,-5.29532552e+00,-1.61062597e+00,9.52114873e-01,-3.40036958e+00,1.04995666e+00,9.52925419e-01,-2.20680514e-01,-5.28242062e-01,5.10894643e+00,1.82312519e+00,-3.86961806e+00,1.01434875e-01,2.18840568e+00,1.94823141e+00,-1.70054504e+00,-4.18675475e-01,-2.91502255e+00,-1.23141154e+01,-9.21226402e+00,-1.74622842e+00,1.42942064e+00,1.19644414e+00,-5.19432956e+00,2.11268675e+00,-1.91089335e+00,-7.32789287e-01]