[[0.601453,-1.75332806,0.2012958,2.65523531,0.70111161,-1.55969201,-1.17590493,0.01122927,-0.32536784,1.00915786,1.73487514,-2.15216687,-0.82790693,-2.28304997,-1.00083653,0.23578089,-0.35169738,0.70546002,0.85119757,-1.02105012,-1.11163338,0.74977201,1.09944422,-0.35144248,0.80721709,-0.2918062,0.54897743,-1.05759022,-0.11556801],
[-1.00939833,-0.7736827,-0.25423659,-0.30719689,-0.49594519,-0.24767365,-2.44407766,-1.41066863,-0.61316735,-0.51721833,-0.31302454,-0.15474844,-0.64016389,-0.10476681,-1.01605189,0.80478391,0.12076048,2.34331318,-1.00882148,-1.43880673,-0.90714746,-1.01532864,0.3528771,0.59025305,-0.83434848,1.35706344,1.0051079,0.72416248,-0.87025489],
[-0.07831402,1.59609567,0.88771217,0.22723292,1.81793369,-0.28244697,0.82184577,-1.37581643,-0.35559306,0.80500714,-0.37402755,0.63068747,1.24558764,-0.28614567,0.62962473,-0.01417329,-0.20732564,0.11306417,0.80017227,0.99278204,-0.37699316,-0.78846085,-1.5410465,0.21507951,-0.5848356,-0.70287881,0.09412909,0.21508116,-1.25628625],
[-9.87118433e+00,9.78288609e+00,1.11229838e+01,-1.07952267e+01,-9.03029061e+00,-7.72321803e-03,7.76810385e-01,-1.24417570e+00,7.25277402e-02,6.35007657e-01,1.06876320e+00,-3.50079387e-01,1.43174435e+00,-6.61971048e-01,1.29603084e+00,1.32297825e+00,1.32775098e+00,2.31949625e+00,-7.48224097e-01,-9.58479270e-01,-2.02587578e+00,-8.27719443e-01,1.20510500e+00,-6.78170277e-02,-4.03207354e-01,1.42570621e+00,-2.54022560e+00,6.13193724e-01,1.75382085e+00],
[0.47364462,2.15048957,0.13656361,0.89937194,0.23360504,0.88588604,-0.13636311,-0.58177133,-0.66452398,-0.90709366,-1.58791929,-0.88433173,1.10954553,-2.14340611,-2.54758838,0.33772048,-0.25014642,0.35379265,-0.99001288,1.53644108,1.27281972,-0.06549681,0.18423942,-0.43061799,1.05655795,-0.5337458,0.24844307,-0.02850954,-1.89514139],
[-0.9367483,0.31566598,1.67651285,-0.43775323,0.9053527,0.01874248,0.93707764,0.22460864,-1.18435407,0.35306421,0.40743106,0.38097122,0.48294076,-1.63641299,0.85383778,-0.51643916,0.04350226,0.49653643,1.75432278,0.16105492,-1.69298103,-0.84530942,1.46562459,0.02065702,1.41697735,0.07254982,1.8601912,-0.40526952,0.54959936],
[-0.53205868,-1.51138194,1.10768215,1.51490867,0.92331152,-1.23880759,-0.2461952,0.6004119,0.01497762,-0.40865716,-0.99670964,-0.48095401,1.41543272,-0.01951915,1.28117578,0.38173599,-0.14933274,-0.82188772,1.13280439,1.76103672,-3.10564348,-0.2927133,2.19630125,1.19892483,-0.50694891,-0.48511192,-0.24906318,-0.58255892,0.39374268],
[-0.80674733,-1.3304304,0.71927814,-0.59834984,-0.16692983,1.59522373,-0.77460219,-2.15943663,0.8082677,-0.63213182,-1.81983769,0.00910543,-1.14280882,0.11304495,0.90794339,0.49084344,-0.305609,-0.69625004,0.33835417,2.31721344,0.52612057,1.13124788,0.56844434,-0.52440351,0.25425563,-0.08355084,0.42837537,0.18594855,-1.30947714],
[-0.11021911,0.73621888,0.48192605,-0.63437562,1.23160666,2.17779807,0.14758232,0.11273902,0.86780198,-0.79997099,-1.5317161,-1.23281055,1.17081635,0.78757869,-0.39932176,-0.67421945,-0.22449747,1.08895837,-0.9132,-1.09002488,0.59434152,0.47045797,0.7304237,-0.5285897,-1.13593925,-0.44747715,-0.42235236,0.2506286,-1.11843186],
[2.66826466,1.20629435,-0.11149621,-1.36618568,-0.22009321,0.0458787,-0.59104,-0.96342851,0.8067089,-0.11486218,0.55085484,2.10270659,1.13227304,0.58698314,0.89776367,2.07080818,0.61575126,-0.69565989,-0.14642483,2.21501833,-1.73689525,-0.80780454,0.75506507,-1.16723257,0.75960652,-0.65088081,1.9402998,-0.47454862,-0.01465131],
[0.56922166,0.98537725,0.78470305,1.32848384,-0.31800285,1.55644979,-0.71517693,4.8143781,1.18792492,-0.46507528,0.23061738,0.06646648,1.14109284,0.32099366,-1.04160485,-0.85739342,-0.72487278,-0.44636483,-0.43774352,-1.63895445,-0.27518442,-0.39573048,0.51522427,-0.77013134,-1.45542334,0.8444369,0.22824042,1.9156453,0.60733358],
[-0.61610505,-0.14429197,-0.11555225,0.16982183,-1.0553277,0.3449855,-0.45742693,1.53862323,-0.78393449,-3.19973901,-0.42587187,-0.67316781,-0.8222343,-0.53757303,-1.27325181,0.33990988,0.09696536,0.74758909,-0.85911356,-0.56320251,-1.08561651,0.81844582,-0.55859651,1.24717177,-1.16382502,0.11383943,0.43694108,0.00485445,-1.37577509],
[-0.02777806,0.33488381,0.1691457,-0.50261292,0.50945013,-0.57220255,1.27183874,0.67191966,-0.52273961,-0.07107468,-1.82022306,0.46770141,-2.14971789,-1.24903292,-0.19346249,1.27932952,0.176462,1.81032077,0.0739895,2.02528586,0.00820846,-1.99335786,-1.80524026,0.50688957,-0.76292383,-1.21753731,0.59596154,0.37693221,-0.50463109],
[0.19231444,-1.75218461,-0.76850219,0.53314242,0.95447177,-1.20734586,1.35405449,0.10064085,1.43945927,-0.32519187,-0.47016294,0.12704043,-0.20716408,-0.20126576,-0.22797578,0.68733847,-0.14954589,0.69481356,-0.22981144,0.37865289,-0.13053308,0.82241807,-0.41152719,1.202398,-0.25455237,1.39218271,-0.66625013,1.66485777,0.71737833],
[0.17074738,-0.60805225,-0.60170346,0.62187572,-0.09519152,0.08096035,-0.11339897,0.2124253,1.27900897,1.25815896,0.71721356,0.01523045,-0.89990025,-0.31550018,1.71719121,-1.37303913,0.24140188,0.9608765,-0.87874957,1.47323348,0.5802585,1.09713451,0.76333967,-0.75623151,-1.02835276,-0.28510326,-0.4833558,-1.93985482,0.40863604],
[-0.91458213,-0.23916223,1.34350756,-0.81938924,1.0643841,-1.97095012,-0.03715293,-0.65455714,0.67197812,-0.73846663,-1.1497172,-0.96819661,0.59951903,-1.22680226,-0.15848801,0.39924817,-2.43041304,-1.25668318,-2.04425881,-0.78036931,-0.70840451,-1.16138089,0.49714479,-0.56463636,1.6894276,-0.63979632,0.4460641,-1.09147417,1.08485713],
[-0.7862838,-1.38800593,-1.55827845,-0.2567094,-0.89810063,1.23584832,1.78944648,-0.41717256,-0.19458907,1.55455152,1.09303879,-0.49698473,1.85959365,0.39376125,1.91158465,0.71121105,1.73549094,0.54502914,0.43593854,1.21323035,-0.95844012,-0.10085735,0.60064852,0.79113607,0.49478796,-0.53141723,0.46437088,0.84698696,-1.55758742],
[-0.73287398,0.80604593,0.99084922,0.53933878,-0.11925677,0.43416708,-1.19499492,-0.06764103,-0.59985861,1.02948853,2.2894716,0.85661037,0.20880988,0.05235309,1.11556716,-1.11936229,-0.92273773,0.34934599,-0.36791483,0.11507369,1.91843873,0.70283777,-0.09116046,0.83271455,2.35019996,1.05853299,-1.3820019,-0.47739357,0.79063777],
[0.99336092,-0.38421631,-1.08836698,-0.55499746,0.86116983,0.82983185,-0.2734237,0.03053101,-0.36797124,1.61094627,0.01355587,0.82776111,1.3665652,0.88663309,0.71290106,0.4907791,0.68198098,-0.75856598,0.6126902,0.37488693,-1.33356552,1.1754007,0.49163967,-0.40856885,-1.11353255,0.46510151,1.20136199,0.01385767,-0.32192934],
[-1.6180745,-2.61132836,-0.39489025,0.40954797,1.23029004,0.60841941,-0.59618439,0.9690012,-1.91284382,1.00491999,-0.32586944,-0.49079486,0.07841934,-0.0772551,-0.87692707,-0.1874438,-1.35676496,-0.36115245,-0.9985067,-1.33274794,1.41516754,0.69067327,-1.10047671,1.05730013,-0.80977734,0.73124093,0.55333071,-0.58284986,0.20863619],
[0.4267765,-0.80897387,-1.07870756,-0.17634304,-1.28027439,-1.19698814,-0.21896297,-0.62029755,-0.03450809,-0.30638732,0.06528485,0.51026071,0.39355374,-0.89613957,0.70068972,-0.55377234,-0.98029329,-1.28080463,1.17370372,-0.50161915,-0.37226894,0.79749924,1.19749969,-0.11592832,0.28615454,0.51142787,-1.39355803,-0.01371265,0.89875386],
[-0.13093442,-0.65210823,-0.03642339,0.73338026,0.78732831,0.29865639,-0.26264687,-0.53444343,-0.53069172,3.10713868,0.14615638,0.93749622,1.41850907,0.39362321,0.76490385,-0.4779632,0.03575801,0.11603756,-1.91959335,1.15407627,-1.3909846,0.30891862,2.45163916,-0.08840168,-0.70786132,0.42358109,-0.13995386,1.11590268,0.7380312],
[-9.2271036,8.88748803,13.03833201,-13.27558982,8.52788469,-1.54156831,-0.37571634,-1.87354491,0.28659571,-0.56071375,2.08542001,0.24051651,-0.40950053,0.43340391,-0.26226469,2.3855013,-0.43033302,-0.58090578,0.05101259,2.48483146,-1.01893626,0.71883884,-0.50582448,-2.34193384,-0.23973627,1.28425417,1.34790027,0.71662265,0.09302011],
[-0.8058082,0.0532978,1.35152273,-0.52738742,0.66847201,-1.4977896,-1.52687155,-0.43106439,0.38003009,-2.12016356,-0.5118633,0.99255203,-2.12201485,-0.09235173,-0.55497604,-1.35050986,0.30720923,0.48695932,1.02846898,-0.07313289,-1.81773413,-1.50079469,-0.41329779,-1.83183193,0.14689504,-0.05579297,0.37710624,-1.50421415,-0.32967683],
[-2.12343182,-1.38140755,1.09448036,-1.05702671,0.71876866,-0.17124408,2.19943597,-0.26978217,1.39218242,-0.39786089,1.72772374,1.37870693,-0.65796986,-0.13294377,0.22311922,-0.90777815,-0.03673283,1.38795266,-0.14493246,-0.05636565,1.55126135,0.33908812,-0.40125682,-2.4101433,-0.21768864,-0.6335175,0.73647743,-0.69772959,-0.46273444],
[0.88126793,-0.0193861,-0.62354965,-0.60309363,1.10135177,-0.03229917,-0.26490575,-1.33472263,1.2452535,-0.40630852,0.29743936,0.2907459,0.87948646,0.01565129,-1.01042757,-0.06943979,-0.15226561,0.37400792,-0.63534998,-0.49230985,0.92939076,0.51739942,-1.3198827,0.19536573,0.05690951,1.2767014,1.05152532,2.49433686,-0.26558528],
[0.40192813,-1.02008084,-0.54034221,-0.47867251,0.53263353,-0.30295284,0.01806661,-1.70342663,0.84508762,-0.71927023,0.24157256,1.36447126,-0.05298925,-0.80745658,0.51368249,-1.6650702,1.46008734,-0.2963056,1.25068146,-0.65120193,0.09187066,0.14861824,-2.3982631,-0.22296885,0.63928151,1.39787859,-2.00785065,0.552268,1.01235675],
[-8.70781544,7.38244121,8.23999714,-11.60680361,10.64242789,0.46043457,0.25926956,0.04371408,0.59253144,-0.75037603,0.12248052,0.5891495,-0.66389256,-0.78682439,0.04672301,-0.52890429,1.05843077,0.4572023,0.08620148,0.56360982,-1.14005288,-0.38804763,0.13927808,-0.84133705,-1.64605786,1.03043416,-0.29134684,0.66092868,-1.49542961],
[-0.40891312,1.67769887,-1.47027617,-2.39251497,-0.37158908,-0.65501438,-1.25457611,-0.26151459,0.69447304,1.45817026,-0.37172457,-1.31855155,0.45000807,0.28985894,-0.77517142,-1.07595025,0.33413917,0.14067649,1.11467021,0.17293109,-1.36989262,0.75093945,0.76240697,-0.5252808,1.47133956,-0.78692305,-1.86559271,0.56319441,0.53349279],
[1.68789537,-1.04083284,2.38222995,1.2200877,0.17335439,0.30731559,-0.82703596,0.33953014,0.02763005,-0.3207859,0.66550946,2.36909504,0.81383791,1.16481279,0.01768168,0.77591552,0.10185516,1.53942194,-0.22598308,-1.07674927,-1.38558985,0.29652618,0.98001847,0.37188772,0.41649925,-1.40584748,-2.15710618,1.67336579,-0.55252321],
[-8.34499931,10.69304194,-12.59010078,-9.55669397,-8.90442111,-0.76952508,0.0948829,-0.20727393,-0.66885297,0.42131161,0.80834887,0.66588158,-1.07166046,-1.01985491,0.14169825,0.53706076,-1.11384486,-0.52090415,1.99569462,-1.31133888,-0.34203643,-1.10484735,1.78726418,0.05895116,0.93531432,-0.21929013,0.15878852,0.29664044,0.79908047],
[-0.54437035,-0.179278,-0.51378236,-0.26845417,-0.32531003,0.71296703,-0.97940119,1.78662548,1.21049419,-1.66256107,0.81222873,0.17197789,0.78968489,0.30740302,1.68811562,-1.16275206,0.61750093,-0.30474569,0.9736337,-0.31526864,0.08741885,-1.01901495,0.43723303,1.36716399,-0.29624885,-0.49946708,-0.67921726,0.24388911,0.62068979],
[0.4009264,0.20956918,0.0789203,1.60202327,-0.35874018,-0.25042278,-0.61378793,-1.19221517,1.21063531,0.42054747,-1.30968241,-1.42773452,-1.06238975,0.00559968,0.52705893,0.84961512,1.19312558,-0.7808805,-0.53776045,-0.05116485,0.73654627,0.48152631,-0.38121664,0.50894961,2.44620252,-1.09128403,-0.3912198,1.46014212,0.75277533],
[-1.57301827,0.12592572,0.30171785,0.89612389,0.88900695,1.61853704,0.5150634,-0.26837529,0.82689676,0.11380602,1.03120925,-0.42242608,-1.59487827,0.44230416,-1.21724369,0.28064368,-0.8184951,0.62666473,0.97626221,-0.20508994,-0.44816844,0.65790526,0.56509067,0.92203772,-1.45313583,-0.45675326,1.40342849,1.57546752,-0.26250472],
[12.13566062,10.16413441,-11.49434151,10.4278226,-8.61522541,-0.07622155,-0.31755111,0.78420685,0.35277066,0.5705241,0.52281978,0.4372433,2.41815927,-1.88378128,0.62390228,-1.48117195,0.10675108,-0.57168724,1.17867894,0.5324641,0.56146777,0.10258276,-0.10771854,-0.2220642,-1.02543671,0.16828437,-0.19268476,0.09068856,-0.50565037],
[-2.40410862,-0.02148723,0.67933722,-0.58531426,-0.4429305,-0.77334141,1.07267007,-1.53490947,0.14793265,1.31701859,0.59241322,-0.1444632,-1.65668042,-0.57619169,-0.78338966,1.1283809,1.36826544,-0.83232223,1.54699668,1.76227133,-0.30178906,1.4573488,-1.32073426,-1.21326551,0.95178311,0.66836047,-0.24596313,0.20299746,0.77151195],
[-0.41461405,-0.03387841,-0.36749959,-0.93923829,0.53517113,-1.05402105,1.0585312,0.06845731,-0.17387182,0.50907935,1.69356715,-0.56864197,-0.66230616,0.67049555,-1.24188415,-1.46583839,0.62902261,-1.02411619,-0.61986053,-0.04509688,-0.34231481,-1.164097,0.38749513,-1.27414017,0.60333836,-1.21038706,2.08847775,1.164073,0.27949471],
[-0.51538341,0.41027636,0.5412839,0.28581885,-0.83470486,0.25765338,-0.08430308,0.61220615,-0.86008833,-0.72813147,1.32616666,1.52211388,-1.27810497,0.25308551,1.48158776,-1.21101618,0.3480466,0.37375689,-1.28143949,0.70171395,-1.48751134,-1.54074538,1.27250252,-1.39196114,-1.02197605,0.64145576,1.79518611,1.84912856,-0.74735806],
[-0.1731134,1.02106631,0.66956478,-1.74911183,-0.69688956,-1.36280274,0.1993572,0.18865289,0.32357729,0.31291337,-0.39983791,-0.48121455,-1.70218452,-2.6512396,0.96781271,0.15094281,1.45125019,0.27315853,-0.82487555,1.07697016,-0.14464517,-0.13314384,-0.16466561,-1.47135284,0.08580605,1.59122647,-0.01909939,-0.0266456,-1.97944471],
[0.60552613,0.54750769,0.29033696,-2.10770034,0.42915466,-0.05463269,-1.61524093,0.60754267,0.30344269,-0.30845685,-1.0682807,-0.46490124,-0.17747848,-0.23456793,-0.93762578,-0.39010473,0.69328096,0.90210214,0.31080041,1.02700122,-0.02931906,0.98013995,0.0891675,-0.27599251,-0.51348413,1.19574101,0.66008712,0.22954715,0.61676992],
[-0.88992693,0.15804316,-0.319094,0.16655659,-1.09717792,0.92258375,0.28544233,1.11664573,1.12849432,1.23682351,0.1706668,-0.83799227,1.01670645,-1.574182,0.33498489,-0.17038731,-2.82448673,-0.10592536,1.81973649,-0.13271702,-0.35337953,-0.21420089,-0.2980889,-0.5349071,1.66562047,0.16228874,0.04721909,2.35098165,-0.61142178],
[-7.55998539,9.19704094,-9.33843418,-9.90299933,-8.04953669,-1.75279397,-0.25820307,0.41669996,1.79855575,0.14749446,1.62349459,0.43742854,-0.50259759,0.2442157,1.54185389,-1.00008409,-0.10255276,-1.08278502,0.11205718,-1.87829353,2.23264193,-0.20857868,1.88048599,2.11650524,1.13535314,-0.15594752,-0.04629129,0.29927008,0.75120766],
[0.4966876,-0.33677809,-0.60464461,1.2834213,0.58359393,0.72384032,-1.45578276,-1.0069532,-1.17703188,1.37311701,-0.78355113,1.71103879,1.57920872,-0.81845168,-0.91168042,0.46044948,-0.76492911,-0.35750886,-0.41534895,-0.05210641,0.2072647,-0.68640308,-0.89009147,-1.18920371,1.46940309,0.07102578,-0.78896451,0.90832481,-1.22294499],
[-9.5697637,8.72568771,11.79067307,-12.14804947,10.49632861,-0.69408981,-0.59064948,-0.70282024,0.1384841,-1.13915054,-0.35174975,-1.12289982,-0.21765423,0.66966806,-2.07653837,-0.23295749,1.30474583,1.44767946,-1.08009932,-0.5812079,-0.49113133,0.20152194,0.55959878,-0.14432028,-1.3070528,1.12096656,-0.03995048,1.01130689,0.55957057],
[0.06131207,0.20158698,1.83774872,0.98018073,-0.05953196,1.8579584,-1.41332887,0.7021226,-1.29928998,0.32512967,-0.12986157,-0.76658031,-2.18616804,0.57932391,0.93048986,-0.55933817,-0.8755725,-1.28577566,0.88293756,0.88498851,-1.37299337,-0.53044324,1.00480941,-1.78211167,1.25516499,-1.28190507,1.27998935,0.86144918,-0.30133321],
[0.15451159,0.16341967,-0.88907826,-0.00535681,0.81293854,0.03713779,-0.08723702,-0.06330401,1.62791954,-2.10449278,-1.25434047,0.80436079,0.35597214,0.16596824,0.23564873,0.40840809,1.33404878,-0.78627581,-0.13346262,-0.76420661,-0.11861246,-2.65540816,1.08808168,1.47560497,-0.20305173,-1.8579696,-0.91702026,0.86702011,-0.50229316],
[-0.38631566,0.01182289,-0.17325641,1.98055932,-1.54715673,1.11713808,0.68410164,-1.15738492,0.18540314,0.51859278,0.6744157,-0.04906134,0.40272878,1.3001158,0.42986619,-0.41842994,0.41623662,0.12450263,-1.57982677,0.71333257,-1.57851621,0.43377517,-0.13216747,-1.10461568,0.94889653,-0.29132767,0.68100881,-1.84201559,1.72539396],
[-9.90015425,10.00720433,-11.91298502,7.78421858,-9.87366021,0.24654687,-1.09156311,1.25162851,-0.98170629,-0.91750682,-1.06760886,-0.20964042,0.90036561,0.17314434,0.02955204,-0.14022319,-0.80193232,0.2289218,0.18739774,-0.81670416,-0.50942131,-0.98358564,0.78765022,-0.35171558,-2.04793642,-1.23909729,-1.01343479,-0.84928405,0.63806679],
[0.43112242,-0.01220751,-1.55883832,-0.60951715,0.49316836,-0.15791848,-0.09675578,-1.89043549,-0.04989315,-0.6076346,-0.77676801,0.44833053,-0.3386469,-0.52337164,1.63633191,0.0547171,-0.3104779,1.71218131,0.9454081,0.0138903,-0.51658384,-0.51850266,-0.40931402,-1.05957506,0.19085013,1.07457076,-0.34217727,1.25907018,0.74907712],
[-0.09691945,-0.61741511,1.34883208,-2.29002019,0.88485082,-0.77614547,0.39872519,-0.41355396,-1.11834581,-0.27237232,0.13941168,-1.17724272,0.20623865,-1.18537851,-0.29915794,0.43488036,-0.13704909,0.29495655,0.65499388,-0.83668378,-1.22101251,1.5906796,-1.16746078,0.96043772,0.27137958,-0.32793447,0.48179007,0.44216029,-0.16609801],
[0.18758813,1.04923602,0.06935863,1.11917226,0.73571903,-0.8492121,0.16135307,0.083372,0.37892178,-0.02234462,1.01678706,2.04762278,0.51879292,0.63173689,0.63791329,0.40167487,0.51536128,-0.59173163,0.28250007,1.19084265,-0.46463871,0.22542005,-0.29209518,-0.17951562,-1.75507396,0.6020465,-0.90821938,0.25735353,-0.736776],
[0.75999793,1.32568039,1.92288449,1.31906364,0.21813295,0.21362625,-0.42501169,-1.33728229,0.02067098,-1.86696037,-1.38771296,-1.61562006,-3.00894033,1.67920463,0.87496968,-1.09303348,-0.27990708,0.06978146,2.4095736,0.37898791,-1.46998187,-1.23577606,-0.62571777,-1.06274287,-0.80814,0.03771248,0.66208367,-0.55656787,-1.11970925],
[-0.98126142,0.34303631,0.66443257,-1.46241003,3.01501183,0.81967514,0.78745286,0.70617368,1.1905035,-0.90115477,1.09254087,-1.49272345,-0.21293111,-1.09057927,-0.06321307,1.89791459,0.14520342,1.32727148,1.12072271,1.77580026,0.57856353,0.72713411,1.32382236,0.09134129,-0.71499852,-0.13503584,1.85150798,-0.70210582,1.25116727],
[0.25892258,0.3654427,1.97666063,0.36901354,-0.92465345,-1.32835322,0.25332724,1.42756093,-2.06016968,-1.63479141,0.39579035,0.49532534,-0.01574405,-0.58867436,0.49256495,0.95319806,-0.71359449,-0.27626187,-0.02235426,1.11172624,0.36106082,1.10757679,0.03577316,-3.11451618,-0.78381787,-0.62502772,-0.01313047,0.85278368,0.68072914],
[-1.43972393,-0.82356454,-0.72651945,0.06068677,1.28018439,0.23876183,0.16420512,0.84240018,0.88243766,-0.02986941,-2.66480844,0.37408623,-0.09849928,1.49906633,-2.22338405,0.88162851,1.20185798,-0.37570956,1.82771583,-0.50228789,-0.03156468,0.0170998,1.51270068,0.90004543,0.51989858,-1.35307417,1.86774761,1.98549038,0.51771681],
[-0.46676112,0.02867117,-0.84287112,1.31164209,1.42196701,0.32340458,0.31698611,0.09547838,1.49645221,1.1190647,0.68427099,1.27541428,-0.52107423,0.18917274,-0.54054982,0.77950767,-0.14694547,0.48551327,1.45570434,-0.77801641,0.65684653,3.02965852,0.20374347,0.0098091,-0.23824574,0.84889269,-0.36973015,-0.23841978,-0.36755971],
[1.33120086,-2.48047456,2.337696,-1.06536561,0.24017685,0.77111496,-0.70249097,-1.82825578,1.15120464,-1.44363528,-0.94202817,1.08350466,0.82892688,0.14479784,-0.39308588,1.88569314,0.75731202,1.28229152,-0.6102335,0.96334243,-0.2458913,-1.08597889,-0.26598275,-0.22196135,1.48746943,-0.30756361,-0.15655976,1.21369433,0.63518343],
[0.03051394,-2.31456682,0.05512029,1.23342262,-0.45686575,-1.40680462,0.30132227,-0.53498352,-1.17036688,0.95166982,-0.46075253,-1.05328111,0.80491125,-0.29892245,0.09319527,-1.51974893,1.29131269,0.70959987,1.73416401,-0.44083127,0.83701468,-0.78754732,1.25101609,-0.84601168,-0.82528216,-1.6516955,0.82891,-0.61765879,-0.15256278],
[1.12922181,0.80170009,-1.18145921,0.32525391,0.89845642,0.86920798,0.23094096,0.81479149,-0.09483302,0.39577872,-1.34170847,0.56868674,0.98538417,-0.64793581,-0.41606776,-0.26846823,0.69069548,-0.45079269,-0.80693528,1.10334777,0.26842026,2.15021772,1.60634987,0.32319211,2.42602395,1.11677777,1.02162276,0.61114073,-0.40979657],
[0.18150794,-1.76715174,0.0814028,1.11901728,0.31939351,0.12209192,0.57687161,-2.1527468,2.14646063,1.44861439,-0.9558402,-0.50543818,-0.63405558,0.51468521,0.1866105,0.5834152,-0.91888626,0.40650518,0.03758373,-0.28426971,-0.23696091,0.25609659,0.30239994,0.78603719,-1.17356577,-0.05716215,-0.02735526,1.48739695,-1.13316986],
[-1.3610115,-0.51445636,-1.35461935,1.03895984,-0.39012775,-0.11748647,-0.71840822,-1.94888036,0.50549782,-0.71886224,0.44520276,0.40151827,0.14103229,-2.01032182,0.17867254,-0.6425212,-0.34420659,1.12496617,-1.59174073,0.77781113,-1.8273697,-0.51786272,-0.52939949,-1.26169899,1.7575686,0.66742192,1.62589633,-0.7818246,0.58744791],
[0.7923398,0.93223889,-0.68369896,0.39269502,0.36017555,-1.04876306,-2.21076637,-0.04761722,0.79394449,-0.57925682,0.95683366,-0.26766112,-0.66631988,-0.92653267,0.64602661,-1.941944,-0.66038571,1.46627126,-1.4872526,0.56119964,-0.5679943,-0.12337322,-0.36381046,-2.75699293,0.01833305,-0.38802844,-0.69979752,-0.36436725,0.14571624],
[1.04768391,-1.20816685,-0.72517334,-0.13944661,-1.11146275,0.04578606,1.12598093,-2.26196568,0.4959869,-1.14497358,-1.79099622,0.55487501,-0.02359876,-0.17776338,-1.81913215,1.05401821,-0.02941467,0.02002273,0.64722096,0.43012408,3.020626,-0.06860221,-1.12474228,-0.43626978,-0.96172273,-0.65324543,-0.64797898,0.610002,-0.15809232],
[-1.5581135,0.01604329,0.90114195,-0.56340741,-1.02019723,-0.94545466,0.45652283,-0.95125724,0.90150555,-0.76141499,0.79738935,0.82005552,0.84426758,-0.63556999,-0.35176734,0.83633827,1.09685771,0.29282929,-1.65174825,1.08320771,-0.70929651,1.177721,1.11845237,0.26082735,-0.97195262,-1.38665629,1.09177009,1.19922786,1.19445924],
[0.28936383,-1.31197033,1.04077708,0.35361611,0.02217796,-0.60638825,-0.92922647,-0.73426073,0.0703042,-0.0961052,-0.45339935,0.57669974,-2.46353013,-1.77129829,0.21757573,0.93592992,-0.79585741,-1.51784892,-1.24736097,-0.11363503,-1.14216885,0.22900007,-0.66755723,-0.07277713,1.5605429,-1.0797625,-1.64204436,1.28518337,-1.62972006],
[0.12977796,-1.67505437,-0.55458467,-1.87574986,2.11124098,1.42395907,-0.78324665,0.49496927,-0.26818065,-0.31482307,0.25054633,0.36235288,-0.40550318,-0.06957281,-0.7734584,1.22058922,0.12548561,-0.11376156,-0.09861861,-1.74092526,-0.37287992,0.05041055,0.19459263,0.17290395,1.78990035,0.13889342,1.07249415,-1.93830633,0.25634175],
[1.39671669,-0.4097885,-0.39671912,0.61341863,-1.02422567,0.35738716,1.73565689,-0.4447365,-0.63879663,-0.35611273,0.05282965,-1.1458308,-1.95103319,0.79290595,1.33448514,-0.73393258,-2.44368135,-1.73080807,1.1115522,-1.40900002,1.44442641,1.21098781,0.67107095,0.26866551,-1.26956792,-0.86774611,-0.05602933,1.35777014,-0.33069706],
[-0.64434014,-1.36517537,0.98232726,0.05520049,0.80406339,-1.51957099,0.05975851,-0.80021584,0.48139882,-0.90915014,0.23339081,1.13243249,-0.33198646,-0.21186427,0.64654239,-2.08800673,0.67082364,1.19587913,-1.836452,-0.21244348,0.34747276,-0.42612274,0.28569767,1.56515004,1.03718683,-1.15620864,-0.0702346,0.12127456,0.10638837],
[0.22799043,-0.96058965,-1.14155861,-0.84954609,-0.7254105,-0.99633151,-1.26253145,-1.01884543,0.3966253,-0.47278626,0.42873235,-1.61864029,-1.14506641,1.80163286,-0.48807505,2.66432524,0.32256162,0.97159723,-0.59035327,-0.21887434,-0.94543765,-0.82008244,0.08904634,1.12482127,-1.51498716,2.59932639,-0.72118707,-0.40196759,-0.54841135],
[-1.28669127,0.63342212,0.45606175,0.5429604,0.20860054,-0.83952421,1.19031198,-0.44033768,-0.3428035,1.67036481,0.46286932,1.00047433,-0.89078103,-1.61111061,1.48372152,-0.65897792,0.38397292,-0.09222239,0.70087527,0.78914596,0.75191456,-0.41242267,0.42707294,-1.05502986,1.44365182,-0.81528708,0.42556419,0.4639733,-2.03503668],
[-1.170756,-0.89379663,1.75862322,-0.50584316,-1.77791606,-0.7356595,-0.69742196,2.33195497,-0.03130853,0.15625515,1.46788381,-0.68280121,1.06965318,1.1343982,0.88020225,-1.21248177,0.23820827,-1.50793653,-0.45426233,-0.19627718,0.10487846,1.10769244,0.2395661,-1.38187371,1.57681029,-0.95688481,0.05464405,-0.91869126,-1.16532083],
[0.07003149,0.21663145,1.08663503,-0.90553132,0.45052346,1.30554075,-0.47849152,0.09598116,-0.34497531,1.56592298,0.68208051,1.6773784,-0.01082552,0.25519475,0.91123737,1.11153834,-1.89400413,-0.22934903,0.21169421,-0.07527025,0.54333922,-0.61025651,3.02680122,0.94963902,1.57229487,-0.61790664,0.18041075,0.92854444,-0.52949376],
[0.88765352,0.67293215,1.09027325,1.93881569,2.02257876,0.94957042,-0.7746498,1.3987873,-0.5359693,-0.24612369,0.2587702,-1.15960383,-1.37679399,0.57135542,-1.34190454,2.56406098,-0.06209766,-1.06012433,-0.92009306,-0.81593591,-0.20482418,0.38465616,-0.35687357,1.26293038,1.62819141,0.32101971,0.40254442,-1.0684263,-1.33038589],
[0.85240292,0.18685965,-1.47888632,-0.37170986,-0.13397308,0.59814014,0.30664237,-0.07045947,-0.56364098,1.5791875,-1.34678234,-0.7918113,-1.40178977,-0.44956958,-0.59197422,-1.08228019,0.63342906,0.8538961,1.60424024,1.52597629,1.10593291,1.06361319,1.58679194,-0.13330267,1.27222029,0.8861715,0.4645078,-1.20367317,-0.93749728],
[1.43050415,0.72699284,-0.34760523,0.97225712,0.38464343,-0.89213548,0.17994809,-0.26915829,-0.64533642,-1.09844642,0.73453644,-0.87086571,1.10173771,1.03796905,-0.61619186,-0.10206582,-2.8973354,-0.85061016,0.88143529,0.60254677,-0.22952371,1.73716593,-0.8023149,-0.68274094,-1.83074918,0.09151703,0.40823374,-0.40033176,-0.60611626],
[-1.12770457,-1.02003714,-1.14043282,0.47402813,-0.57682623,0.08043456,-0.73044826,1.51814129,-1.9518038,-0.51321868,0.15568199,-1.33230497,0.54420745,-0.92583737,0.18761774,0.05900329,-0.10513016,1.16013437,-0.58192796,-0.17471391,-1.15253366,0.37777746,-0.54336229,-0.8217722,-1.13381238,-1.08343588,1.695022,-2.28253516,0.49427701],
[-0.29485063,0.16570282,0.41393238,-1.03603145,0.68355352,0.65881109,0.50374208,0.02829458,-0.85311209,0.08144118,-0.25718594,-2.86408938,1.85369077,-0.98262138,-0.80825583,1.2601452,0.86559742,0.38273534,1.24063358,-1.51991867,-0.89811843,2.60351393,-0.58860865,0.08667955,-1.03838106,0.17827262,-0.2903292,0.57240991,-1.81932344],
[1.9224483,0.10921809,0.852228,-1.52202408,-0.56628753,1.58886704,-0.55929741,-0.21237969,-0.53243112,1.10293552,-0.80993036,-0.35209013,-0.88013781,-0.42784803,2.277834,-0.18503767,-0.12388836,0.84469107,0.12116518,-0.48831239,0.76952153,-0.81532835,-0.33634551,1.11719439,1.36115823,-0.04431022,-0.56304559,-2.8056505,1.45306769],
[0.27507429,0.31362656,-0.04065188,-2.16980649,1.99577924,-0.67874724,-1.20634887,0.5535562,0.73203977,-1.18808554,1.60769486,0.06645094,-0.6669102,0.54039796,-0.49750802,-1.75143974,-0.20346787,-1.00889543,-0.56672829,-0.432254,0.81569516,0.209876,-0.60610466,0.18296774,-0.26090768,-0.4129777,0.123654,-1.41797618,0.45350619],
[0.1606812,0.20951441,1.1545345,-1.67608238,0.21334666,0.40955728,-3.02866707,0.4989061,-0.31434147,0.73765446,0.58210947,-0.56368601,-1.33828211,-1.19526576,-0.5088121,-0.6763712,-1.41666487,0.49743095,-0.22179301,1.6250484,-0.10206291,0.32495308,0.08544176,0.70022485,0.29552449,1.67256631,-0.74773602,0.16431981,0.21352469],
[8.97844042,9.54926217,9.79081043,8.7675512,-8.24702672,-0.47037667,0.43168084,-0.8521335,-0.39776931,-0.85698824,-0.18300182,-1.63559909,0.31725125,-1.76763527,-0.1023569,-0.97038634,0.768763,0.30420528,0.55454562,0.15970679,-0.37766491,1.28430274,-0.04737591,1.94993907,-1.19128065,-1.73361057,-0.62138128,2.90634152,0.12186586],
[-1.40634308,0.39173057,0.33241564,-1.19541946,0.97639692,1.36985842,-1.33557264,0.16552092,-0.34578803,-0.88457559,1.06666279,-1.17332335,-0.02333869,0.98450726,1.50803132,-0.84838563,-0.4291822,1.10916425,-1.33618197,3.12367741,-1.24584534,-2.0912173,0.12643198,-0.25987967,0.08143477,1.6764218,0.06521391,0.14060963,1.42917142],
[-0.68012584,0.57362897,-2.86115524,0.7303539,-0.02506889,-0.26733094,0.21329541,-0.36043786,0.56254579,1.19807137,2.20751221,-1.93944546,0.76140741,-0.02391678,1.0953198,0.24619974,2.38905205,-0.83059147,-1.61790593,-1.25451629,0.85666904,-0.96586117,0.64979541,0.31751108,0.65412781,0.30494808,0.46331173,-0.5380947,-2.23637824],
[-1.13106855e+01,1.02291014e+01,8.15520492e+00,-8.59309575e+00,-1.07564266e+01,-1.76836465e+00,-5.12375295e-01,-2.62123818e+00,4.04398759e-01,-2.84269083e-01,1.08455783e+00,1.53402638e+00,-7.93084147e-01,3.26303203e-01,-1.12856403e+00,5.56436009e-01,1.10468343e+00,-9.26949616e-01,-1.85080295e+00,4.59498129e-01,-2.33392970e-01,1.48298124e+00,-6.99532611e-01,2.44647279e-02,-1.12625080e-01,1.34758533e+00,6.06868910e-03,1.60685948e+00,2.75329612e-01],
[-9.81725182,10.48422977,-12.20211959,-11.76705022,11.83501279,0.26611494,-0.54727653,0.58392397,-1.53203775,0.67979807,0.1461866,-0.01370917,-1.47054554,-1.07433897,-1.81525747,0.18376276,1.62025842,1.78913134,-1.0605412,0.47971316,-0.2896178,1.92597399,0.04552909,-0.51549675,-0.91977834,-0.18745237,0.54915068,-0.17436237,-0.25586666],
[0.13488432,0.01819829,-1.30823191,-0.40445482,0.33256345,-0.07393585,-0.2521996,0.81208944,-0.15947797,0.72235409,1.61216974,0.19254779,2.08363785,0.07226582,-0.94166559,0.05532031,0.83268893,-1.7301254,0.47640348,0.09349025,0.45416219,1.41611646,-0.27430831,0.65919655,-0.31227109,1.17318465,0.72108519,-0.76812401,3.0003646],
[-0.44364716,-1.2854008,0.63356553,-1.51624829,-0.75377191,0.96418057,0.32972312,-0.26302794,0.69264479,0.73367348,2.14758951,0.95311789,0.12694579,0.42779928,-2.87651723,-1.27850009,0.40663228,-2.26697778,1.88675161,1.16533888,1.2339615,0.05945886,0.53980332,0.61025048,0.74370937,1.33968752,0.75864384,0.39218712,-0.13658585],
[0.86750476,-0.49709662,-3.27548365,-0.95047209,1.00135937,0.25896964,-0.65256414,1.20545348,1.1039437,0.12095299,1.84958073,-0.22170113,-0.19032907,1.44554602,-0.20320526,-0.88785706,0.46784891,0.39244874,0.64159861,-0.11105668,0.17168078,-0.76014907,-0.34204426,0.03381516,-0.53468444,0.06201665,0.33271541,1.69570407,-0.14408953],
[-0.61876666,0.02373097,0.09568693,0.30413865,0.15985641,-1.18777217,-0.22679681,1.52559066,-0.34964919,-3.19424819,0.89401648,0.29500859,0.13420822,0.02032831,2.29779801,-0.46653427,-0.03223183,0.99616287,-1.12431124,-0.99565883,0.99124369,-0.17300653,-0.80752678,0.13882225,-0.41424057,-0.47819141,1.26125237,0.33552094,-0.94204611],
[-0.38781065,0.24423743,0.228232,-0.21329002,1.08715166,0.15945079,0.46396199,-0.17977845,-2.25751849,-0.15638362,0.68240071,-0.2030367,0.53023738,0.54782685,-1.97155492,2.93303847,0.41636669,-0.84027348,-1.87088955,0.07259981,0.29957893,-0.56324743,-0.17833788,1.2127036,-2.35088108,0.82923308,0.96941705,-0.85941369,-1.81191659],
[0.56652607,-1.94148968,1.13263643,1.01348612,-0.28449771,0.15653284,-0.72586456,1.16084153,-0.13648577,-0.3660477,-0.00870881,-0.45357176,0.10949526,-0.07034378,0.84556654,0.83386358,2.00240398,-0.74984057,-0.15500898,-1.93954573,0.8304928,1.01273209,-1.08679994,-0.33800292,0.16336792,-2.71978437,1.41844485,1.1032385,-0.28002599],
[-0.14905982,-0.52983052,0.59480124,0.36932534,0.15856155,-0.15524822,0.69141985,-0.44651346,0.42398319,2.12938549,-1.23379896,-0.40655033,-1.67688234,-0.79795899,0.00780826,1.47706802,1.41305294,0.07400806,0.0949039,-1.13729154,-0.83787398,2.43856574,0.84084755,-0.29552605,0.37384329,-0.75931154,0.22356837,-0.38242465,-0.26033023],
[0.34060693,-0.97179873,-0.63671936,0.52509262,-0.67425794,1.12128705,1.3810218,1.0771403,0.00410669,-1.6602818,1.59383955,-1.81626011,-0.56289097,1.14200134,-0.25035307,-0.54182872,1.16951691,0.38657837,-1.6830211,-0.88142526,1.62229529,-0.31313074,-0.67437412,-0.18731823,-1.40350228,1.80562793,-0.26149464,0.13172029,1.32024813],
[-0.505268,-0.0749623,-0.63451006,0.02478522,-0.51727401,0.36624341,-0.87929297,-0.8099142,-0.64798631,-1.20081838,0.03525719,-1.22927966,-0.14436268,1.01928918,0.43316901,-0.66985935,-0.83681097,0.69602134,-0.61526834,-0.44006772,0.19513588,-0.90921388,1.43403171,0.43849873,0.85003014,-0.06635285,-0.21481995,0.81183842,-1.02423388],
[-0.42115479,1.15396765,-1.67446762,1.20836309,0.11053285,-0.72593431,2.46812451,2.15614964,-0.75702803,-0.14419134,1.45491505,2.36691656,-0.78538859,-0.20353614,-1.07885299,-0.79044158,0.1265661,0.22865132,0.7212221,-0.49070304,-2.21233819,-1.65733194,-0.66803555,-0.54855639,-1.22023143,1.54248464,0.891417,0.80412166,1.81316096],
[7.50750019e+00,8.80295456e+00,-9.68727710e+00,9.30259669e+00,-1.02775014e+01,-1.27121550e+00,1.87375914e+00,-2.19279505e-01,-1.69828895e+00,1.00277870e+00,2.54309460e+00,-1.11387485e+00,-6.43191609e-01,4.26038439e-01,-1.17200971e+00,2.24458451e-01,-6.23685690e-02,7.75848989e-02,-2.50579108e-01,-4.74639479e-01,-1.11418654e+00,-1.42826705e+00,-1.50986154e+00,1.94334972e-01,-1.16512089e+00,3.16016588e-01,5.68604954e-01,-1.19364463e-01,2.28470952e-04],
[1.17051127,-1.32944424,0.04831959,0.85303388,-0.80986633,-0.65189677,-1.04320379,1.96306759,0.8127356,1.86247373,-1.56066493,-0.74913046,-0.42030764,-1.3443244,0.52874194,1.00829063,1.27227825,1.17316601,-1.27082667,-0.18013061,0.00747034,0.19194089,1.00801344,-1.12688039,-0.20980464,-1.29919745,-0.17457405,-1.44130226,0.66641306],
[-1.30138838,-0.58677502,-0.76797908,-0.25495218,0.01586303,0.39582209,0.55189864,0.15090186,2.15422264,-0.86374281,-0.98852482,-0.14171974,-0.44162831,-0.80548356,-1.26950886,0.44137074,-0.88267902,-1.28708592,0.51191042,-0.41517215,0.82442655,0.96196854,2.0996167,-2.22010306,-0.26884685,0.58861593,0.97015525,0.42700216,0.85727025],
[0.35233843,-0.15361644,-0.62737004,0.01558097,-1.52626787,-1.09980934,0.44417249,0.62325434,-1.05496728,0.70665786,-1.81620742,1.0227293,0.18605475,-0.69451935,-2.20618846,1.40536647,1.40178847,-0.29921577,-1.86729085,0.21469202,-0.9382107,0.17327794,1.34471519,0.5468678,-1.06195557,0.03268194,0.23665647,-0.78096673,-0.4587674],
[0.4437782,1.21955417,-0.74390292,0.10522381,0.56517121,1.30902036,-1.03443479,-0.3140925,0.64151467,1.17566241,0.10992422,0.03558789,0.93861102,-0.41012607,-0.2788926,-1.38386867,-0.09068901,-0.05932915,0.98773888,-0.53249238,0.68324785,-0.20112832,-0.7993967,0.87335967,-1.5412085,-1.00817005,-0.47680491,0.86659874,-0.51335431]]
[-0.21497697,-3.64580897,3.90456765,-8.7673069,4.52626929,1.36446655,0.18820534,-0.46607063,3.43595776,1.4690405,5.34026009,-0.54996822,-0.93318866,-1.98475626,0.03267066,-1.88994046,-2.82265805,2.1722179,1.14758467,-0.60976853,-4.43143653,0.51866795,-12.52749914,0.20771998,-3.58203887,1.4254906,-1.5683319,-12.04194103,-2.92726097,5.03509436,-9.94084222,-0.89103654,0.95884315,1.8692284,-7.07145423,-3.82087896,-3.32396914,-0.11508635,-1.55701946,-0.558145,-1.40524425,-7.75242649,2.37006047,-12.84400021,5.46488632,-0.36660093,1.51678893,-9.97790884,-2.12838491,-2.54242318,2.54260625,6.52477968,2.12563823,0.2019777,-1.65130419,2.29425428,0.55188729,-2.84401144,2.37333669,-1.15888784,-2.53582254,0.88284694,-1.26088444,-3.75319547,-0.3310448,-0.91896513,0.91020017,-1.99119139,-5.15481278,0.57476283,-4.31567551,3.19460554,7.76538514,-0.98764562,2.54732476,-4.06066244,0.52269638,2.12601863,-0.55650993,0.84223021,-7.50311182,-0.70472985,-2.55353593,-14.25821042,-11.89319511,-1.64223451,-3.26133289,-2.37438187,-1.18624469,2.18651222,1.04250362,0.50996185,-0.85992484,-2.46628906,-0.12109256,-14.18241483,-0.18027631,-4.18601832,-3.53121887,3.90284852]