[[-10.00081588,-7.36185176,9.17450126,-9.44736147,8.87014158,-1.80784253,0.70898094,-1.57072456,0.32735396,-1.90745157,-0.70919946,1.63018462,-1.57592726,-1.10461736,-0.29784169,-0.43472202,-1.68939977,0.97696799,-0.47142413],
[9.42787437,8.50715751,8.34313088,-10.87980383,11.10868358,0.05724958,0.16547977,1.9647221,0.68788504,0.16094907,1.05951005,0.78817166,2.25854191,0.95581643,-0.78382977,2.30625479,-1.22176504,0.947133,0.81446432],
[3.58390433e-01,7.79147955e-01,5.31101649e-02,2.87624996e-01,8.67737154e-01,-2.16001230e-03,-9.21697933e-01,2.69955267e+00,7.25818333e-01,3.29859461e-01,-6.96491679e-01,-1.25004353e+00,-3.35764159e-01,1.04023305e+00,1.05547823e+00,5.35482931e-02,-2.92391534e-01,8.35278331e-01,2.26929078e+00],
[-1.92322891,0.43636174,1.11249498,-0.35937657,0.25538297,0.34915182,0.11136958,-0.38848526,1.4249216,-0.79461257,1.31267963,0.23692326,0.86716902,-1.7885993,-0.16814108,-0.8598923,-1.98081235,-0.06487235,-0.80508814],
[-0.74768023,-0.20787833,1.34529566,-0.21801574,0.46369097,0.67252437,-0.21759388,-1.25829979,1.2930851,1.27181799,0.43101613,0.22178771,-1.43155077,-0.28998802,0.04305796,-1.75596118,-0.08981382,0.18654913,-0.05201892],
[0.43833347,-0.9123189,-0.00541986,-0.39393139,0.19612396,0.5619016,0.71800859,2.60699903,-0.77227485,-0.47555007,-1.96281811,-1.15915245,0.05774564,-0.84564065,0.24234149,0.38883222,-0.30137608,1.11892629,0.58412879],
[-0.83011165,-0.79280086,-0.5373766,-1.49435491,-0.43327842,0.71822612,-0.68478585,-1.5598127,-1.75504322,-0.23134041,0.90076609,1.43477704,0.58863274,2.12878829,2.42457045,-0.16600158,0.11078274,-1.67044917,0.87203001],
[0.41443318,-2.09866011,0.02458905,0.66850363,0.87289462,-0.5074975,-1.35932237,-1.07292091,1.66105257,-1.11201057,0.27414666,-1.20645179,-0.15386903,0.18504568,0.07782252,1.58106252,-1.59973929,0.65080584,0.98470024],
[-1.27242474e+01,-8.72179298e+00,-9.37377685e+00,9.90598181e+00,8.02533546e+00,-6.91334721e-01,-2.60285805e-01,-1.27810973e+00,1.19545343e+00,3.52518993e-01,7.58695720e-01,6.04535196e-01,-2.00553988e-01,-6.46079209e-02,-4.37900918e-01,7.22637659e-01,4.13587136e-01,-7.87010726e-03,1.22222651e+00],
[-0.57314215,0.71230565,1.35091767,-0.52066032,0.91526636,-1.00556103,0.92035382,-0.10198392,-0.17141369,-1.36406749,0.06362757,0.31580214,0.93163045,-0.01340766,0.11737522,-0.08977896,-1.11018364,-2.25121469,0.33615386],
[-0.31111363,0.72435971,-0.88249004,1.4013523,-0.72415703,-0.26204166,0.81001776,-1.31538141,-0.6913073,-1.48403464,-1.08666759,-0.7022431,-2.26259671,-1.21405288,-1.68301167,1.03560927,-1.13560936,1.15540598,-0.94806947],
[-0.14643542,-0.24915113,-0.96416987,0.22043394,-0.20177543,-0.60030141,0.34847699,0.03851378,0.50337151,-0.59846809,1.41187187,-0.32318929,-0.84679826,0.2048062,-0.44312795,0.93600494,-1.11302615,-1.22201438,-1.26235868],
[-0.62467048,0.76432052,0.71812319,0.98548552,-0.55108415,0.28611604,-0.16221038,1.09917308,0.18324727,0.5982038,1.53419227,-0.08749881,0.80420886,0.25879148,0.43911003,-0.85745873,0.14845026,0.73250861,2.49671622],
[-3.98853318e-01,7.69474492e-01,-7.87781351e-01,3.61202584e-01,2.47285049e-02,2.80526148e-01,4.90992030e-04,1.61353628e+00,1.26104640e+00,-9.57762922e-01,-1.79953896e+00,-5.35161040e-01,-1.50107190e+00,3.79014749e-01,-2.66806136e-01,4.85282517e-01,-3.65356875e-01,-1.38278211e+00,6.65820720e-01],
[-0.94099745,0.09113847,0.25593524,0.99084171,1.71690161,0.74256632,-0.81364967,0.03926658,0.5713277,-0.34701762,-0.80573741,0.34487334,0.80980482,-0.09090651,-0.05273789,1.34959721,2.41401807,0.05563855,-1.36089236],
[-0.16430248,-0.27463803,2.12224261,0.13788409,0.21494266,0.41302677,-0.55059513,0.65164406,-0.97922656,0.73616092,-1.07990033,0.4617523,1.14819087,0.73502376,-0.22417431,-0.29493051,0.5097863,-3.17155556,0.38026343],
[-0.99362795,0.69855759,-1.20324701,-0.12301734,1.08672253,0.55433878,1.66245538,0.95364944,0.63717789,-0.35773021,-1.2488917,0.26516769,-0.12277491,-1.34711269,-0.72674112,-0.2753886,1.97465665,-0.39629402,-0.39064966],
[4.90584973e-01,2.35528964e-03,5.69326586e-02,9.96517304e-01,2.85966845e+00,1.15666028e+00,-8.90743240e-01,-1.62520030e+00,1.51862654e+00,5.94736409e-01,1.14245421e-01,1.27049589e+00,-2.46899394e+00,-2.05677862e-02,-3.88020731e-01,3.08188296e-01,9.19551987e-01,-6.31829089e-02,1.26318708e+00],
[0.25471058,0.24488242,0.0881351,1.01567616,-1.81589473,-0.95436348,-0.80026188,0.94011076,0.33067621,-0.30209012,-0.67190189,0.81249827,-0.28855013,0.27288425,0.340718,-0.79796856,-1.53268619,-0.32222188,-0.50399696],
[0.74830944,1.5737982,1.22417226,-0.96337766,0.73699126,0.95804552,-1.29047564,-1.01263288,-0.50124482,1.49947364,-1.0092524,0.46493407,-0.40326077,-1.72710102,1.31109234,-0.18431979,0.50822411,1.13376978,-1.84949088],
[1.4600286,0.48908965,-2.5576878,1.26190434,-0.88354749,-0.68119518,-0.0317612,2.64548716,0.28036603,-0.80821316,0.28766053,0.8506391,-1.2450281,0.72080032,1.0001371,-0.27019393,0.98712537,-0.52435923,-2.13982055],
[-8.79652756e-01,-3.97440957e-01,-1.95106979e+00,1.14519302e+00,-2.30637669e-01,-4.34374729e-01,8.12581980e-01,-5.69416118e-01,-9.44447044e-04,-7.01218753e-01,1.28705516e-01,2.16307939e-01,-1.07584689e+00,-1.38782519e+00,-3.90190328e-01,-5.44695840e-01,-1.87267138e+00,1.14353398e-01,1.57126959e+00],
[0.0758636,1.49749663,-1.25412125,0.03582449,0.70222705,0.91272346,-0.70916879,-0.47560653,0.79981026,-0.67975162,0.33210806,-1.43799656,-0.41719929,-0.44742561,-0.7912604,-0.78072005,-0.00310447,1.46212239,0.65158376],
[-0.62487618,1.32900249,-0.24509436,2.21387527,0.43909463,0.68736047,-1.48180194,-0.78066317,-0.94645676,-0.00964294,0.85518628,1.92271226,-1.11933302,-0.17065287,0.30784074,0.09264498,0.27516775,1.24305822,-1.18617483],
[1.88209729,-0.34177665,-0.14149407,0.11597644,-0.64041508,-0.75811104,0.56785585,0.90449579,-0.35178463,-0.40606235,1.48436173,1.7765783,0.43353404,-0.26535323,-1.70931694,-1.02151008,-0.24569713,0.52721058,-1.47080553],
[0.69177692,0.27258956,0.011221,0.78523957,2.56382319,-0.88363127,0.94242566,0.29272654,1.11770696,1.36321696,1.78770354,-0.507216,1.70888726,2.46029199,1.00501056,0.7830971,-1.36864858,-1.52021385,2.17647358],
[0.35592862,-1.2434177,-0.00837487,-0.21359879,-0.03541991,-0.57157103,-0.10114288,1.78879261,-0.93779376,0.93212443,0.33077787,-1.91554394,-0.30008652,-1.33295735,-0.27324449,-0.44636364,1.51060697,-0.88822713,-1.0500567],
[-0.01054152,-1.43285069,-1.08029999,-1.72835079,-0.07476408,-0.81823583,-1.48066068,0.64999589,-0.15418628,-0.04794922,1.86478039,0.36842431,0.17548249,-0.10019693,0.24664721,0.37699275,-2.20145655,-0.15512753,0.28530892],
[-0.57331202,-1.42964696,0.10521732,1.92617917,1.29497195,-0.86134439,-2.46522935,1.59554446,0.31813051,-1.7456092,1.87196609,0.29272066,-1.04915645,-0.23791838,0.51813051,-1.47954371,-0.93147499,1.26864603,1.34630932],
[9.89214702,9.46463461,10.35955304,8.22129214,7.7138386,0.72348897,0.81990504,0.42537269,-0.62639681,-0.64084896,0.29651796,1.023671,-0.59526068,-1.9417353,0.15327857,-1.56885512,-0.07242418,-1.41921013,-0.31835596],
[0.09997306,0.59005373,0.80113999,0.28002971,0.45631875,-0.07672658,0.80655761,1.20322079,1.070574,0.13409987,-0.01920798,-0.62150257,-0.09994967,0.08563401,-0.06223071,-0.76519671,1.16123827,0.30685645,-0.25455575],
[-1.08012999,-0.32193342,-0.74039948,-1.26670683,1.82253694,1.47985299,0.03384899,2.6612901,0.06141621,0.23904245,3.10025734,2.31722852,-0.93799778,-0.14750014,0.84572076,1.24972516,0.82590529,2.1332562,1.59825219],
[0.59261157,-0.54981067,0.56342785,0.8933226,2.37114696,0.49132842,-0.20268712,-1.11582646,-0.9593479,-1.39610233,-0.33691057,0.56138572,-0.69166519,2.20160045,0.23711029,1.19778916,0.5415734,-0.0485582,0.16443882],
[-1.38227916,-0.58762281,0.49385333,-0.90202855,0.210898,0.42662623,0.85131106,0.75214759,1.46865109,0.99315003,-1.31301587,0.06034134,0.58307178,0.59657282,-0.36708071,1.23819548,-0.36822553,-0.994012,0.4152425],
[-0.75375009,0.44315686,0.54447223,-1.23658492,0.05012596,-0.4320828,0.35391576,0.1457558,0.72065679,-3.06748567,0.16822525,-0.10200112,0.46606989,-0.28677283,-1.08050895,-1.7897186,-0.61135334,0.90209781,-1.89685451],
[-1.23928442,0.08575274,1.45477073,-0.1965772,1.18575353,-2.1080142,-0.54470149,0.59263999,-0.08276698,-0.70399956,-1.03635388,-1.29227589,-0.97445665,-2.68083742,-0.41749189,0.06536636,-1.15446505,0.12621684,0.19759505],
[0.04827748,-0.14531284,0.31145854,-0.47522477,0.31339906,1.11315226,0.39278438,0.66540195,-2.03375251,-0.52405826,-0.67527881,0.75840415,0.59971206,-0.76679314,0.03302974,0.07614577,-0.51519696,-0.34363393,0.3321336],
[-0.57249534,-0.72427457,1.15391922,0.35543531,-0.04001018,-0.64151842,-0.74516108,0.4318765,-2.08573342,0.21268429,-0.34515695,-0.02976348,0.21545489,0.79759435,1.04738082,1.32483084,0.60020358,1.33891057,-0.30778074],
[-1.51925682,-0.85272408,1.95121844,0.33928234,-0.10823325,-0.06355379,1.93198048,0.43903108,-0.45211275,-0.49364877,-1.67487243,-0.51074784,-1.41439713,0.88690797,-0.99230388,-0.96780492,-1.63377927,-0.84334579,-1.21064893],
[1.02279477,1.44107042,-0.83690825,-0.18166913,0.12362855,0.32480689,-0.18395399,-1.14394593,-0.30232086,1.03049693,1.21910124,-0.19446758,-0.33364599,0.07135393,0.4289086,-0.46084888,-0.61087276,1.05591504,0.6170962],
[-1.01104479,-0.25512692,0.79577538,2.11089501,-0.66333683,-0.85254785,1.7175601,-0.14570859,2.50504629,-1.76631122,0.73013342,-1.12728307,0.52361131,-1.15662846,-0.34721259,1.33402206,0.18432459,0.01136254,-0.11439106],
[0.23317277,-0.20382357,0.42851612,0.30623363,0.2521659,-0.86874202,-0.12888319,-0.9470448,0.56224191,1.64815781,-0.63588878,0.0417031,-0.74544793,-1.44716735,0.61290856,-0.23058059,-0.46014552,-1.59632515,-0.32421517],
[-0.18265119,0.80193113,-0.76269294,-0.12485565,-0.74457692,-0.73460238,0.53064323,-0.86513518,-0.06820249,-1.44414019,0.47150555,0.19426865,0.34215071,1.42565527,-1.21829459,0.3735668,-0.78381586,0.69819972,0.05863961],
[-8.27225045,10.93427835,-8.95901396,9.73871736,11.253898,0.85579875,-2.27364642,1.17082229,0.52206442,-0.74077466,1.44004912,1.72316924,-0.58095919,1.84221617,-0.45556929,1.46023419,-2.06840956,1.2491338,-0.93942611],
[0.91418604,-1.18058298,-0.6807081,-0.47607624,0.61432028,0.12709701,0.16795303,0.83005723,-0.03890056,0.29512805,-1.31152,0.35156936,1.00256662,0.83925367,-2.16616955,0.43512412,0.95228559,1.46783321,-0.15815086],
[-0.75425369,-1.36951026,1.20175244,0.14713271,0.18953111,0.83096344,-0.15116955,-0.72017962,-1.2921643,-0.1281227,1.0441456,1.68998,-1.18068015,0.2278573,-2.92417276,1.28994254,-0.80461809,-0.77035414,0.94358234],
[-0.245791,1.44902304,1.23841718,-0.21769374,-0.06247605,0.46611121,0.86140601,0.33369916,-0.113865,-0.92073101,-0.46322946,1.58600611,-1.1152351,0.10575917,0.32213657,-0.02496663,-1.12692295,-0.46040286,1.02184556],
[-10.02800479,-10.48008923,-8.7092467,-10.35730626,14.12997912,-0.01501571,0.3330596,-2.02288681,1.32673371,-0.26650863,0.04918217,0.86279613,-0.13010679,-0.7387769,-0.94850661,0.19886929,0.13683289,-1.10992023,1.17414979],
[0.86516751,0.84825675,1.11593752,-1.15635769,-0.93159425,0.4303868,-0.02631003,-1.48343044,-2.08465366,-0.82533725,1.10868243,0.79476617,0.66290932,0.72444577,-0.6414295,-2.97143518,-1.18433412,-0.6750269,-1.19377792],
[1.22274568,-0.49936465,1.2025769,-1.35767445,1.23743599,-1.45221721,0.92523215,0.20996204,0.50716167,0.50677173,-0.68362817,0.69567501,0.2549255,-0.23555365,-0.9042226,-0.44600892,-1.34242569,0.0421063,0.24764748]]
[-11.42472148,-10.15210213,3.11813799,-0.33787745,1.99409493,0.88284906,-4.20742331,0.66456801,-16.57919879,1.2223173,0.66382344,-2.07531022,1.48302714,0.3077534,2.67791203,2.08317434,0.95781123,5.79753203,-1.02517086,4.94176108,-0.55520869,-1.59037835,3.4089255,4.38256603,0.4892229,3.27131057,-0.90271347,-5.15210117,0.57651439,-12.21324404,2.54215744,0.19958446,4.62493592,-2.3111017,-1.18850313,-0.46279844,0.66049302,-0.1122248,-0.92271435,1.93064432,-0.75355641,1.31294004,-1.78276215,-5.52876903,-1.83388343,0.74331683,1.3556502,-7.08824967,0.88867113,1.24409183]