[[0.01823669,0.25438245,0.25985402,-0.02432194,0.73033338,1.92994594,-0.37632219,1.73203381,0.30602288,-1.14237753,-0.89670275,-0.338743,-0.72437147,0.50790269,0.17357026,0.45780887,0.9480979,0.46666135,0.04931387,0.19815304,-0.521934,-0.86821528,-0.51055392,2.08210889,1.40946809,-0.34362735,0.30004062,0.87744561,0.76517241],
[0.48247993,-1.46478184,0.20883203,1.33981124,-0.46494045,-2.44180418,0.07347944,0.06591567,-1.47687363,0.41068532,-1.45825594,-1.48323619,0.2950475,0.55694128,1.89959407,-0.60613019,1.48158094,-1.16226311,0.35443613,0.16896331,0.47767268,1.23468077,-0.67788587,-0.36550633,0.18791236,-2.07404428,-0.87356239,0.83174148,-0.32416169],
[5.68893861e-01,-5.95504229e-01,-8.85336394e-02,-1.21528626e+00,-9.19556838e-01,8.54173193e-01,-7.94921939e-02,-1.41967320e+00,4.32371131e-02,1.77877796e-01,1.43600576e+00,9.89996108e-04,-6.97514785e-01,7.81992886e-01,-1.23533649e+00,5.46925147e-01,-1.32788673e+00,-4.51511708e-01,4.49630371e-01,1.26417956e+00,1.34409731e+00,-5.09729491e-01,1.54430293e+00,-1.93617689e-01,-7.11299381e-02,6.81335210e-01,-1.10592352e+00,8.35675129e-01,6.17522910e-01],
[0.88485738,-0.64572051,-1.37228589,-1.01604482,0.07292351,-1.24283811,-0.25134559,-0.20373019,0.78081666,-0.03734815,0.48195436,-1.44850326,0.34702673,-1.67255812,-0.1156116,0.68602286,-0.02041052,-0.0396457,0.70750911,1.30936734,0.31550792,-0.88349414,1.44090646,1.61193335,-0.42341361,0.51292116,0.36276572,-1.75803779,-0.2525293],
[1.60944596,1.79092939,-1.79836483,0.78098765,-0.55360913,0.93046346,-2.20661277,0.56233522,-1.21584764,0.22487787,1.93805403,-0.19058206,-1.37876696,0.76720355,-0.76655346,0.10215836,-0.244507,0.1758336,-0.98614957,0.95374028,-3.29069952,-0.8576574,-0.59786477,1.24446714,-0.91728933,-0.98010328,1.77975226,-0.93622313,1.70635628],
[-0.82368872,-1.28557291,-0.24134008,0.85145059,0.04735384,-0.48592086,1.287937,0.09396247,0.61419775,-0.13743636,-1.20819665,-1.19850723,0.05316396,-0.26914706,1.18162143,0.75613943,-0.76979454,2.11348245,-0.19650829,-0.4893402,-0.50395103,-0.69351834,-0.27891999,-2.57926033,1.56572694,-1.14272369,0.89297614,-2.06239842,0.89681098],
[-0.95060658,-1.84347077,0.75000016,-0.04027155,1.9355537,-0.66119156,-0.04093282,-0.53359653,-0.19526772,0.3324244,-1.29044375,0.34826721,-0.49932136,0.45812286,2.38939633,-0.37245774,-0.01046513,0.14395951,0.87724898,1.27437694,-0.84445804,0.81741455,2.8175548,0.17737825,0.27517803,-1.0200588,-1.36938638,-0.07190184,1.16843089],
[0.54483028,0.65757315,0.26450085,-0.95475287,-1.90405881,-1.38180793,0.32411415,-0.69586704,-1.41239298,0.83146767,1.06352185,0.93316424,2.22962728,2.09780241,1.8382153,-0.04635416,-0.4801388,-1.01114775,0.16524789,-1.6847152,-1.86924917,-0.5767463,1.15726715,1.66291667,-0.20565704,1.65578141,2.9774095,-1.03637806,0.68205139],
[0.39672527,0.49129767,2.54900081,0.25472346,0.764842,-0.0181299,1.1441513,0.56150233,0.48116913,-1.32552371,0.12030497,0.12989565,-0.01176714,-1.59192242,1.3180593,0.06608004,0.32903776,-1.15295385,1.28398004,-0.46268723,-2.52304309,0.30012085,-0.75392348,-0.9734501,-0.13628448,0.68758494,-0.75116233,0.71356969,-0.56703281],
[-1.0721388,1.22301709,-0.54995284,0.50603215,0.34735969,-1.06404137,0.93011085,-1.16697701,-0.4283213,0.10997939,-0.62734115,-1.10855766,-0.91886394,1.26556656,-0.67107887,-0.23672408,-0.45089674,1.59625261,-0.57230488,0.80304235,0.65666456,0.30816011,-0.02024856,0.1040826,0.10185269,-0.25490955,0.07310384,1.28960113,-0.04901387],
[-0.6408544,1.12884501,-0.1588861,0.26801768,0.69066306,-0.26037394,-0.06788339,0.37956373,-0.24522958,-1.52083712,-0.04380877,-0.08825954,2.97671035,-0.22290868,0.34481798,0.89847228,0.28985971,-0.5093474,-0.61419007,0.99408351,-0.48414014,0.1326736,-0.51459902,1.34025626,-0.96790026,-0.22744536,-0.07265775,3.25462957,-1.10518513],
[-2.0631624,-0.72246416,-0.96460767,-0.92335039,-1.03804566,1.42501568,0.17654194,1.11135728,1.03411417,0.80114821,1.59133942,0.74690045,-0.99948962,0.45108782,0.22865972,1.45731049,0.00323669,-1.11866856,1.25542343,0.73276896,0.58450208,1.05290758,2.68941837,-1.87349078,-0.01289369,0.07706007,0.38513541,-0.12123341,0.9036112],
[-1.58613361,-0.49519225,-0.45367275,-1.02254514,0.22537321,-0.16795368,-0.39098478,0.58625818,-0.82445923,1.26996169,0.05147709,0.39152842,-0.01649263,-0.46914706,-1.4692633,0.13843125,-0.31095122,-1.26435576,0.46247384,0.88750341,1.20893598,-0.48614311,-0.03490649,-0.82917353,-2.17399294,0.38747366,-0.1492252,-0.85187954,-0.13216958],
[-1.35965874,-2.18327507,-0.71321946,1.07219323,-0.24169387,0.59138459,-0.9181042,0.36842962,1.80938929,0.3641595,-1.03901227,-0.70153449,-0.24138106,0.39487198,1.1413971,-0.17495308,0.8273689,1.01569258,-1.15106044,1.18884672,-1.2724022,0.8241771,1.19048906,-0.42509347,0.71940133,-0.18096054,0.76162368,1.11939553,0.88106632],
[-0.15854438,-1.91689314,1.51818105,1.31181493,0.20165386,0.31759288,-0.68975246,0.29311614,-0.62208545,0.13843036,-1.18987773,-0.03916132,0.06075379,0.14587818,-0.69965213,0.17437105,0.6536037,0.38897212,0.52365859,-0.22264371,0.11303007,1.2439067,-0.65465782,-0.73900525,-1.03776711,0.17003028,-1.02269611,0.23214489,0.21622668],
[-0.78570492,-0.26843406,0.44606165,0.23936493,-2.48391597,0.96375011,-1.75527595,-0.48206662,-1.28095813,0.55519167,-0.48618186,0.09125159,-0.0841264,0.06455515,0.81870623,1.26311906,-0.70480954,-0.43448791,-1.77554449,0.87983006,-0.32397962,0.57937741,0.03067676,-1.30288255,0.82462153,0.33760963,0.34761079,0.41113306,-0.85189146],
[0.13815088,0.97389029,1.56705987,0.9561299,-0.22344095,-0.35364566,1.67117579,0.49615846,0.48996668,0.35444597,-0.73008427,0.13985569,1.27603011,-0.10529858,3.18538769,-1.11465669,-2.68410499,0.79275077,0.38229549,-0.02556603,-0.81297835,-0.41465043,1.37480209,0.50143406,1.30749774,-0.53819527,-1.42952053,0.24732051,-2.2211033],
[0.56131387,-0.39307004,0.43184452,-0.94686318,0.52579686,2.76086338,0.38458347,-0.37114002,0.98128318,-0.65605745,1.04108628,-0.44628245,0.78340058,-0.47080911,-0.83960575,-1.17660459,-0.17904075,0.20311234,0.9660253,0.06927228,1.76715586,-0.77147374,-1.83698988,-0.06021046,1.42060799,0.10697496,1.02597338,0.34298928,-0.13502927],
[-0.08612919,-0.35238786,-1.28519666,-0.58425874,0.37344132,1.37366057,0.67052783,-0.29933984,0.49569819,-0.25898569,0.70754345,-0.99667147,-0.08607981,0.2961832,1.39524803,-0.96737377,-0.27991825,-1.81146305,0.62940999,0.86124429,-1.16605019,-0.49994856,0.06277347,-0.3583904,0.90925224,0.55383499,-0.53316941,0.24218054,-1.59275246],
[-1.72110084,-1.25039055,0.80815249,1.23442464,-1.46282735,0.97432613,-0.06633946,-1.25870983,-0.92357921,-0.26131748,0.88882181,-0.50049572,-1.68021644,-0.378641,0.11809958,-1.17867132,0.09916444,-0.17469107,-0.192198,-0.62483307,0.10083461,-1.00244971,1.60058061,0.44003255,0.99691607,0.57417122,0.59095688,0.79374229,1.48978473],
[1.09519008e+01,9.39600468e+00,-1.05263408e+01,-1.15331877e+01,9.99437345e+00,-2.99986627e-01,2.00174837e-01,-4.51578733e-01,3.99210624e-04,5.14794554e-01,-1.67525380e+00,1.38260341e+00,1.24644394e+00,4.80418278e-01,9.70509090e-01,4.28693197e-01,-1.38522853e-01,-1.22248786e+00,7.02384040e-01,-3.00805488e-01,-5.13035783e-01,1.04422049e+00,-4.79890547e-01,2.68972980e-01,-7.27949441e-01,-1.61510468e+00,-1.28830096e+00,1.01492975e+00,-4.40131148e-01],
[1.49051655,0.16858309,-0.84017844,0.88559439,0.33251218,-0.5383311,1.65181619,1.14145589,-0.91937722,2.10210076,0.91732363,0.62655477,0.13242033,-0.03001197,0.52947885,-3.06458478,-0.43516571,0.25205956,0.0339661,1.45044187,-0.31195958,0.35235485,-0.61855742,0.97006665,-1.09105715,0.98984112,-0.51387435,0.91396947,-0.09856145],
[-9.65641783,-10.26846264,-7.525698,-11.18532959,-9.53981862,0.49208145,-0.23785948,0.47050204,1.05095054,-1.51149683,-0.48582867,1.68193473,0.74918001,1.08584818,-0.86482357,-0.01754538,-0.65059491,-0.1843327,0.7482918,1.60486963,-1.96642028,-1.06412225,0.03489192,-1.14717959,-1.582876,1.16991108,1.34725867,-0.36705368,-2.17493314],
[-0.03992175,-0.81641654,-0.92850025,0.87665222,0.54062557,-1.61235857,0.10248485,-0.52082446,-0.850459,0.37556111,-0.7548654,-1.07039963,0.03931316,0.29795377,0.98500128,-0.93212539,-0.64779215,-1.50361301,0.47434417,-2.26702582,1.34596109,-1.5778438,-1.0505899,-0.3531485,-1.05535689,-2.08438938,2.30024011,-0.10509488,2.21122429],
[1.36286045,1.62675775,-1.03513763,-0.19624261,-0.18190925,-0.63748984,2.4255412,-1.53100981,1.25151545,0.17388439,0.14767848,0.77796056,-1.51116235,0.51005995,-0.91221798,0.8769718,1.25710368,-0.30630464,-1.56012208,-0.86327168,0.54184682,0.18625796,-0.51335403,1.39940434,-0.36992824,-0.45267605,0.03985596,-0.49331085,1.36911809],
[0.4044676,0.86330914,0.82797131,0.53520595,-0.73801763,-0.96488382,-1.81201165,1.52840154,-0.03487612,-0.24256899,0.42679486,0.82956695,1.48308642,0.17375234,0.37988566,-1.20513091,-0.56124951,-0.85473982,2.45301976,0.5267019,-0.08599533,-1.82496571,0.28573356,1.10511104,1.41017104,-0.06406667,-1.49575073,1.25698448,0.50653684],
[0.34053358,0.46665622,0.52973165,0.41189984,-0.19122702,-0.5946038,0.43651583,0.33087193,-1.17856073,0.20680426,0.7615172,-1.70706992,-0.09323916,-1.89679365,1.26112609,-0.76190256,1.74357219,1.52467496,-0.09214028,1.73739644,-0.90193874,1.15222854,1.1694291,0.18199991,-0.60849842,0.56971946,-0.3975115,-1.16246737,-1.04009847],
[1.78249187,-0.63051905,0.47969519,0.52019983,-0.23112988,0.36766282,0.76026742,0.13367999,0.71415754,0.77902171,-0.20383202,1.2369484,1.08540438,-0.76619841,1.78379151,0.23304192,0.02634832,-1.41569344,-0.4223319,-0.42361351,0.80201683,-2.68786972,1.09314081,0.08802078,-0.94383901,-1.44100623,-1.15754968,1.98126655,-1.07592219],
[0.33159213,-1.64348493,0.63320881,1.96571755,1.14086407,-0.54488805,0.10627256,-0.99779785,-0.44997531,-0.85583133,0.46550457,-0.8737299,-1.8032212,-0.20736525,0.26969949,-0.94524234,-1.11338173,0.3278906,1.90887094,0.92786533,0.6025643,1.18915314,-0.34543086,0.9486402,-0.24672587,0.40217089,1.30345976,0.06115617,-0.13061594],
[0.49257868,-0.54318531,1.87208257,-0.21076461,-0.12065784,-1.75964564,-0.21031821,-1.91278703,-0.07904174,1.99157839,1.26946426,-0.01915798,0.97421525,0.14284549,-0.2032976,0.52940602,-0.48667505,1.12021237,0.61999828,-1.23092996,-0.29220818,-1.12267853,1.69227177,0.4154829,0.91472109,0.02166955,-0.44058036,-0.10676577,-0.40631917],
[2.30897361,0.63228406,0.0987121,0.62778874,-0.23369868,0.15894347,-1.40223209,2.08878906,1.13195539,0.19298137,-0.92132302,1.91603986,-0.173948,-0.26102045,-1.30486709,-1.34415718,0.46274063,0.70346515,1.45617653,-0.58815704,-1.36931603,0.6576964,0.02034448,0.3166315,-0.55563977,-0.63136656,0.65048004,-0.22719994,0.02854661],
[-10.19554717,-10.21075765,-11.55602816,11.13808986,-9.59961255,-0.71499037,1.68765255,0.12435111,-0.04670544,-0.21427715,1.12637169,-0.71871856,1.40023634,0.88870827,0.55610885,-1.49993226,-0.18964764,-1.19887211,0.12628235,-0.119475,-0.55926733,1.85367231,-0.63633602,-0.25299067,0.43262015,0.9259348,0.8131512,-1.18717174,1.59449929],
[0.02796857,-0.38265298,-0.59169608,-0.89890669,0.16170882,0.67605916,-1.38016928,-0.10656171,1.13602226,1.08372195,-0.4282508,-0.95134613,1.81634529,-1.00063204,-0.64000108,0.55977667,-0.9907372,-1.17022781,1.46143412,0.21618285,0.50114395,1.93684819,-1.69941872,-0.28138202,-0.52851397,0.0674072,-0.92257826,-0.12091008,1.08908068],
[-1.93324422,-0.67811514,-0.05993406,-0.75214752,1.19645025,-0.27105794,2.07801392,0.18923756,-0.68371451,0.24590051,0.48666105,0.99461785,0.38935775,-0.1481814,0.69118612,1.24574449,-1.63566414,2.27020056,-0.63721958,1.22002417,1.72831347,-0.82064441,-0.184,-2.33825675,1.48749087,-0.13437291,-0.51126107,1.06965994,0.27112937],
[1.1531446,-0.75433486,-0.04954192,0.83732536,-0.45240088,-0.95099202,2.01429433,-0.14073262,0.59218311,0.58855247,-0.41433918,-1.61619817,0.98136765,-0.32101081,-0.94117899,-0.46433589,2.00466721,-0.61028227,-0.60882651,-0.50333417,-0.26363301,-1.66961803,1.00544864,-0.50953961,-1.39757072,1.6817299,0.7102855,0.04347162,-0.89370649],
[-0.40795405,0.44066828,-2.07500345,1.15770866,2.67292262,-0.03333824,0.8957964,-0.03780069,1.45703732,1.49832727,1.46679712,0.51276663,-2.24831003,0.69470729,0.52571956,-1.9355474,1.6665029,0.60003015,-0.25388849,0.34336317,0.31124185,0.55088997,0.15471598,-0.07248579,1.75272681,-0.3491752,-1.09469056,-1.32426355,0.18811342],
[9.40268929e-02,-4.07252522e-01,-2.82655915e-01,6.61445633e-02,3.80822368e-01,-1.40274840e-01,1.72860994e-01,-1.60619709e+00,3.03556622e+00,2.18541793e-01,-1.87325654e-03,-1.75446875e+00,6.97166477e-01,4.56152160e-01,-1.96076315e+00,6.85442039e-01,8.50539951e-01,-1.06988993e-01,-3.95438101e-01,5.67298255e-01,-4.52702846e-01,-7.37793873e-01,1.48483411e+00,-4.25169036e-01,-8.36611619e-01,-8.70276659e-01,4.24267022e-01,1.03008917e-02,1.91171348e+00],
[0.97185225,0.23734333,-0.46084155,0.54058481,-0.11925912,-0.99120794,1.33141389,-0.53247009,0.43494599,-0.94166242,0.73475469,-1.2821081,-0.02541718,-0.32633935,0.13448218,-0.6107042,0.75428504,-0.30615739,0.75429967,-1.13679122,-0.64654568,-1.69393758,-0.49898441,0.73695635,0.65816717,-0.72496538,-1.44240308,-0.38405194,-1.93768883],
[-0.2082508,0.39674177,-0.18869515,0.69331112,0.06264537,-2.1805636,-1.19390261,-1.42555164,-0.4688267,0.12868784,1.88360176,0.05177643,1.30787122,-0.4817549,0.79721576,0.39624372,-0.85299625,1.03965727,-1.22271895,-0.38572751,-0.5779292,0.77008154,0.52326125,0.87503025,0.18955841,2.02629162,0.43574408,0.46563817,2.04949496],
[-0.51476661,0.49478257,-0.29970791,0.50443973,0.90134313,0.99703627,-0.61870316,-1.17809693,0.05631137,1.01907452,-0.60301092,1.56984786,-1.88443942,-1.17050077,-0.62949737,-0.55745048,1.92949184,0.05437846,-1.7432079,-1.39552905,0.69506836,0.83819614,0.78544312,-0.47811987,1.89240618,0.76314819,0.32935359,1.90216904,0.08638258],
[-0.0124881,0.79599821,-0.59394801,-2.21515131,-0.99448974,-0.3016971,0.71208188,-1.48958203,0.82427974,-0.44011707,-1.27739718,-1.62276779,-0.4839323,1.53509208,-0.99457218,-0.34131988,0.02808621,-0.08689971,-1.65535574,-0.51324875,0.21648083,-0.03788922,0.73291833,0.60325295,1.43111437,-0.60170781,0.33736128,-1.51162248,0.14146087],
[-1.44092776,0.63279363,0.34748274,-0.22273554,-1.51382063,-0.22703766,-0.29272712,-0.94912218,1.12501996,-1.06816223,-0.06878665,0.3935471,0.84551555,-0.59880748,-1.79973751,1.71943291,-1.53340043,-0.03940649,1.55355319,-0.1648594,-1.15163305,-1.04168136,0.18257777,1.83770539,-1.92916303,-1.812447,-1.17161036,-0.54045247,-0.96444646],
[0.00631133,0.62968269,0.29871412,0.47288633,-0.19677634,0.76317319,-1.76850646,1.06942108,1.05981343,-0.98350076,-1.08419923,-0.24588421,1.08157477,0.04661078,-0.70790156,0.8910868,0.13845442,1.73237359,-0.74976107,1.81326416,0.18316829,-0.02306623,1.2348497,0.8505258,0.88200755,0.43194122,1.49838021,-1.50606517,1.6686143],
[0.44663737,1.63410692,-0.64921757,-0.96108551,0.86676594,1.7447986,2.17281812,-0.81917662,0.0081339,-1.07183717,-0.35710153,-0.25157902,-1.06717951,-1.36733598,-0.46976912,-1.03254415,1.69342023,-0.94548228,0.56694604,-0.61760327,0.78027436,2.31583086,0.87524247,0.72063503,-0.49254975,-0.73949322,0.84500937,-1.14550702,1.2578079],
[0.17971914,0.32696123,0.84697088,-0.47133153,-2.10005527,-0.13787566,-0.45564257,1.42197367,0.2304175,0.84692824,-0.6527267,1.81349916,-0.33217857,0.03580364,-1.12671697,1.19355062,2.90805377,-1.18219135,-0.06912575,-0.59869927,0.87053593,-1.25228192,-1.25016942,-0.38879377,-0.612282,-0.19269389,1.79842906,-0.19857621,-2.37544895],
[-0.78335212,-1.72352165,0.26796043,0.61881775,0.81871443,-0.91759475,0.60701739,-1.46553979,0.15722744,0.72185866,0.2404745,0.33279664,-0.64328493,-1.04732516,-1.56779694,-0.74362945,0.27413043,-1.21520721,-0.6191624,-1.3481604,-1.42538102,-2.28732625,0.8381723,1.17502087,-0.69311745,-0.66498943,-0.88247892,-1.39877318,-1.59688526],
[-0.60644166,1.74478978,-0.36855627,1.32230438,-1.00759014,-0.33102103,-0.03353902,0.92077041,2.4825776,0.87041101,0.34949183,1.87064173,-1.64499024,1.25507251,1.84439945,-1.39289848,0.51713408,-0.54891675,-2.28079227,-0.54354866,-0.13850568,-1.01276711,0.19273084,0.9840102,1.75219506,-0.08575242,-0.05383533,1.76371957,2.02147122],
[0.86566448,-0.38169625,2.1060416,2.38888358,-1.92244975,0.29417843,1.17405123,0.18416661,0.25366476,0.60225898,0.05279142,0.40299695,-2.05384053,0.41629023,-0.27763916,-0.26577903,0.17109801,-0.39505116,-2.11224012,-0.90999669,-0.71487458,-1.91226777,-0.47468085,1.1078701,0.71789489,-1.52438671,-0.4762945,-0.25418167,1.10583496],
[0.17775019,1.86390628,0.16757895,0.12721408,-0.46749118,0.51578781,1.56888884,0.38474792,-0.77910993,0.37308013,0.88077889,0.77710289,-1.74628248,-1.66818999,-0.11817677,-0.04845863,0.13790439,-1.1883467,0.5220193,-1.82957839,1.1947407,0.18251991,0.6994868,-0.77981403,-0.63697825,-0.26207124,1.23953343,-0.52518153,-0.18252413],
[0.22805533,-1.1873108,0.84606635,-1.52414686,-1.42614069,-2.40717275,-0.74627219,0.58321909,-0.15500044,0.44522685,1.01588956,-1.49566822,0.67825972,-1.15595214,-0.78915652,0.69586425,-1.25561553,0.59865119,0.07390495,-0.5990722,-0.51827172,0.5707084,-0.35552476,1.76368294,-0.57709135,0.13266797,-1.0790601,-0.30733574,0.40883137],
[0.84673637,-0.23498786,-1.05386797,-0.89188565,0.02818995,-1.484557,0.37246459,-0.25768203,-0.43696978,0.33257382,1.4428331,-0.41620481,-1.1309854,-0.16093901,-1.06876148,-0.58899398,0.229441,1.6188179,-0.12425495,1.3020181,-1.51599082,0.57745252,0.53212988,-0.16262717,0.87018191,0.3116725,1.46892867,1.15728574,0.97324301],
[1.37403148,0.59509054,1.23038415,-0.64750417,0.96863366,-0.36870268,-2.26215044,-0.09389329,2.73243764,-0.08581737,0.32743851,1.70791895,-0.27027669,-1.86098889,-1.08734481,0.98357647,0.31684058,-2.05469241,0.81662206,-1.134181,0.95746415,-0.09162381,-0.72516579,1.9168832,0.87192626,-0.19619364,-0.85818263,-1.60537802,0.29433369],
[-0.62178862,0.64664319,0.47140974,-2.02699026,-0.26771189,1.11913483,1.84280598,0.88164675,0.49408629,0.28886244,-0.13193502,1.708971,-0.16534259,-0.86243226,0.46210146,0.05685856,0.92743225,-0.38595461,1.01067364,-1.41274205,-0.30154442,0.48082762,0.26083475,0.29728577,-1.41010783,-0.22031568,0.24370477,0.1174655,-1.00841936],
[8.22018881,-11.82226019,9.85130015,-12.39489385,-10.39901401,0.05471896,0.77251192,0.57878306,0.33603161,-0.94680866,1.65573445,0.37812801,1.29237067,0.31460026,0.25562762,0.12401491,-0.47841469,1.59824998,0.76652446,-0.89353056,0.68299605,-1.57851468,-0.41456151,0.38904567,1.70501238,1.38612304,-0.49633225,-1.75736647,-0.52587823],
[0.98675747,0.03590843,-0.14108177,-0.46239789,-0.74633407,-0.62356064,-1.52206984,-0.38441817,-0.41552076,0.05833315,-2.21037829,0.60429548,0.52580541,-0.49031774,0.36252432,0.56653577,1.16722097,-1.70355883,-0.82301181,-0.00710534,-0.4233908,0.89901377,0.6544424,-0.17589053,-0.26925179,1.13535905,0.0813656,0.32745514,0.78784241],
[0.73257612,0.74362589,0.42782634,1.90824331,0.55484485,0.63753715,-1.84752625,-0.41079381,-0.20845228,-0.76549364,-0.43991827,-0.01410784,-0.03490247,1.01173239,-0.0445325,-0.97935338,2.61540962,2.30759263,-0.89427494,0.12908333,1.19775468,0.88114318,0.86739783,-1.21876939,2.01339458,-0.20133671,1.34144709,-0.90002054,1.28055036],
[0.60632931,-0.60540633,0.14779524,-1.01402319,-0.78922604,0.36054546,0.39428733,0.26775802,0.23947737,-0.07572682,0.60477077,1.06256795,1.41551084,-0.69745331,0.47119832,-0.79978298,0.42031648,-0.05744341,0.84921985,1.20766755,1.36158635,-3.11641076,-0.28934757,1.00464204,2.35387003,0.05983348,0.16466759,0.14979175,-0.3415886],
[0.38615493,0.02537384,-0.06212493,-1.19038537,0.43019992,-0.85818693,-1.07702627,1.1450649,1.95243133,-0.09932343,1.85450132,1.1756303,-0.42498144,1.12424829,0.91939279,-0.27263762,1.47189058,-0.80820518,0.11242123,0.48357892,-1.99983946,0.90995635,0.60013097,-0.2419,1.22530925,-1.51000045,-0.61533948,-2.03236336,-0.17269583],
[-2.08830713,0.92560562,-0.29061139,0.08344871,0.43239052,-1.25086628,0.30768591,0.1321436,-0.44669306,0.19656671,1.18073633,0.95282331,0.29510225,0.60009583,-1.29725719,-1.8618372,1.24858403,0.18317858,0.37559437,-1.51406464,-0.44986694,-1.02621275,0.03560549,2.0492086,-0.45556941,1.35581835,-0.70149555,-0.85964607,0.07891365],
[0.56662052,1.57929585,0.40920249,-1.02538354,-0.80842661,-1.33049175,1.93058259,-1.80209689,0.24544821,1.05731987,-1.31054734,-1.19427736,0.13763754,0.26560103,1.87333272,0.53941809,0.65726835,1.25322309,1.39332031,1.29728383,0.22136651,0.41968711,1.07815233,-1.23907783,0.78626306,-1.10283829,-0.56153625,0.55550714,1.02272863],
[-2.24394895,0.11383928,0.66668993,0.64381871,0.33061799,-0.91774436,-1.76051316,0.68534101,0.27678248,0.8006612,0.25495164,-0.50518162,0.84033949,-0.7090173,-0.61126196,-0.06495971,0.63406673,0.01896674,0.21169316,1.33198522,1.1201812,-0.37711849,0.01451314,-0.92077432,-0.23789322,-0.36733244,-1.06267339,0.30626156,-0.4915713],
[8.68299844e-01,1.04097389e+00,7.39476186e-01,2.01590764e-01,-8.43466373e-01,-2.94173023e-01,3.19409609e-01,-5.13253454e-01,9.32329869e-01,-4.90431266e-01,1.52566122e+00,5.60130578e-01,2.21204440e-01,9.39096054e-01,7.68009489e-02,-1.70627476e-03,-8.34090286e-01,3.12371255e-01,-1.15720493e+00,7.10234245e-01,1.73208006e+00,1.64531213e+00,-1.31074779e+00,3.36284207e-01,7.37936024e-01,-2.12451179e+00,-1.60483391e+00,-1.78020314e+00,2.90866018e-01],
[0.73683069,0.71000415,0.55422224,0.81369538,-1.90383317,-0.84741711,1.6959288,-0.16028343,-0.02484771,0.35113524,-0.2633964,-0.00983145,-0.42560304,-0.6750345,-0.00889916,-0.90971122,-0.15502143,0.29146934,-0.05262926,-1.08723042,-0.22871637,-0.88014929,-1.22536412,-0.91859645,2.2693165,0.13430751,-1.23886232,1.49717668,-1.56293302],
[10.86134692,-8.05748883,7.61853692,-9.67163955,-6.43460351,-2.85622232,0.15554101,-0.40701471,-0.32460522,-0.39698641,0.10335941,-0.42565986,-0.76260042,-0.29415608,-0.06791371,-0.26036138,-0.01806346,-2.5974192,1.50626898,-2.02292282,0.54079302,-0.2128705,-1.14310601,0.76785804,-0.18447813,0.04167306,1.71678465,-2.04876369,0.82834963],
[8.45194222e-01,1.22568696e+00,1.15730532e+00,1.34640464e-01,-6.37392211e-01,3.28823510e-01,4.92589922e-01,-1.57350751e+00,-1.57068616e+00,-1.71490985e-01,1.01437171e+00,6.56099761e-01,2.02418985e-05,-1.31839487e+00,9.66207638e-01,2.40183714e-01,2.58665816e-01,-1.36473375e+00,-8.48840902e-03,-1.42517442e+00,1.43680501e+00,-3.60683267e-01,1.59184901e+00,1.68059738e+00,1.15358045e+00,8.15307518e-01,8.67237928e-01,1.97394215e+00,3.66639601e-01],
[-1.08391296,1.11618422,2.24889072,2.11887512,-0.68156279,-0.94922672,-1.89564126,1.03489447,-0.39370304,1.33276855,0.84922471,-1.63869722,2.05869241,-0.60150287,-0.83275037,0.14849088,0.11224785,1.17538234,1.36701881,-0.82696829,0.26086372,0.7588204,0.10612791,-1.3034788,1.78786317,1.02220976,-0.31458146,0.06823258,-0.60861507],
[0.46465546,0.44213148,-0.90754464,-1.00641265,-1.98468744,-0.12393194,0.37720385,0.99671604,-0.52635103,-1.41557945,-0.02401387,1.14271917,-0.87173394,-0.2305632,-1.24472694,-0.00602978,-0.64335784,-0.5622987,-0.42744799,-0.46620633,-1.98286786,-0.32949012,-0.23903641,0.21010187,0.39147667,0.72905369,-0.64791458,0.78785619,-1.43507027],
[-1.2064225,0.40831082,-0.01460378,3.18064452,-0.28948161,-1.61848459,-1.29150582,1.64317751,0.288822,-1.78730153,1.79496927,0.90116294,0.08317314,1.03217237,1.42012657,0.45410291,-0.54458913,1.84317752,0.71357087,1.3767479,-1.03891992,0.31290797,-2.57625579,-2.03636772,0.1281565,1.00545179,0.36746346,1.37773768,0.47676465],
[-0.07982498,-1.4473502,0.93385538,-0.47345633,1.41413065,0.54555752,-1.43704764,0.16131911,-0.2908797,-0.68197551,1.22475584,2.09242829,-0.74657979,1.72253345,0.28597543,-0.0733684,0.71938931,-0.97269335,0.37206718,-0.1851704,-1.32488234,1.8251026,0.35864725,-0.63398639,0.86357448,-1.00216498,1.32532582,0.01255682,0.9053178],
[-0.52131119,0.49922631,0.9059684,1.0174652,0.03089311,0.39569066,0.68559893,-1.2656228,0.97625951,-0.01949998,0.78985948,2.79834578,-1.06586916,0.3088587,0.12877326,-0.87500907,-0.80143475,-0.16244239,-0.31451233,-0.93636739,-1.46064648,-0.3392206,-1.82192458,-0.34872922,1.32790206,-0.34546989,-0.22272467,-0.77152908,-0.75752904],
[-0.37607916,0.11016366,-1.34180903,-1.21349038,-0.89318914,0.85751187,-1.22341684,-0.14521572,1.17965707,-0.72084412,-1.23051358,0.51898349,0.81460401,-2.45204211,1.49414799,0.95301518,0.00782293,0.21584597,-1.10153538,0.8659264,-0.33473914,0.7046468,1.04128153,0.23132204,1.21016029,0.14269615,0.26547684,-0.97175841,1.17112158],
[0.43658805,-1.47033471,-1.63483842,-1.84146058,-0.54492538,0.7728699,1.04794999,-0.65242513,-0.35979168,-1.12869895,-0.74682024,-0.22079781,1.00841202,-0.76111851,1.5927049,-0.16837452,0.41621482,0.96568926,0.03051204,0.52341092,-0.09432776,0.27722783,-0.52751957,0.67316485,-0.97777246,0.44382056,1.89994691,0.2354112,0.91368562],
[1.52246419,-1.05970869,0.69979924,-0.45351989,1.1253767,-0.30103809,1.33434621,-1.03817853,-0.40564435,0.37911236,-0.70739886,0.37791948,-1.97432586,-0.45994166,1.40133486,0.10579835,0.09364648,-0.4314012,-1.29501196,-1.95974582,-0.29639921,0.5121357,0.48349885,0.45140257,-0.26812926,-0.32365522,1.9909134,0.55731424,-0.5113645],
[0.76415704,-0.99568422,-1.76304501,-0.69233281,0.46556667,0.85078155,0.86755083,-2.63028077,-0.41632064,-1.64675463,0.84054469,1.47092047,-0.69049894,0.17586299,1.20422709,-0.73806026,0.1245969,0.82673496,-0.8167188,-0.13469211,0.19495482,1.41836322,0.5657259,-1.0323733,-0.14026021,-0.02699659,0.17338201,-1.09449376,-0.0347483],
[0.36982347,-0.98229496,1.04783533,0.43911111,-1.3734735,-0.41595261,-0.19835455,0.93028436,0.27089548,-0.25466098,1.29868167,-1.63001279,0.17481328,-1.78601073,1.6912508,-0.29244052,-0.45722902,-0.58732209,-0.94754842,0.91180494,1.67799572,-0.74453456,-1.02738885,0.4824565,-0.36813973,0.67925963,0.92343597,-1.48274984,0.12039671],
[-0.14639032,-0.07801453,-0.36039318,-1.65539334,-1.40802848,-2.58780007,-0.20136085,0.38332632,-0.3646946,0.95068191,-0.55131915,0.90150373,0.74454353,-0.66246716,-0.57122414,0.46640165,-1.50663503,1.5636949,-1.07278432,-0.86363656,1.18397857,-1.22628916,-0.35857099,0.27902951,0.85699391,0.66235151,0.44911444,-2.62974052,1.17885633],
[-0.60556421,0.78484267,0.56738348,-0.34281781,0.7380763,0.34927339,-0.42961066,-0.18750424,-0.7900736,-0.90920745,0.69317344,1.50441057,0.33533794,-0.79473164,0.22230862,1.91572122,0.50622842,1.35974503,-0.82440649,-0.32701331,-0.59650143,1.21714814,0.35100929,-1.03815226,-0.56952426,1.25466872,0.19818463,-1.57322933,0.20852387],
[1.4951953,-1.88202695,-0.71728306,0.63614227,0.92575411,0.10075045,1.66369672,0.0891892,-0.80808798,0.33721036,-0.14309934,-1.55307663,-0.05875157,0.19662967,-0.44137206,-0.14413032,-0.84743581,0.78965614,-0.79901748,0.70097717,-0.0806831,-0.49571855,-1.71841342,0.75481712,1.03878526,0.76933421,-0.37946638,-1.71085632,0.82814859],
[1.46814203,0.61802931,0.60361692,0.04306977,0.67719028,-0.7015771,0.66463324,-0.06182594,-0.46926957,1.08976514,0.6740517,-0.54778615,1.39561242,-0.63531707,-0.35101627,0.10923637,0.60095619,0.25961063,-1.02237807,1.34548874,0.34742146,-2.47753221,-0.03467633,-1.75371244,1.8141878,0.45106606,-0.20140289,0.4134602,-0.92283812],
[-2.43894968,-0.53864314,-0.81927225,0.60520202,-0.33921212,-0.23745165,-1.41633183,1.06814007,0.28599648,0.56192638,-0.32450861,-0.06319892,-0.26592772,-0.63576328,-2.17902785,1.2077233,0.73960756,-0.63768651,0.79687385,0.17101635,-2.14149262,0.85729496,-1.40878244,0.34018299,-0.09417009,1.87717736,-1.18630481,-0.38863489,-0.41486895],
[0.13492247,0.42864981,-0.19685623,1.26212261,0.45311449,-0.40556817,-0.57886499,-0.49353722,0.45903584,-0.90946442,0.6475638,1.25675118,-1.18690963,-0.74162112,0.36460103,0.62285403,0.49661074,-1.09661959,0.13301504,-1.33572249,-1.68270556,0.02477075,0.11505782,0.14201051,0.13810341,-0.26362014,-0.44790271,-0.14754325,-0.57622672],
[0.28700438,-1.31540014,1.37814258,0.41591208,1.6152688,0.74643977,-1.50423469,0.130792,0.10638125,-0.34643794,1.20051947,1.92214127,0.38940456,-0.77108388,-1.76566487,-0.11232781,1.20042961,1.02657793,-1.50467143,0.53217036,-0.30881833,0.52582976,0.14381419,-2.33721408,-0.70999383,-0.01433031,0.21677541,1.37193546,-0.85211087],
[-1.00057516,0.50815123,-0.02160771,-0.4841714,0.48117715,0.95696554,-0.76616124,-0.02771588,-0.52843453,-1.43894572,-0.80119104,1.60304616,0.43551039,-0.57687695,1.09577117,2.01706362,-0.40946278,0.66107647,-1.13972226,0.06700822,-1.1882999,-1.06859514,1.90451214,0.00514174,-1.54865956,-0.92150335,2.58621691,-1.90369008,-1.37694465],
[-0.26898274,0.41172832,0.79556865,0.65237846,1.30882543,0.70771195,1.50721487,1.36632967,0.26665631,-1.12802571,-0.93843004,-0.93170423,-1.07290937,-0.46617315,-1.1731053,-0.03408354,-0.19258829,-0.9987906,0.62795615,0.65349595,0.12957111,0.82403322,0.43698954,-1.38496856,-1.01812057,0.27429652,-1.73096594,-0.39635911,-1.51982124],
[-1.55841415,1.62107801,-0.13577156,0.26958272,0.39069411,-0.86411826,-0.00877609,0.88483983,1.1035026,2.1528741,1.1972663,1.45915043,-0.34167471,1.92577503,0.8940446,0.55221522,1.15520171,0.9916726,0.19234465,-0.5400604,-0.22425177,-0.93512932,1.33045255,0.29361693,-1.21204165,-0.50045393,0.5421641,-0.97949699,-1.14508099],
[-0.63110069,1.00735768,0.97396083,-0.31557748,0.05784351,1.32969947,-0.49829421,1.23428102,-1.90706806,1.38280651,-0.13700528,-0.11759319,1.6957317,-0.64383256,1.75477624,-0.99103461,1.21089393,-0.28779374,-0.98109445,-0.97974942,1.71389689,0.06568606,-0.59757903,0.31231441,-0.41179876,-1.28592488,-2.44663407,1.55421765,-1.50783056],
[0.63530077,0.10545134,-0.02495793,-0.87855631,-0.73448009,1.14471929,0.28948699,-0.21292048,-0.45804813,-0.33597434,1.26429662,0.28622372,0.3498937,0.0545231,0.46776287,-0.19263185,0.14741354,-1.27364722,0.85804342,-0.96262516,-0.8915944,-0.76159865,-0.21944894,2.10087052,-0.6703096,-2.90119899,-0.74840543,-1.08769697,0.90808163],
[-10.59476314,10.64339103,-10.40120213,10.05860921,9.53923703,0.29651336,0.16597224,0.30990307,0.9547687,0.57409202,0.85917385,-1.2386006,-0.08877794,0.65449538,-1.01662451,-1.67441372,1.04701568,-0.84965623,-0.85752788,1.37405036,2.10778459,1.07683198,-0.61317032,0.10648843,0.28515048,1.23246487,0.75758242,1.35488387,1.27565454],
[-0.8330724,1.16379989,-0.7367277,-0.22517902,-0.5538308,1.69786635,-0.06134709,-0.34545318,0.17317721,-0.40834243,-0.18885694,1.28487375,1.47021639,0.7090844,0.15478588,-4.38059111,-1.38572273,-0.37986764,0.82850405,0.3507177,-1.47710747,-0.25493981,1.580122,0.33602996,0.54481405,1.29019994,0.46160254,-1.65634773,-0.33818541],
[-1.29996691,-0.68606383,-2.01333763,0.21673499,-1.59664164,0.7180706,-0.13697643,1.50178577,-1.78894971,0.21225479,-1.31946774,0.8599933,-0.49579554,1.43149095,0.90695016,-0.7036349,0.03137885,-0.73218351,0.95442847,1.89428831,1.36828201,-0.56822263,0.10143936,-1.20333691,1.27254793,0.0903883,0.37835671,0.0892023,-1.0084212],
[0.17580352,0.24578895,0.71279775,0.63354474,0.44543739,-1.77891965,0.66703169,-2.7461364,-2.0876804,-0.05191041,-0.62024281,0.77715401,-0.24022211,0.9343104,0.28003155,0.5317788,-0.57400355,-0.69092389,1.19755086,-0.06915417,0.22190342,0.99004729,0.71392963,0.98443163,-1.30575048,-0.93771834,0.98676748,-1.37023989,0.44843067],
[-0.39215147,1.0129113,1.76595199,0.4828597,2.08645104,1.19183385,-0.81564873,0.57316963,0.74564421,0.00541272,-2.27063911,0.17665366,-0.82764937,-0.35863797,-0.506457,1.98644613,-1.38567462,-0.53362154,-1.71636876,0.43628188,-0.7210891,2.01300725,1.79298034,-0.42512551,-0.22027947,-0.91328047,1.06413634,-0.00549997,0.55656396],
[-0.47604169,-0.29383063,-1.2944737,0.85642702,2.69131533,0.94287154,0.05399874,-0.09278499,1.20192922,1.15467719,1.63076052,0.21429442,0.94582117,0.41150737,-0.67645815,-1.7889505,-0.94194097,1.15944698,0.94769823,1.03586585,0.58129217,0.47271595,0.3847972,-0.3594969,0.8563176,0.55974207,-0.74761903,0.7819171,-1.30071428],
[0.28064057,0.79574906,-0.59009017,1.34233149,-0.81996723,0.19519576,-0.29641721,1.89747756,-1.62492812,-1.17876409,-0.13901925,-0.34767218,0.14845996,2.10324835,1.64321844,1.04457995,-0.29467386,1.36868572,-1.54936467,0.00434706,-1.29314091,-1.2425316,0.39796795,-0.26861068,-0.94829941,-0.40663324,0.3362732,1.49330514,0.79671152],
[0.51073224,-1.34121624,-0.95755365,0.36548618,-0.08456724,2.30460804,0.9272423,-1.19748054,-0.3778262,-2.21366812,-0.41614085,-0.13474552,-0.10959571,-0.46046232,1.11335442,1.25454561,-0.27267001,-0.64783538,-2.24985132,1.55247066,1.63418269,1.54134943,1.70900419,-0.46542346,0.13027747,0.24875418,0.01905709,0.64571,0.14507893],
[-1.14314423,-1.31231151,0.5565342,-0.17088843,0.05614019,-0.31890073,0.52850528,0.93025979,-0.20595154,0.59307868,-0.06152266,-0.63029917,-0.9749892,-2.04696564,-0.61018638,-0.03806691,1.9325782,0.23501661,0.06068651,-0.47298151,-0.58528906,0.40590242,1.0427325,-0.60373416,-1.16798547,0.07025346,0.16329345,0.42307488,0.25173467],
[8.15528983e+00,-7.74701346e+00,-1.00039329e+01,1.14070883e+01,9.33420736e+00,8.70611985e-01,-2.32935276e-01,9.65833248e-02,-4.82888834e-01,-1.61874959e-01,-1.83387889e+00,8.38585497e-03,1.46681026e+00,8.52013795e-01,1.32344267e+00,8.99644805e-01,-3.31071972e-01,-4.60082997e-01,-7.79327735e-02,-2.01036447e-01,1.18473874e+00,-2.24882331e-01,1.23922116e+00,7.99391012e-01,-6.69851935e-01,9.50984242e-01,7.38310318e-01,-6.28764267e-01,-9.93075182e-01],
[0.28240667,1.54214591,1.57553576,-2.198843,0.48106155,-1.21650883,1.19710564,-1.44642259,0.39754536,0.71448153,-0.06822395,1.28399901,-0.55938373,-0.11804907,-0.77730386,0.29702379,0.85115943,-1.23117467,-1.05572464,-0.015824,0.03186666,-0.27915921,-1.44656991,-0.66520007,2.09811351,-0.66419094,-0.85687153,0.82978579,-1.25282182],
[0.49978609,0.19907224,0.20157608,-0.05672267,1.16497451,1.10626463,-1.7815956,1.54734823,0.05430394,0.70540402,-0.15343983,-0.48507636,0.45439096,-1.35368064,-0.56934845,-0.66555671,-1.0729622,0.27273727,-0.09166483,0.46888123,-0.60923277,0.82301387,-1.48231856,0.85342573,0.34637558,-0.14363426,0.01908586,-0.64639705,1.13615757],
[0.46531821,0.07618327,-1.0142252,1.24465395,0.51317447,-0.98455931,-0.57744348,-1.10821352,0.07104903,-1.44124873,0.9540762,-0.4698725,-0.49231987,0.82680342,-0.82637548,0.34634787,0.44640347,-0.71114741,0.54579785,0.65664786,0.71377473,0.69415712,-0.07115785,1.66879321,-1.14867718,-1.02981153,0.35345187,-1.93630039,0.92706678]]
[4.39387195e+00,-2.84575036e+00,-1.32085561e+00,-3.34709112e+00,4.05434176e+00,-1.58061749e+00,-5.98389127e-01,-2.88323071e+00,4.67169386e+00,-8.81726661e-01,2.11994935e+00,-5.64652803e+00,-3.44426215e+00,-2.40086916e+00,2.39548263e-01,-2.62809081e+00,3.98795605e+00,3.77761850e+00,-6.79974337e-01,4.71997758e-02,-8.13809890e+00,3.28125094e+00,-8.07230326e+00,-1.59230574e+00,6.82615223e-01,3.35811270e-01,7.89709423e-01,2.03136896e+00,2.34286563e+00,-5.36620820e-01,3.30115911e+00,-1.22821845e+01,-8.80894320e-01,-1.64676351e+00,7.34541908e-02,1.35625811e+00,5.35701436e-01,-5.05130791e-02,-2.06684279e+00,5.67529814e-01,-3.52908577e+00,-2.06085675e+00,2.36338576e+00,2.95749079e+00,-1.11054622e+00,-1.50431146e+00,8.52728196e-01,2.90335028e+00,2.14060185e+00,-3.41608631e+00,-2.59058444e+00,2.86214135e+00,-6.75284186e-01,-1.21332965e+01,-8.39003707e-01,5.32961096e+00,-2.39626199e+00,-9.56089163e-01,-2.27879736e+00,-1.19490369e+00,-1.28168383e+00,2.19222701e+00,1.09045262e+00,-1.07194694e+01,2.87723685e+00,3.25437844e+00,-2.53373072e+00,1.37456999e+00,4.65790425e-01,3.18463627e+00,-2.13253502e+00,-4.01420540e+00,8.95088343e-01,-1.68477295e+00,-7.19095719e-01,-6.21788165e+00,5.00271182e-01,2.35948167e-01,2.54882901e+00,-4.60872830e+00,2.14442363e+00,2.02227137e+00,5.81657284e-01,4.48808454e+00,-4.93668683e-01,2.85830809e+00,1.78522233e+00,-7.32269754e+00,-2.49549494e-01,-5.71074091e+00,3.48287488e-01,6.52483601e+00,4.69808165e+00,-3.40605381e-03,-6.73424756e-01,-1.38840854e+00,-9.35304798e+00,1.78288094e+00,3.39098524e+00,5.38416798e-01]